,en,ru,fr
0,sparse,скудные,maigre
1,sparse,скудная,no_equality
2,sparse,разрозненные,incomplète
3,sparse,разрозненными,no_equality
4,sparse,малочисленным,no_equality
5,sparse,незначительной,no_equality
6,sparse,невелик,no_equality
7,sparse,малонаселенности,no_equality
8,sparse,небогата,no_equality
9,teasers,дразнилки,no_equality
10,teasers,тизеры,no_equality
11,Satanic,сатанинский,satanique
12,Satanic,сатанинскую,no_equality
13,Satanic,дьявольская,diabolique
14,Satanic,сатанистов,sataniste
15,Satanic,сатанинскими,no_equality
16,Satanic,сатанистской,no_equality
17,Satanic,satanic,no_equality
18,Satanic,сатанизм,no_equality
19,Satanic,мельниц сатаны,no_equality
20,Satanic,сатанической,no_equality
21,connoting,значение,signification
22,intimated,намекнул,a insinué
23,intimated,намекнул,a sous-entendu
24,intimated,намекнул,a laissé entendre
25,intimated,дал понять,no_equality
26,intimated,намекал,a insinué
27,intimated,намекал,a laissé entendre
28,inhibiting,препятствующих,no_equality
29,inhibiting,препятствующим,empêchant
30,inhibiting,сдерживающих,entravant
31,inhibiting,препятствует,empêcher
32,inhibiting,препятствует,empêche
33,inhibiting,препятствующие,empêchant
34,inhibiting,препятствующие,entravant
35,inhibiting,ингибирования,no_equality
36,inhibiting,сдерживающим,no_equality
37,inhibiting,мешающих,entravant
38,inhibiting,препятствующий,no_equality
39,inhibiting,препятствуя,no_equality
40,inhibiting,сдерживающими,no_equality
41,inhibiting,сдерживающие,no_equality
42,inhibiting,тормозящих,no_equality
43,inhibiting,подавления,no_equality
44,inhibiting,препятствующими,empêchant
45,inhibiting,препятствующими,entravant
46,impermeable,непроницаемый,étanche
47,impermeable,водонепроницаемый,étanche
48,Macedonia,македония,macédoine
49,Macedonia,македония,macédonien
50,Macedonia,македонии,macédoine
51,Macedonia,македонии,macédonien
52,Macedonia,македонией,macédoine
53,Macedonia,македонию,macédoine
54,reflexly,рефлекс,réflexe
55,reflexly,рефлекторный,no_equality
56,reflexly,рефлексный,no_equality
57,reflexly,рефлекторно,no_equality
58,reflexly,привычке,réflexe
59,reflexly,рефлекторной,no_equality
60,smoked,копченый,fumé
61,smoked,курил,no_equality
62,smoked,курила,no_equality
63,smoked,курили,no_equality
64,smoked,выкурил,fumais
65,smoked,выкурила,no_equality
66,smoked,курят,fumaient
67,smoked,курят,fument
68,smoked,курят,fumant
69,smoked,курят,fumeur
70,smoked,скурил,no_equality
71,smoked,куришь,no_equality
72,smoked,курю,no_equality
73,smoked,курит,no_equality
74,smoked,выкурили,fumé
75,smoked,курить,no_equality
76,smoked,поджарил,no_equality
77,smoked,выкуривал,fumait
78,stung,ужаленный,no_equality
79,stung,уязвленный,no_equality
80,partisan,партизан,partisan
81,partisan,сторонник,partisan
82,partisan,узкопартийных,no_equality
83,partisan,партии,no_equality
84,partisan,пристрастных,partisan
85,partisan,партизанских,no_equality
86,partisan,тенденциозных,partisan
87,partisan,партийных,partisan
88,partisan,партийной,partisan
89,partisan,партизанской,no_equality
90,partisan,предвзятых,no_equality
91,partisan,партийными,partisan
92,partisan,пристрастным,partial
93,partisan,предвзятая,no_equality
94,partisan,предвзятой,no_equality
95,accompanied,сопровождаемый,accompagné
96,accompanied,сопряженный,no_equality
97,accompanied,сопутствуемый,no_equality
98,accompanied,подающийся,no_equality
99,accompanied,в сопровождении,no_equality
100,tosses,бросает,jette
101,tosses,бросает,balance
102,tosses,бросков,no_equality
103,tosses,швыряет,jette
104,tosses,швыряет,balance
105,tosses,выкидывает,jette
106,tosses,выкидывает,balance
107,tosses,выбрасывает,jette
108,tosses,бросит,no_equality
109,tosses,подбрасываний,no_equality
110,weldment,сварная конструкция,no_equality
111,weldment,сварное изделие,no_equality
112,weldment,сварка,soudure
113,accomplishments,достижения,réalisation
114,accomplishments,достижения,réussite
115,accomplishments,достижений,no_equality
116,accomplishments,достижениями,réalisation
117,accomplishments,достижениями,accomplissement
118,accomplishments,достижениями,résultats obtenus
119,accomplishments,достижениями,succès
120,accomplishments,достижениями,acquis
121,accomplishments,достижениями,avancée
122,accomplishments,достижениях,no_equality
123,accomplishments,результатов,no_equality
124,accomplishments,результаты,no_equality
125,accomplishments,успехи,réalisation
126,accomplishments,успехи,accomplissement
127,accomplishments,успехи,succès
128,accomplishments,успехи,acquis
129,accomplishments,успехи,réussite
130,accomplishments,успехи,avancée
131,accomplishments,достижениям,réalisation
132,accomplishments,достижениям,accomplissement
133,accomplishments,достижениям,résultats obtenus
134,accomplishments,достижениям,succès
135,accomplishments,достижениям,acquis
136,accomplishments,достижениям,réussite
137,accomplishments,достижениям,avancée
138,accomplishments,успехов,réalisation
139,accomplishments,успехов,succès
140,accomplishments,успехов,acquis
141,accomplishments,успехов,réussite
142,accomplishments,успехов,avancée
143,accomplishments,результатами,réalisation
144,accomplishments,достигнутые,réalisation
145,accomplishments,достигнутые,succès
146,accomplishments,достигнутые,acquis
147,accomplishments,достигнутые,accompli
148,accomplishments,достигнутые,avancée
149,accomplishments,достигнутых результатах,résultats obtenus
150,accomplishments,достигнутых результатах,progrès accomplis
151,accomplishments,свершения,réalisation
152,accomplishments,свершения,accomplissement
153,accomplishments,свершений,no_equality
154,accomplishments,результатам,réalisation
155,roiling,загрязнение,no_equality
156,roiling,охватили,no_equality
157,conclusions,оргвыводы,no_equality
158,Malaysias,малазийский,no_equality
159,Malaysias,малайзийский,no_equality
160,Malaysias,малайзии,malaisie
161,Malaysias,малайзии,malaisien
162,Malaysias,малайзии,malais
163,Malaysias,малайзии,malaysia
164,Malaysias,малазийские,no_equality
165,Malaysias,малайской,no_equality
166,Malaysias,малайзийском,malaisien
167,Malaysias,малайзия,malaisie
168,Malaysias,малайзия,malaysia
169,heuristics,эвристика,no_equality
170,heuristics,эвристический,no_equality
171,heuristics,heuristics,no_equality
172,committals,госпитализации,hospitalisation
173,committals,стационарах соответствующего,hospitalisation
174,humanitarianism,гуманизм,humanitarisme
175,humanitarianism,гуманизм,humanisme
176,humanitarianism,идеи гуманизма,humanitarisme
177,humanitarianism,идеи гуманизма,humanisme
178,humanitarianism,идеи гуманизма,humanité
179,precisions,уточнений,précision
180,abandoned,заброшенный,abandonné
181,abandoned,заброшенный,désaffecté
182,abandoned,законсервированный,no_equality
183,abandoned,отвергнутый,no_equality
184,generalization,обобщение,généralisation
185,generalization,генерализация,no_equality
186,generalization,всеобщем применении,no_equality
187,generalization,универсализации,généraliser
188,generalization,генерализации,no_equality
189,generalization,общие выводы,généralisation
190,joker,джокер,joker
191,joker,шутник,no_equality
192,joker,шутница,no_equality
193,ruthlessly,безжалостно,impitoyablement
194,ruthlessly,безжалостно,sans pitié
195,ruthlessly,безжалостно,sans merci
196,ruthlessly,безжалостно,cruellement
197,ruthlessly,беспощадно,impitoyablement
198,ruthlessly,беспощадно,sans pitié
199,ruthlessly,беспощадно,sans merci
200,ruthlessly,безжалостной,no_equality
201,hold,провести,tenir
202,hold,держать,tenir
203,hold,держать,maintenir
204,hold,держать,retenir
205,hold,держать,garder
206,hold,держать,conserver
207,hold,проводить,tenir
208,hold,проводить,organiser
209,hold,проводить,appliquer
210,hold,подождать,attendre
211,hold,держаться,tenir
212,hold,держаться,garder
213,hold,держаться,se tenir
214,hold,занимать,tenir
215,hold,занимать,occuper
216,hold,занимать,assumer
217,hold,подержать,tenir
218,hold,подержать,garder
219,hold,удержать,tenir
220,hold,удержать,maintenir
221,hold,удержать,retenir
222,hold,удержать,garder
223,hold,удержать,contenir
224,hold,удержать,conserver
225,hold,проведение,tenue
226,hold,трюм,cale
227,hold,трюм,soute
228,hold,удерживать,tenir
229,hold,удерживать,maintenir
230,hold,удерживать,retenir
231,hold,удерживать,détenir
232,hold,удерживать,garder
233,hold,удерживать,conserver
234,hold,задержать,retenir
235,hold,задержать,détenir
236,hold,задержать,garder
237,hold,взять,garder
238,hold,привлечь,no_equality
239,hold,обнять,no_equality
240,hold,привлекать,retenir
241,hold,считать,croire
242,hold,придерживаться,maintenir
243,hold,придерживаться,garder
244,hold,придерживаться,se tenir
245,hold,придерживаться,appliquer
246,hold,сохранить,tenir
247,hold,сохранить,maintenir
248,hold,сохранить,retenir
249,hold,сохранить,garder
250,hold,сохранить,conserver
251,hold,хранить,tenir
252,hold,хранить,maintenir
253,hold,хранить,détenir
254,hold,хранить,garder
255,hold,хранить,conserver
256,hold,содержать,tenir
257,hold,содержать,maintenir
258,hold,содержать,détenir
259,hold,содержать,garder
260,hold,содержать,contenir
261,hold,поддерживать,maintenir
262,hold,поддерживать,garder
263,hold,поддерживать,conserver
264,hold,вместить,contenir
265,hold,приём,no_equality
266,hold,придерживать,retenir
267,asphyxiating,удушающих,no_equality
268,asphyxiating,удушливых,no_equality
269,asphyxiating,удушающие,no_equality
270,heart,сердце,coeur
271,heart,сердце,âme
272,heart,сердце,fond
273,heart,сердечная,coeur
274,heart,душа,âme
275,heart,суть,fond
276,heart,сердечко,coeur
277,heart,сердцевина,no_equality
278,heart,мнение,avis
279,heart,сердечный,cardiaque
280,heart,центральное место,no_equality
281,heart,основу,no_equality
282,heart,сердечно-сосудистых,no_equality
283,heart,сердечно-сосудистые,no_equality
284,heart,духом,courage
285,heart,сердечник,no_equality
286,heart,харт,heart
287,movabilities,мои способности,no_equality
288,movabilities,моих способностях,no_equality
289,movabilities,свои способности,no_equality
290,movabilities,моих способностей,no_equality
291,movabilities,моими способностями,no_equality
292,movabilities,моих возможностей,no_equality
293,movabilities,своих способностях,no_equality
294,movabilities,своими способностями,no_equality
295,movabilities,мои возможности,no_equality
296,movabilities,моим способностям,no_equality
297,movabilities,своих способностей,no_equality
298,movabilities,свои силы,no_equality
299,movabilities,свои возможности,no_equality
300,movabilities,своих сил,no_equality
301,movabilities,своих возможностей,no_equality
302,worldliness,поглощенность земными заботами,no_equality
303,commends,выражает признательность,salue
304,commends,выражает признательность,se félicite
305,commends,выражает признательность,rend hommage
306,commends,выражает признательность,remercie
307,commends,выражает признательность,sait gré
308,commends,выражает признательность,apprécie
309,commends,высоко оценивает,salue
310,commends,высоко оценивает,se félicite
311,commends,высоко оценивает,rend hommage
312,commends,высоко оценивает,loue
313,commends,высоко оценивает,remercie
314,commends,высоко оценивает,sait gré
315,commends,высоко оценивает,accueille avec satisfaction
316,commends,высоко оценивает,se réjouit
317,commends,высоко оценивает,apprécie
318,commends,приветствует,salue
319,commends,приветствует,se félicite
320,commends,приветствует,accueille avec satisfaction
321,commends,приветствует,approuve
322,commends,приветствует,se réjouit
323,commends,приветствует,apprécie
324,commends,приветствует,applaudit
325,commends,воздает должное,salue
326,commends,воздает должное,rend hommage
327,commends,воздает должное,loue
328,commends,благодарит,no_equality
329,commends,одобряет,salue
330,commends,одобряет,se félicite
331,commends,одобряет,accueille avec satisfaction
332,commends,одобряет,approuve
333,commends,одобряет,se réjouit
334,commends,отдает должное,salue
335,commends,отдает должное,rend hommage
336,commends,отдает должное,sait gré
337,commends,дает высокую оценку,salue
338,commends,дает высокую оценку,se félicite
339,commends,дает высокую оценку,rend hommage
340,commends,дает высокую оценку,sait gré
341,commends,дает высокую оценку,accueille avec satisfaction
342,commends,дает высокую оценку,apprécie
343,commends,дает высокую оценку,applaudit
344,commends,выражает удовлетворение,salue
345,commends,выражает удовлетворение,se félicite
346,commends,выражает удовлетворение,se réjouit
347,commends,положительно оценивает,salue
348,commends,положительно оценивает,se félicite
349,commends,положительно оценивает,loue
350,commends,положительно оценивает,accueille avec satisfaction
351,commends,положительно оценивает,apprécie
352,commends,признателен,remercie
353,commends,признателен,sait gré
354,commends,признателен,apprécie
355,commends,признательна,salue
356,commends,признательна,se félicite
357,commends,признательна,remercie
358,commends,признательна,sait gré
359,commends,признательна,apprécie
360,commends,рекомендует,no_equality
361,commends,выражает благодарность,remercie
362,commends,выражает благодарность,sait gré
363,commends,позитивно оценивает,salue
364,commends,позитивно оценивает,se félicite
365,commends,позитивно оценивает,loue
366,blockading,блокада,blocus
367,blockading,блокада,blocage
368,blockading,блокада,bouclage
369,blockading,блокирование,blocage
370,blockading,блокирование,bouclage
371,blockading,блокирует,bloquer
372,blockading,блокирует,bloquent
373,brilliancy,яркость,no_equality
374,brilliancy,великолепие,no_equality
375,brilliancy,блеск,no_equality
376,elaborate,разработать,élaborer
377,elaborate,разработать,développer
378,elaborate,разработать,définir
379,elaborate,разработать,formuler
380,elaborate,разрабатывать,élaborer
381,elaborate,разрабатывать,développer
382,elaborate,разрабатывать,définir
383,elaborate,разрабатывать,formuler
384,elaborate,выработать,élaborer
385,elaborate,выработать,développer
386,elaborate,выработать,définir
387,elaborate,выработать,formuler
388,elaborate,подготовить,no_equality
389,elaborate,уточнить,préciser
390,elaborate,уточнить,expliquer
391,elaborate,доработать,préciser
392,elaborate,доработать,développer
393,elaborate,развить,développer
394,elaborate,развить,approfondir
395,elaborate,проработать,no_equality
396,elaborate,сложный,complexe
397,elaborate,сложный,compliqué
398,elaborate,подробный,détaillé
399,elaborate,разработки,no_equality
400,elaborate,разработке,no_equality
401,elaborate,разработка,no_equality
402,elaborate,выработки,no_equality
403,elaborate,конкретизировать,préciser
404,elaborate,развивать,élaborer
405,elaborate,развивать,développer
406,elaborate,уточнять,préciser
407,distractedly,растерянно,no_equality
408,distractedly,отвлеченно,no_equality
409,distractedly,в смятении,no_equality
410,hankies,носовых платков,no_equality
411,hankies,носовые платки,mouchoir
412,hankies,платками,mouchoir
413,Danubes,дунай,danube
414,Danubes,дунайский,no_equality
415,Danubes,дунайской,no_equality
416,Danubes,дуная,danube
417,Danubes,дунаю,danube
418,Danubes,дунае,no_equality
419,Danubes,дунайская,danube
420,Danubes,придунайских,no_equality
421,Danubes,дунайском,danube
422,Danubes,придунайском,no_equality
423,Danubes,дунаем,no_equality
424,Danubes,придунайского,no_equality
425,Danubes,дунайскую,no_equality
426,eavess,карниз,no_equality
427,inebriate,пьянить,no_equality
428,corroding,разъедание,no_equality
429,dickering,торговля,no_equality
430,authoritatively,авторитетно,avec autorité
431,authoritatively,решительно,no_equality
432,authoritatively,властно,no_equality
433,legacies,наследия,legs
434,legacies,наследия,héritage
435,legacies,наследия,séquelle
436,legacies,наследия,patrimoine
437,legacies,наследия,vestige
438,legacies,наследие,legs
439,legacies,наследие,héritage
440,legacies,наследие,séquelle
441,legacies,наследие,patrimoine
442,legacies,наследие,vestige
443,legacies,наследие,légué
444,legacies,наследием,legs
445,legacies,наследием,héritage
446,legacies,наследием,séquelle
447,legacies,наследием,patrimoine
448,legacies,наследий,no_equality
449,legacies,последствий,séquelle
450,legacies,наследство,legs
451,legacies,наследство,héritage
452,legacies,наследство,patrimoine
453,legacies,завещаний,no_equality
454,legacies,прошлого,no_equality
455,lifestyles,образа жизни,mode de vie
456,lifestyles,образа жизни,styles de vie
457,lifestyles,образа жизни,comportement
458,lifestyles,образ жизни,no_equality
459,lifestyles,образе жизни,mode de vie
460,lifestyles,образе жизни,styles de vie
461,lifestyles,образу жизни,mode de vie
462,lifestyles,образом жизни,mode de vie
463,lifestyles,стиль жизни,mode de vie
464,lifestyles,стиль жизни,styles de vie
465,lifestyles,уклад жизни,mode de vie
466,lifestyles,образов жизни,modes de vie
467,lifestyles,стиля жизни,mode de vie
468,lifestyles,стилей жизни,styles de vie
469,lifestyles,жизненных укладов,no_equality
470,lifestyles,уклада жизни,mode de vie
471,lifestyles,жизненный уклад,no_equality
472,voluptuousness,сладострастие,volupté
473,voluptuousness,чувственность,no_equality
474,rubberized,прорезиненный,no_equality
475,rubberized,покрытый резиной,no_equality
476,rubberized,обрезиненный,no_equality
477,bloodhounds,ищейки,limier
478,bloodhounds,ищеек,limier
479,bloodhounds,ищейками,no_equality
480,Alsaces,эльзас,no_equality
481,Alsaces,эльзаса,no_equality
482,Alsaces,эльзас,no_equality
483,Alsaces,эльзасе,no_equality
484,Alsaces,альсасе,no_equality
485,aesthetics,эстетика,esthétique
486,aesthetics,внешний вид,aspect
487,aesthetics,внешний вид,apparence
488,aesthetics,эстетических,esthétique
489,aesthetics,эстетические,esthétique
490,aesthetics,эстетичность,no_equality
491,aesthetics,эстетическими,no_equality
492,aesthetics,самостроя,no_equality
493,aesthetics,улучшению эстетического облика,no_equality
494,aesthetics,эстетичности,no_equality
495,groups,групп,groupe
496,groups,групп,groupement
497,groups,групп,catégorie
498,groups,групп,association
499,groups,группы,groupe
500,groups,группы,catégorie
501,groups,группы,association
502,groups,группами,groupe
503,groups,группами,groupement
504,groups,группами,catégorie
505,groups,группами,association
506,groups,группами,organisation
507,groups,группам,groupe
508,groups,группах,groupe
509,groups,группах,groupement
510,groups,группах,catégorie
511,groups,группировок,groupe
512,groups,группировок,groupement
513,groups,группировками,groupe
514,groups,группировками,groupement
515,groups,группировками,regroupement
516,groups,группировки,groupe
517,groups,населения,groupe
518,groups,формирований,groupe
519,groups,формирований,formation
520,groups,группировкам,no_equality
521,groups,категорий,groupe
522,groups,категорий,catégorie
523,groups,категорий,classe
524,groups,объединений,groupe
525,groups,объединений,groupement
526,groups,объединений,association
527,groups,объединений,organisation
528,groups,слоев,no_equality
529,groups,формированиями,groupe
530,monitors,наблюдателей,no_equality
531,monitors,контролирует,surveille
532,monitors,контролирует,contrôle
533,monitors,контролирует,suit
534,monitors,контролирует,veille
535,monitors,контролирует,supervise
536,monitors,контролирует,contrôler
537,monitors,следит за,surveille
538,monitors,следит за,surveiller
539,monitors,следит за,supervise
540,monitors,следит за,vérifie
541,monitors,наблюдатели,observateur
542,monitors,наблюдатели,contrôleur
543,monitors,отслеживает,surveille
544,monitors,отслеживает,suit
545,monitors,мониторы,moniteur
546,monitors,мониторы,écran
547,monitors,мониторы,contrôleur
548,monitors,осуществляет контроль за,surveille
549,monitors,осуществляет контроль за,contrôle
550,monitors,осуществляет контроль за,supervise
551,monitors,осуществляет мониторинг,surveille
552,monitors,мониторов,no_equality
553,monitors,наблюдателям,no_equality
554,monitors,наблюдателями,observateur
555,monitors,наблюдает за,surveille
556,monitors,наблюдает за,suit
557,monitors,наблюдает за,supervise
558,monitors,контролеров,observateur
559,monitors,контролеров,contrôleur
560,monitors,мониторах,moniteur
561,monitors,мониторах,écran
562,monitors,осуществляет наблюдение за,supervise
563,seedy,убогий,miteux
564,seedy,захудалый,no_equality
565,seedy,убогим,no_equality
566,seedy,захудалых,no_equality
567,seedy,жалкий,minable
568,seedy,рыхлой ткани молочных,no_equality
569,etherize,теоретизировать,no_equality
570,etherize,строить теоретические положения,théorie
571,etherize,создавать теорию,théorie
572,etherize,считают,no_equality
573,etherize,предполагают,supposent
574,etherize,предполагать,no_equality
575,etherize,полагаю,no_equality
576,planers,дорожных фрез,no_equality
577,Marches,марши,manifestation
578,Marches,марши,défilé
579,Marches,шествий,marche
580,Marches,шествий,manifestation
581,Marches,шествий,défilé
582,Marches,шествий,cortège
583,Marches,маршей,défilé
584,Marches,шествия,défilé
585,Marches,шествия,cortège
586,Marches,маршах,no_equality
587,Marches,демонстраций,manifestation
588,Marches,шествиях,défilé
589,Marches,манифестаций,no_equality
590,Marches,надвигается,no_equality
591,Marches,шествие,défilé
592,Marches,шествие,cortège
593,estrangement,отчуждение,no_equality
594,estrangement,отчужденность,no_equality
595,retelling,пересказ,no_equality
596,retelling,пересказывание,no_equality
597,solemnization,празднование,célébration
598,solemnization,церемонии бракосочетания,no_equality
599,patrons,покровителей,patron
600,patrons,покровителей,mécène
601,patrons,покровителей,protecteur
602,patrons,покровителей,commanditaire
603,patrons,покровителей,bienfaiteur
604,patrons,покровители,mécène
605,patrons,покровители,protecteur
606,patrons,покровители,parrain
607,patrons,покровители,commanditaire
608,patrons,посетителей,client
609,patrons,посетителей,visiteur
610,patrons,клиенты,client
611,patrons,покровителями,no_equality
612,patrons,посетители,client
613,patrons,посетители,visiteur
614,patrons,попечителей,no_equality
615,patrons,патронов,no_equality
616,patrons,клиентам,client
617,patrons,клиентам,clientèle
618,patrons,патроны,no_equality
619,patrons,меценаты,no_equality
620,patrons,постоянных клиентов,habitué
621,patrons,спонсоров,parrain
622,patrons,спонсоров,commanditaire
623,overlays,накладками,no_equality
624,overlays,накладываемые изображения,no_equality
625,overlays,оверлеях,no_equality
626,overlays,накладываемых изображений аналогичны,no_equality
627,overlays,оверлеев,no_equality
628,socialites,светские львицы,no_equality
629,socialites,знаменитостей,no_equality
630,socialites,львицами,no_equality
631,congratulations,поздравления,félicitation
632,congratulations,поздравляю,félicitation
633,congratulations,поздравляю,bravo
634,congratulations,поздравляем,félicitation
635,congratulations,признательность,félicitation
636,congratulations,поздравлений,félicitation
637,congratulations,благодарность,no_equality
638,congratulations,поздравлениям,no_equality
639,congratulations,поздравляет,no_equality
640,congratulations,поздравить,féliciter
641,congratulations,поблагодарить,féliciter
642,congratulations,поздравлениями,félicitation
643,congratulations,признательности,no_equality
644,congratulations,поздравление,félicitation
645,congratulations,поздравил,no_equality
646,congratulations,поздравили,no_equality
647,giggling,хихиканье,no_equality
648,giggling,хохот,rire
649,giggling,смех,no_equality
650,giggling,хихикать,rire
651,giggling,хихикать,ricaner
652,giggling,хихикать,glousser
653,giggling,хихикать,rigoler
654,giggling,хихикает,no_equality
655,giggling,хихикают,no_equality
656,giggling,хихикал,no_equality
657,giggling,хихикающих,no_equality
658,giggling,хихикали,no_equality
659,giggling,хихикала,no_equality
660,giggling,хихикаешь,no_equality
661,giggling,смеялись,riant
662,giggling,хихикая,no_equality
663,giggling,усмехнусь про,no_equality
664,giggling,там хихикаете,no_equality
665,assemblage,сборка,assemblage
666,assemblage,сборка,montage
667,assemblage,сбор,no_equality
668,assemblage,скопление,no_equality
669,assemblage,сообщество,no_equality
670,assemblage,точка сборки,assemblage
671,assemblage,точка сборки,montage
672,assemblage,точка сборки,ensemble
673,assemblage,ассамбляж,no_equality
674,assemblage,комплекс,ensemble
675,assemblage,совокупность,assemblage
676,assemblage,совокупность,ensemble
677,assemblage,парагенезис,no_equality
678,clocking,результат,no_equality
679,clocking,засек,no_equality
680,budgets,бюджетов,budget
681,budgets,бюджетов,budgétaire
682,budgets,бюджетов,dépense
683,budgets,бюджетов,budgétisation
684,budgets,бюджеты,budget
685,budgets,бюджеты,budgétaire
686,budgets,бюджетах,budget
687,budgets,бюджета,budget
688,budgets,бюджета,budgétaire
689,budgets,бюджета,dépense
690,budgets,бюджета,fond
691,budgets,бюджета,budgétisation
692,budgets,бюджетами,budget
693,budgets,бюджет,budget
694,budgets,бюджет,budgétaire
695,budgets,бюджет,crédit
696,budgets,бюджет,dépense
697,budgets,бюджет,fond
698,budgets,бюджет,finance
699,budgets,бюджетам,budget
700,budgets,бюджетных средств,budget
701,budgets,бюджетных ассигнований,budget
702,budgets,бюджете,budget
703,budgets,бюджете,budgétaire
704,budgets,бюджете,dépense
705,budgets,бюджете,finance
706,budgets,расходов,budget
707,budgets,расходов,dépense
708,budgets,бюджетные средства,budget
709,budgets,бюджетные ассигнования,budget
710,budgets,бюджетом,no_equality
711,budgets,балансов,bilan
712,antagonizing,злить,contrarier
713,haemorrhoids,геморрой,hémorroïde
714,haemorrhoids,геморроя,no_equality
715,haemorrhoids,геморроем,hémorroïde
716,adventure,приключение,aventure
717,adventure,путешествие,aventure
718,adventure,путешествие,périple
719,adventure,авантюра,aventure
720,adventure,авантюра,escapade
721,adventure,приключенческий,no_equality
722,adventure,рисковать,aventurer
723,adventure,приключенческих,no_equality
724,credentials,полномочия,pouvoir
725,credentials,полномочиях,no_equality
726,credentials,документы,papier
727,credentials,документы,pièce d'identité
728,credentials,удостоверение,papier
729,credentials,удостоверение,certificat
730,credentials,полномочиями,no_equality
731,credentials,верительные грамоты,lettres de créance
732,credentials,рекомендации,référence
733,credentials,удостоверения,certificat
734,credentials,учетные данные,no_equality
735,credentials,репутацию,no_equality
736,credentials,мандаты,no_equality
737,credentials,послужной список,référence
738,credentials,квалификации,no_equality
739,credentials,репутацией,no_equality
740,credentials,резюме,no_equality
741,gamble,играть,jouer
742,gamble,играть,parier
743,gamble,рисковать,risquer
744,gamble,риск,pari
745,gamble,азартные игры,parier
746,gamble,азартные игры,jeu
747,gamble,гэмбл,gamble
748,gamble,поиграть,jouer
749,gamble,рискнуть,risquer
750,gamble,рискнуть,miser
751,gamble,играть на деньги,parier
752,gamble,делать ставки,parier
753,gamble,делать ставки,miser
754,gamble,играть в азартные игры,jouer
755,gamble,играть в азартные игры,parier
756,gamble,авантюра,pari
757,gamble,азартная игра,pari
758,gamble,азарт,no_equality
759,gamble,гембл,gamble
760,footsteps,стопам,trace
761,footsteps,стопам,même voie
762,footsteps,шаги,no_equality
763,footsteps,следам,trace
764,footsteps,следам,empreinte
765,footsteps,шагов,no_equality
766,footsteps,примеру,no_equality
767,footsteps,следы,trace
768,footsteps,следы,empreinte
769,footsteps,проложенному,no_equality
770,footsteps,проложенным,no_equality
771,footsteps,следами,empreinte
772,footsteps,иноходец,no_equality
773,footsteps,шагам,no_equality
774,footsteps,звук,no_equality
775,rescinded,отменены,annulé
776,rescinded,отменены,abrogé
777,rescinded,отменены,abroger
778,rescinded,отменено,annulé
779,rescinded,отменено,révoqué
780,rescinded,отменено,rapportée
781,rescinded,отменил,no_equality
782,rescinded,отмене,no_equality
783,rescinded,отменена,abrogé
784,rescinded,отменен,no_equality
785,rescinded,отменить,no_equality
786,rescinded,отменило,no_equality
787,rescinded,аннулировано,annulé
788,rescinded,аннулировано,révoqué
789,rescinded,аннулированы,annulé
790,rescinded,аннулированы,annuler
791,rescinded,аннулировал,no_equality
792,rescinded,аннулирован,annulé
793,rescinded,аннулирован,abrogé
794,rescinded,аннулирован,révoqué
795,rescinded,аннулировать,no_equality
796,rescinded,отменила,no_equality
797,rescinded,отменяется,no_equality
798,levs,левов,lev
799,levs,лева,no_equality
800,mutually,взаимно,no_equality
801,mutually,взаимного,mutuellement
802,mutually,взаимного,réciproque
803,mutually,взаимному,no_equality
804,mutually,взаимную,no_equality
805,mutually,взаимное,no_equality
806,mutually,взаимном,no_equality
807,mutually,взаимодополняющих,no_equality
808,mutually,друг,no_equality
809,mutually,взаимоприемлемые,no_equality
810,mutually,взаимосогласованных,no_equality
811,mutually,взаимодополняющей,no_equality
812,mutually,взаимной основе,no_equality
813,mutually,взаимоприемлемой,no_equality
814,mutually,совместно,no_equality
815,mutually,обоюдно,mutuellement
816,mutually,обоюдно,réciproque
817,reordering,переупорядочивание,no_equality
818,reordering,реорганизация,réorganisation
819,reordering,реорганизация,réaménagement
820,reordering,реорганизация,réorganiser
821,reduces,снижает,no_equality
822,reduces,уменьшает,réduit
823,reduces,уменьшает,diminue
824,reduces,уменьшает,réduisent
825,reduces,уменьшает,atténue
826,reduces,сокращает,réduit
827,reduces,ограничивает,no_equality
828,reduces,позволяет сократить,réduit
829,reduces,позволяет сократить,permet de réduire
830,reduces,позволяет снизить,permet de réduire
831,reduces,снижение,no_equality
832,reduces,уменьшают,réduit
833,reduces,уменьшают,réduisant
834,reduces,уменьшают,réduisent
835,reduces,уменьшают,atténue
836,reduces,приводит к сокращению,no_equality
837,reduces,сокращается,no_equality
838,reduces,снижают,réduit
839,reduces,снижают,réduisent
840,reduces,сокращение,no_equality
841,reduces,уменьшается,diminue
842,reduces,ведет к снижению,affaiblit
843,reduces,ведет к сокращению,permet de réduire
844,Iranian,иранский,iranien
845,Iranian,иранец,iranien
846,Iranian,ирана,iranien
847,Iranian,ираном,iranien
848,Iranian,иранцем,no_equality
849,Iranian,иранкой,iranien
850,Iranian,ирэниен,no_equality
851,Iranian,исламской республики иран,iranien
852,dithers,колеблется,hésite
853,murmurers,убийц,no_equality
854,murmurers,убийцы,no_equality
855,murmurers,убийцами,no_equality
856,murmurers,убийцам,no_equality
857,murmurers,убийстве,no_equality
858,murmurers,убийцах,no_equality
859,murmurers,убийцу,no_equality
860,murmurers,убийства,no_equality
861,murmurers,преступников,no_equality
862,murmurers,убийств,no_equality
863,scouter,скутер,scooter
864,scouter,мотороллер,scooter
865,scouter,мопед,scooter
866,scouter,самокат,no_equality
867,scouter,скутером,scooter
868,scouter,скутэр,no_equality
869,deceivers,обманщиков,no_equality
870,reedy,риди,reedy
871,despond,унывать,se décourager
872,thanes,воины,no_equality
873,thanes,а таны,no_equality
874,paralytic,паралитик,paralytique
875,paralytic,паралитический,no_equality
876,paralytic,парализующее средство,paralysant
877,valiancies,вакансий,postes vacants
878,valiancies,вакансий,vacances de poste
879,valiancies,вакансий,sièges vacants
880,valiancies,вакансий,poste vacant
881,valiancies,вакансий,pourvoir
882,valiancies,вакансий,place
883,valiancies,вакантных должностей,postes vacants
884,valiancies,вакантных должностей,vacances de poste
885,valiancies,вакантных должностей,offres d'emploi
886,valiancies,вакантных должностей,vacance de poste
887,valiancies,вакансиях,postes vacants
888,valiancies,вакансиях,vacances de poste
889,valiancies,вакансиях,pourvoir
890,valiancies,вакантные должности,postes vacants
891,valiancies,вакантные должности,vacances de poste
892,valiancies,вакантных должностях,postes vacants
893,valiancies,вакантных должностях,vacances de poste
894,valiancies,вакантных должностях,vacance de poste
895,valiancies,вакансиями,postes vacants
896,valiancies,вакансиями,vacances de poste
897,valiancies,вакантных мест,no_equality
898,valiancies,вакансиям,no_equality
899,valiancies,вакантным должностям,postes vacants
900,valiancies,незаполненными,pourvoir
901,valiancies,свободные номера,no_equality
902,valiancies,оставались вакантными,no_equality
903,valiancies,вакантными должностями,postes vacants
904,valiancies,вакантными должностями,vacances de poste
905,bribe,взятка,pot-de-vin
906,bribe,взятка,pot de vin
907,bribe,взятки,pot-de-vin
908,bribe,взятки,pot de vin
909,bribe,взятки,corruption
910,bribe,взятки,dessous de table
911,bribe,подкуп,corruption
912,bribe,подкупить,soudoyer
913,bribe,подкупить,corrompre
914,bribe,подкупить,acheter
915,bribe,подкупать,soudoyer
916,bribe,подкупать,corrompre
917,bribe,подкупать,acheter
918,bribe,давать взятку,pot-de-vin
919,bribe,давать взятку,pot de vin
920,bribe,подкупи,no_equality
921,educatee,воспитанник,élève
922,areas,районах,zone
923,areas,районах,domaine
924,areas,районах,région
925,areas,районах,secteur
926,areas,районах,endroit
927,areas,районах,partie
928,areas,областях,domaine
929,areas,области,no_equality
930,areas,районов,zone
931,areas,районов,région
932,areas,районов,secteur
933,areas,районов,espace
934,areas,районов,endroit
935,areas,областей,zone
936,areas,областей,domaine
937,areas,областей,région
938,areas,областей,secteur
939,areas,областей,aspect
940,areas,областей,point
941,areas,областей,question
942,areas,районы,zone
943,areas,районы,région
944,areas,районы,secteur
945,areas,районы,endroit
946,areas,районы,partie
947,areas,сферах,no_equality
948,areas,областям,domaine
949,areas,областям,secteur
950,areas,областям,question
951,areas,районам,zone
952,areas,районам,région
953,areas,направлений,domaine
954,areas,направлений,secteur
955,areas,направлений,point
956,areas,районами,zone
957,areas,районами,région
958,areas,районами,secteur
959,areas,направлениям,domaine
960,areas,направлениям,secteur
961,areas,направлениям,aspect
962,areas,зонах,zone
963,areas,зонах,région
964,areas,зонах,secteur
965,areas,направления,no_equality
966,areas,сферы,no_equality
967,maiden,дева,vierge
968,maiden,девушка,jeune fille
969,maiden,девушка,demoiselle
970,maiden,девушка,dame
971,maiden,девичью,jeune fille
972,maiden,девичьей,no_equality
973,maiden,девица,jeune fille
974,maiden,служанка,no_equality
975,maiden,девичьи,no_equality
976,maiden,maiden,no_equality
977,maiden,девичье,no_equality
978,maiden,леди,demoiselle
979,maiden,леди,damoiseau
980,maiden,леди,dame
981,maiden,первого,premier
982,maiden,девы,no_equality
983,maiden,снегурочка,no_equality
984,computer_systems,компьютерных систем,systèmes informatiques
985,computer_systems,компьютерных систем,systèmes informatisés
986,computer_systems,компьютерные системы,systèmes informatiques
987,computer_systems,компьютерные системы,réseaux informatiques
988,computer_systems,компьютерным системам,no_equality
989,computer_systems,компьютерными системами,systèmes informatiques
990,computer_systems,компьютерных системах,systèmes informatiques
991,computer_systems,компьютерных системах,système informatique
992,computer_systems,компьютерных системах,ordinateur
993,computer_systems,компьютерных системах,systèmes informatisés
994,computer_systems,информационных систем,systèmes informatiques
995,computer_systems,информационных систем,système informatique
996,computer_systems,вычислительных систем,no_equality
997,computer_systems,автоматизированных систем,systèmes informatiques
998,computer_systems,вычислительных системах,no_equality
999,computer_systems,вычислительные системы,no_equality
1000,postdoctorals,после защиты докторской диссертации,no_equality
1001,postdoctorals,докторов наук,no_equality
1002,postdoctorals,пост-докторские,no_equality
1003,postdoctorals,докторантуре,no_equality
1004,postdoctorals,постдокторантуре,no_equality
1005,postdoctorals,после получения докторской степени,no_equality
1006,postdoctorals,аспирантуры,no_equality
1007,postdoctorals,аспирант пост-докторантуры,no_equality
1008,fountains,фонтаны,fontaine
1009,fountains,фонтанов,fontaine
1010,fountains,фонтанами,fontaine
1011,fountains,фонтанах,no_equality
1012,fountains,фонтан,fontaine
1013,fountains,колонок,fontaine
1014,fountains,фонтанчики,fontaine
1015,fountains,колодцев,fontaine
1016,fountains,фонтанчиками,no_equality
1017,fountains,фонтане,fontaine
1018,fountains,питьевых фонтанчиков,fontaine
1019,Circassians,черкесы,no_equality
1020,Circassians,черкесов,no_equality
1021,Circassians,черкесами,no_equality
1022,Circassians,черкесского,no_equality
1023,heathers,верески,no_equality
1024,heathers,смертельное влечение,no_equality
1025,Jupiters,юпитер,jupiter
1026,Jupiters,юпитера,no_equality
1027,Jupiters,юпитером,no_equality
1028,Jupiters,юпитеру,jupiter
1029,Jupiters,юпитере,jupiter
1030,Jupiters,jupiter,no_equality
1031,namer,намер,no_equality
1032,crisscrossed,пересеклись внутри,se sont croisées
1033,charmingly,прелестно,charmant
1034,charmingly,так очаровательно,charmant
1035,charmingly,так очаровательно,charme
1036,idler,бездельник,no_equality
1037,idler,зевака,no_equality
1038,idler,ролик,no_equality
1039,idler,промежуточная шестерня,intermédiaire
1040,idler,гуляка,no_equality
1041,idler,направляющий ролик,no_equality
1042,idler,натяжной,no_equality
1043,idler,холостой,no_equality
1044,idler,направляющий,no_equality
1045,disputes,возникновение споров,différend
1046,disputes,возникновение споров,litige
1047,disputes,возникновение споров,conflit
1048,disputes,возникновение споров,contentieux
1049,obsolescing,прекращение использования,no_equality
1050,sendee,отправитель,expéditeur
1051,sendee,сандер,no_equality
1052,sendee,сандера,no_equality
1053,sendee,sender,no_equality
1054,sendee,грузоотправителем,no_equality
1055,virus,вирус,virus
1056,virus,вирус,viral
1057,virus,вирусный,no_equality
1058,virus,вирусных,no_equality
1059,virus,вирусной,no_equality
1060,virus,вич,virus
1061,virus,вич,maladie
1062,virus,вич,infection
1063,virus,вич,vih
1064,virus,вич,vih/sida
1065,virus,инфицированы,virus
1066,virus,инфицированы,infection
1067,virus,инфицированы,infecté
1068,stalling,остановка,no_equality
1069,stalling,тупик,blocage
1070,stalling,тупик,impasse
1071,stalling,тупик,point mort
1072,stalling,промедление,no_equality
1073,stalling,затягивание,no_equality
1074,stalling,проволочек,no_equality
1075,stalling,увиливать,no_equality
1076,stalling,увиливаешь,no_equality
1077,stalling,тянуть резину,no_equality
1078,stalling,увиливаю,no_equality
1079,stalling,тянул время,no_equality
1080,stalling,увиливания,no_equality
1081,stalling,тянешь время,no_equality
1082,stalling,тянет время,no_equality
1083,stalling,тянуть время,no_equality
1084,mode,режим,mode
1085,mode,режим,régime
1086,mode,способ,mode
1087,mode,способ,modalité
1088,mode,способ,manière
1089,mode,способ,moyen
1090,mode,способ,façon
1091,mode,форма,mode
1092,mode,форма,manière
1093,mode,форма,forme
1094,mode,метод,mode
1095,mode,метод,modalité
1096,mode,метод,manière
1097,mode,метод,façon
1098,mode,порядок,no_equality
1099,mode,видов,no_equality
1100,mode,mode,no_equality
1101,mode,видом,mode
1102,mode,видом,type
1103,mode,видом,forme
1104,mode,порядка,no_equality
1105,mode,режимов,mode
1106,mode,модели,mode
1107,mode,модели,modalité
1108,mode,модели,type
1109,mode,средством,no_equality
1110,mode,методы,mode
1111,mode,методы,façon
1112,mode,способы,mode
1113,mode,способы,modalité
1114,mode,способы,moyen
1115,mode,способы,façon
1116,mode,способы,forme
1117,mode,мода,no_equality
1118,mode,мод,no_equality
1119,fascinating,увлекательный,fascinant
1120,fascinating,очаровательный,charmant
1121,fascinating,захватывающий,fascinant
1122,fascinating,захватывающий,passionnant
1123,fascinating,удивительный,fascinant
1124,fascinating,восхитительно,fascinant
1125,fascinating,восхитительно,charmant
1126,fascinating,интересный,passionnant
1127,fascinating,интересный,intéressant
1128,fascinating,интересный,charmant
1129,fascinating,обворожительный,fascinant
1130,fascinating,обворожительный,charmant
1131,fascinating,очень интересно,fascinant
1132,fascinating,очень интересно,passionnant
1133,fascinating,завораживает,fascine
1134,fascinating,захватывающим,fascinant
1135,fascinating,захватывающим,passionnant
1136,fascinating,захватывающей,fascinant
1137,fascinating,захватывающей,passionnant
1138,fascinating,поразительно,fascinant
1139,fascinating,потрясающая,fascinant
1140,frankly,честно говоря,franchement
1141,frankly,честно говоря,honnêtement
1142,frankly,честно говоря,sincèrement
1143,frankly,откровенно говоря,franchement
1144,frankly,откровенно говоря,honnêtement
1145,frankly,откровенно говоря,sincèrement
1146,frankly,откровенно говоря,en toute franchise
1147,frankly,откровенно,franchement
1148,frankly,откровенно,honnêtement
1149,frankly,откровенно,sincèrement
1150,frankly,откровенно,ouvertement
1151,frankly,откровенно,avec franchise
1152,frankly,откровенно,en toute franchise
1153,frankly,откровенно,sans détours
1154,frankly,откровенно,sans détour
1155,frankly,искренне,franchement
1156,frankly,искренне,honnêtement
1157,frankly,искренне,sincèrement
1158,frankly,открыто,franchement
1159,frankly,открыто,ouvertement
1160,frankly,открыто,sans ambages
1161,frankly,по правде,franchement
1162,frankly,по правде,honnêtement
1163,frankly,по правде,sincèrement
1164,frankly,если честно,franchement
1165,frankly,если честно,sincèrement
1166,frankly,если честно,j'avoue
1167,frankly,правде говоря,vrai dire
1168,frankly,вообще-то,honnêtement
1169,frankly,вообще-то,vrai dire
1170,frankly,начистоту,franchement
1171,frankly,начистоту,honnêtement
1172,frankly,прямо скажем,no_equality
1173,frankly,правде сказать,honnêtement
1174,frankly,правде сказать,vrai dire
1175,frankly,фрэнкли,no_equality
1176,frankly,признаться,no_equality
1177,muller,мюллер,muller
1178,muller,мюллера,muller
1179,muller,мюллером,no_equality
1180,muller,мюлер,no_equality
1181,muller,моллер,muller
1182,muller,muller,no_equality
1183,childish,детский,puéril
1184,childish,детский,enfantin
1185,childish,детский,d'enfant
1186,childish,по-детски,puéril
1187,childish,по-детски,infantile
1188,childish,по-детски,gamin
1189,childish,по-детски,immature
1190,childish,ребячество,puéril
1191,childish,ребячество,enfantin
1192,childish,ребячество,infantile
1193,childish,ребячество,immature
1194,childish,инфантильный,puéril
1195,childish,инфантильный,infantile
1196,childish,ребяческий,no_equality
1197,childish,ребенком,no_equality
1198,childish,по детски,no_equality
1199,furloughs,отпуска,congé
1200,effectively,эффективно,efficacement
1201,effectively,эффективно,effectivement
1202,effectively,эффективно,mieux
1203,effectively,эффективно,avec efficacité
1204,effectively,эффективно,réellement
1205,effectively,эффективно,véritablement
1206,effectively,эффективно,concrètement
1207,effectively,эффективно,correctement
1208,effectively,эффективно,dûment
1209,effectively,эффективно,utilement
1210,effectively,фактически,effectivement
1211,effectively,фактически,réellement
1212,effectively,фактически,véritablement
1213,effectively,фактически,en réalité
1214,effectively,реально,efficacement
1215,effectively,реально,effectivement
1216,effectively,реально,réellement
1217,effectively,реально,véritablement
1218,effectively,реально,concrètement
1219,effectively,успешно,efficacement
1220,effectively,успешно,effectivement
1221,effectively,успешно,bien
1222,effectively,успешно,avec succès
1223,effectively,успешно,utilement
1224,effectively,действительно,effectivement
1225,effectively,действительно,bien
1226,effectively,действительно,réellement
1227,effectively,действительно,véritablement
1228,effectively,действенно,efficacement
1229,effectively,действенно,effectivement
1230,effectively,действенно,avec efficacité
1231,effectively,практически,effectivement
1232,effectively,практически,concrètement
1233,effectively,эффективного,no_equality
1234,effectively,эффективной,no_equality
1235,effectively,эффективное,no_equality
1236,effectively,эффективному,no_equality
1237,effectively,эффективную,no_equality
1238,effectively,эффективным образом,efficacement
1239,effectively,эффективным образом,effectivement
1240,effectively,эффективным образом,mieux
1241,effectively,эффективным образом,manière efficace
1242,effectively,эффективности,no_equality
1243,effectively,эффективном,no_equality
1244,lasts,длится,no_equality
1245,lasts,продолжается,dure
1246,lasts,продолжается,persiste
1247,lasts,составляет,no_equality
1248,lasts,продлится,dure
1249,lasts,продлится,durée
1250,lasts,продлится,durent
1251,lasts,продлится,durera
1252,lasts,продлится,peut durer
1253,lasts,продлится,va durer
1254,lasts,действует,no_equality
1255,lasts,длятся,dure
1256,lasts,длятся,durent
1257,lasts,сохраняется,perdure
1258,lasts,сохраняется,persiste
1259,lasts,продержится,durera
1260,lasts,продержится,va durer
1261,lasts,рассчитана,no_equality
1262,lasts,будет длиться,dure
1263,lasts,будет длиться,durera
1264,lasts,будет длиться,va durer
1265,lasts,продолжительностью,pendant
1266,lasts,продолжительность,dure
1267,lasts,продолжительность,durée
1268,lasts,продолжительность,durent
1269,lasts,рассчитан,dure
1270,payment,платеж,paiement
1271,payment,платеж,versement
1272,payment,платеж,payement
1273,payment,платеж,payé
1274,payment,уплата,paiement
1275,payment,уплата,versement
1276,payment,уплата,acquittement
1277,payment,вознаграждение,rémunération
1278,payment,вознаграждение,indemnité
1279,payment,вознаграждение,salaire
1280,payment,вознаграждение,prime
1281,payment,вознаграждение,rétribution
1282,payment,расчет,no_equality
1283,payment,погашение,paiement
1284,payment,погашение,remboursement
1285,payment,внесение,versement
1286,payment,неплатеж,no_equality
1287,payment,выплата денег,paiement
1288,payment,выплата денег,versement
1289,payment,выплата денег,remboursement
1290,payment,выплата денег,décaissement
1291,payment,расчетный,no_equality
1292,Urdus,урду,no_equality
1293,dearnesses,недостатки,faiblesse
1294,dearnesses,недостатки,lacune
1295,dearnesses,недостатки,insuffisance
1296,dearnesses,недостатки,carence
1297,dearnesses,недостатки,déficience
1298,dearnesses,недостатки,défaillance
1299,dearnesses,недостатки,défaut
1300,dearnesses,недостатки,inconvénient
1301,dearnesses,недостатки,imperfection
1302,dearnesses,недостатков,faiblesse
1303,dearnesses,недостатков,lacune
1304,dearnesses,недостатков,points faibles
1305,dearnesses,недостатков,insuffisance
1306,dearnesses,недостатков,carence
1307,dearnesses,недостатков,déficience
1308,dearnesses,недостатков,défaillance
1309,dearnesses,недостатков,défaut
1310,dearnesses,недостатков,inconvénient
1311,dearnesses,недостатков,dysfonctionnement
1312,dearnesses,слабости,faiblesse
1313,dearnesses,слабости,lacune
1314,dearnesses,слабости,points faibles
1315,dearnesses,слабости,point faible
1316,dearnesses,слабые стороны,faiblesse
1317,dearnesses,слабые стороны,lacune
1318,dearnesses,слабые стороны,points faibles
1319,dearnesses,слабых сторон,faiblesse
1320,dearnesses,слабых сторон,lacune
1321,dearnesses,слабых сторон,carence
1322,dearnesses,слабых сторон,inconvénient
1323,dearnesses,слабые места,faiblesse
1324,dearnesses,слабые места,lacune
1325,dearnesses,слабые места,insuffisance
1326,dearnesses,слабые места,déficience
1327,dearnesses,слабые места,faille
1328,dearnesses,слабые места,point faible
1329,dearnesses,слабых мест,lacune
1330,dearnesses,слабых мест,points faibles
1331,dearnesses,слабых мест,insuffisance
1332,dearnesses,слабых мест,déficience
1333,dearnesses,слабых мест,défaut
1334,dearnesses,слабых мест,point faible
1335,dearnesses,слабость,faiblesse
1336,dearnesses,слабость,lacune
1337,dearnesses,слабость,faible
1338,dearnesses,слабостей,faiblesse
1339,dearnesses,слабостей,points faibles
1340,dearnesses,слабостей,insuffisance
1341,dearnesses,недостатками,faiblesse
1342,dearnesses,недостатками,lacune
1343,dearnesses,недостатками,insuffisance
1344,dearnesses,недостатками,carence
1345,dearnesses,недостатками,défaillance
1346,dearnesses,недостатками,défaut
1347,dearnesses,недостатками,inconvénient
1348,dearnesses,недостатках,faiblesse
1349,dearnesses,недостатках,lacune
1350,dearnesses,недостатках,points faibles
1351,dearnesses,недостатках,insuffisance
1352,dearnesses,недостатках,carence
1353,dearnesses,недостатках,déficience
1354,dearnesses,недостатках,faille
1355,dearnesses,недостатках,défaut
1356,dearnesses,недостатках,inconvénient
1357,dearnesses,недостатках,imperfection
1358,dearnesses,недостатках,dysfonctionnement
1359,dearnesses,проблемы,no_equality
1360,dearnesses,проблем,no_equality
1361,dearnesses,слабостью,faiblesse
1362,dearnesses,слабостью,faible
1363,dearnesses,слабостях,faiblesse
1364,plasticize,придавать пластичность,no_equality
1365,plasticize,пластифицировать,no_equality
1366,conjugating,спаривание,no_equality
1367,conjugating,спряжение,conjugaison
1368,conjugating,спрягая,no_equality
1369,rightness,справедливость,justesse
1370,rightness,справедливость,légitimité
1371,rightness,корректность,no_equality
1372,rightness,правоту,no_equality
1373,rightness,правоты,justesse
1374,rightness,правоте,justesse
1375,rightness,правильность,justesse
1376,rightness,правильность,exactitude
1377,rightness,правильности,justesse
1378,rightness,правильности,bien-fondé
1379,rightness,правильности,exactitude
1380,archdiocesan,архиепископский,no_equality
1381,archdiocesan,епископата,no_equality
1382,archdiocesan,епархий архиепископов,no_equality
1383,strike_out,нанести удар,attaquer
1384,strike_out,стираете,no_equality
1385,strike_out,аут,no_equality
1386,strike_out,отклонении,no_equality
1387,strike_out,2 ненужное вычеркнуть,no_equality
1388,chateaus,замки,château
1389,compasses,компасы,boussole
1390,compasses,циркулем,no_equality
1391,compasses,компас,compas
1392,compasses,компас,boussole
1393,compasses,компасах,no_equality
1394,compasses,компасов,no_equality
1395,carabiners,карабины,mousqueton
1396,codding,введение в заблуждение,no_equality
1397,bandsmen,оркестрант,no_equality
1398,lettuces,салат-латук,laitue
1399,lettuces,салата-латука,no_equality
1400,lettuces,салат,laitue
1401,lettuces,салат,salade
1402,lettuces,латука,laitue
1403,lettuces,кочанном,no_equality
1404,lettuces,рыхлокочанный,no_equality
1405,lettuces,криспхед,no_equality
1406,manifestly,явно,manifestement
1407,manifestly,явно,évidemment
1408,manifestly,явно,notoirement
1409,manifestly,явно,visiblement
1410,manifestly,заведомо,manifestement
1411,manifestly,заведомо,notoirement
1412,manifestly,очевидно,manifestement
1413,manifestly,очевидно,évidemment
1414,manifestly,очевидно,visiblement
1415,manifestly,откровенно,no_equality
1416,manifestly,явной,manifeste
1417,manifestly,явную,no_equality
1418,extensor,разгибатель,no_equality
1419,extensor,экстензор,no_equality
1420,extensor,разгибательный,no_equality
1421,Bulgarias,болгарский,no_equality
1422,Bulgarias,болгарин,no_equality
1423,Bulgarias,болгарии,no_equality
1424,Bulgarias,булгар,no_equality
1425,Bulgarias,болгарский язык,no_equality
1426,Bulgarias,болг,no_equality
1427,Bulgarias,булгарских,no_equality
1428,Bulgarias,болгария,no_equality
1429,beamy,широкий,no_equality
1430,denoting,обозначающее,no_equality
1431,denoting,обозначающие,no_equality
1432,denoting,указывающий,indiquant
1433,denoting,обозначающий,désignant
1434,denoting,указывающей на,indiquant
1435,denoting,обозначает,no_equality
1436,anatomist,анатом,anatomiste
1437,girl,девушка,fille
1438,girl,девушка,jeune fille
1439,girl,девушка,femme
1440,girl,девушка,nana
1441,girl,девушка,meuf
1442,girl,девушка,petite amie
1443,girl,девушка,copine
1444,girl,девочка,no_equality
1445,girl,девчонка,fille
1446,girl,девчонка,petit
1447,girl,девчонка,fillette
1448,girl,девчонка,femme
1449,girl,девчонка,nana
1450,girl,девчонка,gamin
1451,girl,девчонка,meuf
1452,girl,девчонка,gonzesse
1453,girl,девчонка,copine
1454,girl,девушки,no_equality
1455,girl,девка,fille
1456,girl,девка,nana
1457,girl,девка,gonzesse
1458,girl,детка,fillette
1459,girl,детка,gamin
1460,girl,детка,meuf
1461,girl,детка,chéri
1462,girl,дочь,fille
1463,girl,дочь,gamin
1464,girl,дочь,enfant
1465,girl,женщина,fille
1466,girl,женщина,femme
1467,girl,женщина,nana
1468,girl,женщина,copine
1469,girl,девица,fille
1470,girl,девица,jeune fille
1471,girl,девица,nana
1472,girl,подружка,fille
1473,girl,подружка,nana
1474,girl,подружка,meuf
1475,girl,подружка,chéri
1476,girl,подружка,petite amie
1477,girl,подружка,copine
1478,girl,дочка,fille
1479,girl,дочка,petit
1480,girl,девчёнка,no_equality
1481,girl,милая,chéri
1482,girl,подруга,no_equality
1483,girl,маленькой,no_equality
1484,girl,деваха,no_equality
1485,greatly,очень,beaucoup
1486,greatly,очень,très
1487,greatly,очень,vivement
1488,greatly,очень,grand
1489,greatly,очень,fort
1490,greatly,очень,extrêmement
1491,greatly,очень,bien
1492,greatly,сильно,considérablement
1493,greatly,сильно,beaucoup
1494,greatly,сильно,fortement
1495,greatly,сильно,très
1496,greatly,сильно,vivement
1497,greatly,сильно,profondément
1498,greatly,сильно,fort
1499,greatly,значительно,grandement
1500,greatly,значительно,considérablement
1501,greatly,значительно,beaucoup
1502,greatly,значительно,fortement
1503,greatly,значительно,très
1504,greatly,значительно,largement
1505,greatly,значительно,sensiblement
1506,greatly,значительно,nettement
1507,greatly,значительно,bien
1508,greatly,резко,considérablement
1509,greatly,резко,beaucoup
1510,greatly,резко,fortement
1511,greatly,резко,très
1512,greatly,резко,sensiblement
1513,greatly,резко,nettement
1514,greatly,максимально,no_equality
1515,greatly,большой,no_equality
1516,replenished,пополняться,alimentée
1517,replenished,пополнен,reconstitué
1518,replenished,пополнены,no_equality
1519,replenished,пополняются,alimenté
1520,replenished,пополнение,no_equality
1521,replenished,пополнялся,no_equality
1522,replenished,пополнить,no_equality
1523,replenished,пополняется за,no_equality
1524,replenished,пополнился,no_equality
1525,replenished,пополнялись,no_equality
1526,replenished,восполнен,no_equality
1527,replenished,пополнять,no_equality
1528,replenished,пополнила,no_equality
1529,replenished,восполняться,no_equality
1530,heals,лечит,guérit
1531,heals,лечит,soigne
1532,heals,лечит,guérissent
1533,heals,заживет,guérisse
1534,heals,заживет,sera guéri
1535,heals,заживает,guérit
1536,heals,заживает,guérissent
1537,heals,исцеляет,guérit
1538,heals,лечится,no_equality
1539,heals,заживляет,no_equality
1540,heals,затянется,no_equality
1541,heals,вылечится,guérit
1542,heals,вылечится,sera guérie
1543,heals,раны заживают,no_equality
1544,heals,залечивает,no_equality
1545,heals,восстанавливает,no_equality
1546,obliqueness,косое направление,no_equality
1547,disinfected,продезинфицированный,no_equality
1548,disinfected,вылеченный,no_equality
1549,disinfected,обеззараженный,no_equality
1550,scrupulousness,скрупулезность,no_equality
1551,scrupulousness,добросовестность,intégrité
1552,scrupulousness,разборчивость,no_equality
1553,faked,поддельный,faux
1554,faked,сфабрикованный,no_equality
1555,lied,солгал,a menti
1556,lied,солгал,ai menti
1557,lied,солгал,as menti
1558,lied,солгал,avez menti
1559,lied,солгал,mentir
1560,lied,солгал,ment
1561,lied,солгал,mentait
1562,lied,солгал,mensonge
1563,lied,солгал,mentais
1564,lied,солгал,mens
1565,lied,соврал,a menti
1566,lied,соврал,ai menti
1567,lied,соврал,as menti
1568,lied,соврал,avez menti
1569,lied,соврал,mentir
1570,lied,соврал,mentait
1571,lied,соврал,mensonge
1572,lied,соврал,mentais
1573,lied,соврал,mens
1574,lied,лгал,a menti
1575,lied,лгал,ai menti
1576,lied,лгал,as menti
1577,lied,лгал,avez menti
1578,lied,лгал,mentir
1579,lied,лгал,ment
1580,lied,лгал,mentait
1581,lied,лгал,mentais
1582,lied,лгал,mens
1583,lied,солгала,a menti
1584,lied,солгала,ai menti
1585,lied,солгала,as menti
1586,lied,солгала,mentir
1587,lied,солгала,ment
1588,lied,солгала,mentait
1589,lied,солгала,mensonge
1590,lied,солгала,mentais
1591,lied,солгала,mens
1592,lied,врал,a menti
1593,lied,врал,ai menti
1594,lied,врал,as menti
1595,lied,врал,mentir
1596,lied,врал,ment
1597,lied,врал,mentait
1598,lied,врал,mensonge
1599,lied,врал,mentais
1600,lied,врал,mens
1601,lied,соврала,a menti
1602,lied,соврала,ai menti
1603,lied,соврала,as menti
1604,lied,соврала,avez menti
1605,lied,соврала,mentir
1606,lied,соврала,mentait
1607,lied,соврала,mensonge
1608,lied,соврала,mentais
1609,lied,лгала,a menti
1610,lied,лгала,ai menti
1611,lied,лгала,as menti
1612,lied,лгала,mentir
1613,lied,лгала,ment
1614,lied,лгала,mentait
1615,lied,лгала,mentais
1616,lied,лгала,mens
1617,lied,лгала,mentant
1618,lied,солгали,a menti
1619,lied,солгали,avez menti
1620,lied,солгали,mentir
1621,lied,солгали,mentez
1622,lied,врала,a menti
1623,lied,врала,ai menti
1624,lied,врала,as menti
1625,lied,врала,mentir
1626,lied,врала,ment
1627,lied,врала,mentait
1628,lied,врала,mentais
1629,lied,врала,mens
1630,lied,лгали,a menti
1631,lied,лгали,avez menti
1632,lied,лгали,mentir
1633,lied,лгали,ment
1634,lied,лгали,mentez
1635,lied,лгали,mentaient
1636,lied,соврали,a menti
1637,lied,соврали,avez menti
1638,lied,соврали,mentir
1639,lied,обманул,a menti
1640,lied,обманул,ai menti
1641,lied,обманул,as menti
1642,lied,врали,a menti
1643,lied,врали,avez menti
1644,lied,врали,mentir
1645,lied,врали,mentait
1646,lied,врали,mentez
1647,lied,врали,mentent
1648,lied,врали,mentaient
1649,lied,врали,mentant
1650,lied,лгать,no_equality
1651,lied,ложь,mentir
1652,lied,ложь,ment
1653,lied,ложь,mentait
1654,lied,ложь,mensonge
1655,lied,ложь,mentez
1656,lied,ложь,mentent
1657,lied,ложь,mens
1658,Appalachian,аппалачский,no_equality
1659,Appalachian,Аппалачи,appalaches
1660,cobwebs,паутины,toiles d'araignée
1661,cobwebs,паутины,toile d'araignée
1662,cobwebs,паутину,toiles d'araignée
1663,cobwebs,паутина,no_equality
1664,cobwebs,паутиной,no_equality
1665,cobwebs,паутин,no_equality
1666,cobwebs,паутинами,no_equality
1667,undo,отменить,défaire
1668,undo,отменить,annuler
1669,undo,отменить,inverser
1670,undo,исправить,défaire
1671,undo,исправить,réparer
1672,undo,исправить,corriger
1673,undo,изменить,inverser
1674,undo,снять,enlever
1675,undo,свести на нет,annuler
1676,undo,свести на нет,anéantir
1677,undo,свести на нет,inverser
1678,undo,отмены,no_equality
1679,undo,уничтожить,effacer
1680,undo,уничтожить,détruire
1681,undo,уничтожить,anéantir
1682,undo,расстегнуть,défaire
1683,undo,расстегнуть,déboutonner
1684,undo,расстегнуть,dégrafer
1685,undo,отменять,défaire
1686,undo,отменять,annuler
1687,undo,разрушить,détruire
1688,undo,разрушить,anéantir
1689,undo,развязать,défaire
1690,undo,развязать,dénouer
1691,undo,отмен,no_equality
1692,masts,мачты,mât
1693,masts,мачт,pylône
1694,masts,мачтах,no_equality
1695,banalities,банальности,banalité
1696,denouncing,осуждение,dénoncer
1697,denouncing,осуждение,dénonciation
1698,denouncing,осуждая,no_equality
1699,denouncing,осудив,no_equality
1700,denouncing,осуждает,dénonce
1701,denouncing,осуждающих,no_equality
1702,denouncing,осуждающие,dénonçant
1703,denouncing,осудили,no_equality
1704,denouncing,разоблачать,dénoncer
1705,denouncing,осудил,no_equality
1706,denouncing,разоблачения,dénonciation
1707,denouncing,обличая,no_equality
1708,denouncing,разоблачая,no_equality
1709,denouncing,осуждающее,no_equality
1710,denouncing,осудила,no_equality
1711,denouncing,денонсирования,no_equality
1712,meteorites,метеоритов,météorite
1713,meteorites,метеоритов,météore
1714,meteorites,метеориты,no_equality
1715,meteorites,метеоритах,météorite
1716,meteorites,метеоритам,no_equality
1717,meteorites,метеорита,météorite
1718,slick,пятно,no_equality
1719,slick,скользкий,glissant
1720,slick,слик,slick
1721,slick,ловкач,slick
1722,slick,ловкач,mariole
1723,slick,умник,no_equality
1724,slick,слизняк,no_equality
1725,slick,ловкий,habile
1726,slick,ловкий,rusé
1727,slick,хитрый,malin
1728,slick,хитрый,habile
1729,slick,хитрый,rusé
1730,slick,хитрый,futé
1731,slick,хитрый,astucieux
1732,slick,ловко,no_equality
1733,slick,эль пера,no_equality
1734,slick,слика,slick
1735,hellhounds,адские псы,no_equality
1736,hellhounds,адских псов,no_equality
1737,hellhounds,черти идут за тобой,no_equality
1738,walk_about,прогулка,no_equality
1739,walk_about,кочевать,dans la brousse
1740,walk_about,пройтись,no_equality
1741,walk_about,пеший поход,no_equality
1742,visibly,заметно,no_equality
1743,visibly,явно,visiblement
1744,visibly,явно,manifestement
1745,visibly,явно,clairement
1746,visibly,явно,nettement
1747,visibly,явно,ostensiblement
1748,visibly,ощутимо,nettement
1749,visibly,видимо,visiblement
1750,visibly,видимо,manifestement
1751,visibly,видимо,clairement
1752,visibly,наглядно,clairement
1753,visibly,заметное,no_equality
1754,visibly,зримо,no_equality
1755,visibly,визуальному,no_equality
1756,visibly,зримого,no_equality
1757,visibly,визуального,no_equality
1758,visibly,заметного,no_equality
1759,colon,двоеточие,deux points
1760,colon,двоеточие,deux-points
1761,colon,кишечник,colon
1762,colon,толстая кишка,colon
1763,colon,толстая кишка,gros intestin
1764,colon,колон,colon
1765,colon,толстой кишки,colon
1766,colon,толстой кишки,gros intestin
1767,colon,толстой кишке,colon
1768,colon,толстую кишку,côlon
1769,colon,прямой кишки,no_equality
1770,colon,ободочной кишки,no_equality
1771,colon,толстой кишкой,colon
1772,colon,прямой кишке,côlon
1773,destroyed,уничтожены,anéanti
1774,destroyed,уничтожены,détruire
1775,destroyed,уничтожены,destruction
1776,destroyed,уничтожено,anéanti
1777,destroyed,уничтожено,détruire
1778,destroyed,уничтожено,destruction
1779,destroyed,разрушены,ravagé
1780,destroyed,разрушены,destruction
1781,destroyed,уничтожили,no_equality
1782,destroyed,уничтожил,no_equality
1783,destroyed,уничтожен,anéanti
1784,destroyed,уничтожена,destruction
1785,destroyed,уничтожение,no_equality
1786,destroyed,уничтожила,no_equality
1787,destroyed,разрушено,anéanti
1788,destroyed,разрушено,démoli
1789,destroyed,разрушено,brisé
1790,destroyed,разрушено,détruisant
1791,destroyed,разрушили,ravagé
1792,destroyed,разрушена,ruiné
1793,destroyed,разрушенных,destruction
1794,destroyed,уничтожить,no_equality
1795,destroyed,разрушил,no_equality
1796,seniority,старшинство,ancienneté
1797,seniority,трудовой стаж,ancienneté
1798,seniority,субординация,no_equality
1799,seniority,местничество,no_equality
1800,commiserating,сочувствие,no_equality
1801,vetted,проверили,no_equality
1802,vetted,проверены,no_equality
1803,vetted,проверяли,enquêté sur
1804,vetted,проверяли,antécédent
1805,vetted,проверил,no_equality
1806,vetted,проверял,no_equality
1807,vetted,проверка,no_equality
1808,vetted,проверяются,no_equality
1809,vetted,проверенных,no_equality
1810,vetted,проверяться,no_equality
1811,vetted,проверяла,no_equality
1812,vetted,проверен,vérifié
1813,vetted,проверяется,contrôlé
1814,vetted,проверила,a examiné
1815,vetted,проверена,vérifié
1816,vetted,прошедших проверку,no_equality
1817,soothsayers,предсказатели,no_equality
1818,soothsayers,прорицатели,no_equality
1819,idolaters,идолослужителей,no_equality
1820,idolaters,идолопоклонники,no_equality
1821,footpaths,пешеходные дорожки,no_equality
1822,footpaths,пешеходных дорожек,voies piétonnes
1823,footpaths,троп,no_equality
1824,advisement,обсуждение,no_equality
1825,advisement,вопрос к рассмотрению,no_equality
1826,nerve,нерв,nerf
1827,nerve,смелость,courage
1828,nerve,смелость,audace
1829,nerve,нервозность,nerveux
1830,nerve,жилка,no_equality
1831,nerve,нервный импульс,nerveux
1832,nerve,нервный,no_equality
1833,umpirage,мираж,no_equality
1834,umpirage,миража,no_equality
1835,umpirage,иллюзорной,no_equality
1836,assassinations,убийств,assassinat
1837,assassinations,убийств,meurtre
1838,assassinations,убийств,exécution
1839,assassinations,убийства,assassinat
1840,assassinations,убийства,meurtre
1841,assassinations,убийствах,assassinat
1842,assassinations,убийствах,meurtre
1843,assassinations,убийствах,exécution
1844,assassinations,убийствами,assassinat
1845,assassinations,убийствами,meurtre
1846,assassinations,убийствами,exécution
1847,assassinations,убийствам,assassinat
1848,assassinations,убийствам,meurtre
1849,assassinations,покушений,attentat
1850,assassinations,ликвидаций,no_equality
1851,assassinations,покушениями,no_equality
1852,assassinations,убийство,assassinat
1853,assassinations,убийство,meurtre
1854,assassinations,убийство,assassiner
1855,motivatings,мотивации,no_equality
1856,motivatings,стимулирование,no_equality
1857,motivatings,мотивация,no_equality
1858,motivatings,мотивирующим,no_equality
1859,motivatings,мотивировать,no_equality
1860,motivatings,мотивирующих,no_equality
1861,motivatings,побуждая,no_equality
1862,motivatings,стимулирующим,no_equality
1863,motivatings,мотивирование,no_equality
1864,motivatings,стимулировать,no_equality
1865,motivatings,стимулирующих,no_equality
1866,motivatings,мотивируя,no_equality
1867,motivatings,мотивирует,no_equality
1868,indented,со втяжкой,no_equality
1869,indented,с отступом,no_equality
1870,Thules,туле,thule
1871,Thules,фула,no_equality
1872,Thules,тулий,no_equality
1873,motorization,моторизация,motorisation
1874,motorization,механизация,no_equality
1875,qualified,квалифицированный,qualifié
1876,qualified,квалифицированный,compétent
1877,qualified,квалификацией,qualifié
1878,qualified,квалификацией,qualification
1879,qualified,квалификации,no_equality
1880,qualified,квалификацию,no_equality
1881,qualified,оговорками,no_equality
1882,qualified,право,no_equality
1883,qualified,квалифицированы,qualification
1884,qualified,квалифицировать,no_equality
1885,qualified,отвечающих требованиям,no_equality
1886,qualified,квалифицируются,no_equality
1887,qualified,квалификация,no_equality
1888,qualified,квалифицируется,no_equality
1889,qualified,квалифицирована,no_equality
1890,qualified,компетентных,compétent
1891,qualified,компетентных,habilité
1892,contorting,искажение,altération
1893,having,наличие,fait
1894,having,после,no_equality
1895,having,имеющих,no_equality
1896,having,имеющие,no_equality
1897,having,чтобы,avoir
1898,having,имея,avoir
1899,having,весело,no_equality
1900,having,необходимости,no_equality
1901,having,того,fait
1902,having,оказывает,no_equality
1903,having,есть,avoir
1904,having,есть,prendre
1905,having,имеют,avoir
1906,having,имеет,avoir
1907,having,поскольку,no_equality
1908,having,оказывают,no_equality
1909,nitrous acid,азотистая кислота,no_equality
1910,interrogating,допрос,interrogation
1911,interrogating,допрос,interroger
1912,interrogating,допрос,interrogatoire
1913,Aeolian,эоловый,no_equality
1914,Aeolian,эолов,no_equality
1915,Aeolian,липарские,no_equality
1916,pistes,трассами,no_equality
1917,pistes,трассы,piste
1918,pistes,маркуджик,no_equality
1919,Japheths,иафета,no_equality
1920,Japheths,иафет,no_equality
1921,Japheths,иафету,no_equality
1922,analogs,аналоги,no_equality
1923,analogs,аналогами,no_equality
1924,analogs,аналогов,analogue
1925,swaps,свопы,swap
1926,swaps,свопов,swap
1927,swaps,свопов,conversion
1928,swaps,долга,no_equality
1929,swaps,осп,approches sectorielles
1930,swaps,осп,approche sectorielle
1931,swaps,осп,ces approches
1932,swaps,общесекторальные подходы,approche sectorielle
1933,swaps,общесекторальные подходы,ces approches
1934,swaps,реализации общесекторальных подходов,approche sectorielle
1935,swaps,общесекторальных подходах,no_equality
1936,swaps,свопам,no_equality
1937,swaps,общесистемных подходах,no_equality
1938,swaps,общесекторальным подходам,no_equality
1939,swaps,свопах,no_equality
1940,calibrated,калибровки,no_equality
1941,calibrated,калибруется,no_equality
1942,calibrated,откалиброван,no_equality
1943,calibrated,калиброванного,no_equality
1944,calibrated,калиброванный,no_equality
1945,calibrated,калиброванные,no_equality
1946,calibrated,откалиброваны,no_equality
1947,calibrated,калиброван,no_equality
1948,calibrated,откалибрована,no_equality
1949,calibrated,калибровать,no_equality
1950,calibrated,калибровку,no_equality
1951,calibrated,выверенный,no_equality
1952,calibrated,калиброванных,no_equality
1953,calibrated,выверенного,no_equality
1954,calibrated,калибровка,no_equality
1955,discloses,раскрывает,divulgue
1956,discloses,раскрывает,révèle
1957,discloses,раскрывает,dévoile
1958,discloses,разглашает,divulgue
1959,discloses,раскрывается,no_equality
1960,discloses,подтверждает факт,no_equality
1961,discloses,сообщает о,communique
1962,hoops,обручи,cerceau
1963,hoops,кольца,anneau
1964,hoops,в баскетбол,au basket
1965,hoops,сережки,anneau
1966,hoops,серьги,anneau
1967,hoops,баскетбола,no_equality
1968,hoops,обруча,no_equality
1969,hoops,мяч в кольцо,panier
1970,hoops,колечки,no_equality
1971,hoops,обруч,cerceau
1972,hoops,обручей,no_equality
1973,hoops,обручами катания,no_equality
1974,hoops,баскетбольный фонд,no_equality
1975,hoops,покидаем мяч,no_equality
1976,hoops,мяч в корзину,panier
1977,logistical,материально-технический,no_equality
1978,logistical,логистический,logistique
1979,logistical,материально-технического обеспечения,no_equality
1980,logistical,материально-технического снабжения,no_equality
1981,logistical,материально-техническим обеспечением,logistique
1982,logistical,материальной,logistique
1983,logistical,логистики,no_equality
1984,logistical,техническую,no_equality
1985,logistical,материальную,no_equality
1986,logistical,технические,logistique
1987,logistical,материальные,no_equality
1988,logistical,материально-техническим снабжением,logistique
1989,logistical,тыловой,logistique
1990,logistical,технических,logistique
1991,logistical,организационных,logistique
1992,insist,настаивать,insister
1993,insist,настаивать,exiger
1994,insist,настоять,insister
1995,insist,настоять,exiger
1996,insist,требовать,exiger
1997,insist,добиваться,exiger
1998,insist,настаивают на том,insistent sur le fait
1999,insist,настаивают на том,soulignent
2000,insist,настаиваем на том,no_equality
2001,insist,утверждают,soutiennent
2002,insist,настаивает на том,insiste pour
2003,insist,упорствовать,no_equality
2004,humanism,гуманизм,humanisme
2005,humanism,гуманизм,humaniste
2006,humanism,гуманизмом,no_equality
2007,humanism,гуманистический,no_equality
2008,humanism,гуманности,no_equality
2009,allying,объединение,no_equality
2010,immorally,аморально,no_equality
2011,immorally,аморальный,no_equality
2012,yetis,йети,yéti
2013,primed,заряжены,no_equality
2014,primed,заправлены,no_equality
2015,primed,зарядил,no_equality
2016,primed,заряжен,no_equality
2017,primed,заряжена,no_equality
2018,primed,primed,no_equality
2019,sixes,шестерки,six
2020,sixes,шестерок,no_equality
2021,sixes,твёрдые пятёрки,no_equality
2022,perturbing,возмущающий,no_equality
2023,specialized,специализированный,no_equality
2024,pulled,натянутый,no_equality
2025,pulled,надвинутый,no_equality
2026,pulled,вытягиваемый,no_equality
2027,pulled,подтянутый,no_equality
2028,pulled,извлекаемый,no_equality
2029,exams,экзамены,examen
2030,exams,экзамены,concours
2031,exams,экзамены,épreuve
2032,exams,экзамены,bac
2033,exams,экзаменов,examen
2034,exams,экзаменов,concours
2035,exams,экзаменов,épreuve
2036,exams,экзаменам,examen
2037,exams,экзаменам,baccalauréat
2038,exams,экзаменам,partiel
2039,exams,экзамен,examen
2040,exams,экзамен,concours
2041,exams,экзамен,test
2042,exams,экзамен,partiel
2043,exams,экзаменах,concours
2044,exams,экзаменах,bac
2045,exams,экзамена,examen
2046,exams,экзамена,concours
2047,exams,экзамена,épreuve
2048,exams,экзамена,test
2049,exams,экзаменами,examen
2050,exams,осмотров,examen
2051,exams,экзаменования,no_equality
2052,exams,осмотры,examen
2053,frontiers,границ,frontière
2054,frontiers,границы,frontière
2055,frontiers,границы,limite
2056,frontiers,границы,frontalier
2057,frontiers,границах,no_equality
2058,frontiers,границами,frontière
2059,frontiers,границами,limite
2060,frontiers,границу,frontière
2061,frontiers,границу,limite
2062,frontiers,границе,frontière
2063,frontiers,границе,frontalier
2064,frontiers,рубежи,no_equality
2065,frontiers,горизонты,horizon
2066,frontiers,пределы,limite
2067,endeavoured,стремился,s'efforce
2068,endeavoured,стремился,s'efforçait
2069,endeavoured,стремилась,essayé
2070,endeavoured,стремилась,s'efforce
2071,endeavoured,стремилось,s'efforce
2072,endeavoured,стремились,s'efforcent
2073,endeavoured,попыталась,no_equality
2074,endeavoured,попытались,no_equality
2075,endeavoured,стремится,no_equality
2076,endeavoured,пытается,s'efforce
2077,endeavoured,прилагает усилия,s'efforce
2078,endeavoured,прилагает усилия,s'emploie
2079,endeavoured,прилагает усилия,s'efforçait
2080,endeavoured,стремятся,s'efforce
2081,endeavoured,стремятся,s'efforcent
2082,endeavoured,попытался,no_equality
2083,endeavoured,пытался,no_equality
2084,endeavoured,предпринимает усилия,s'efforce
2085,endeavoured,предпринимает усилия,s'emploie
2086,endeavoured,предпринимает усилия,s'efforçait
2087,endeavoured,старалась,no_equality
2088,endeavoured,постаралась,no_equality
2089,absurdly,абсурдно,ridiculement
2090,absurdly,абсурдно,absurde
2091,absurdly,до смешного,ridiculement
2092,absurdly,бестолково,no_equality
2093,absurdly,до абсурдности,no_equality
2094,absurdly,глупо,absurde
2095,rarefaction,разрежение,no_equality
2096,rarefaction,разреженность,no_equality
2097,disjointed,непоследовательный,incohérence
2098,disjointed,бессвязный,no_equality
2099,disjointed,разъединенный,no_equality
2100,disjointed,разрозненных,fragmentée
2101,disjointed,разрозненных,disparate
2102,disjointed,разрозненные,disparate
2103,disjointed,разрозненными,disparate
2104,disjointed,непоследователен,no_equality
2105,disjointed,разрозненного,no_equality
2106,disjointed,несогласованных,no_equality
2107,disjointed,разрозненным,no_equality
2108,disjointed,несвязным,no_equality
2109,disjointed,фрагментарностью,no_equality
2110,disjointed,несогласованно,no_equality
2111,deepens,углубляет,approfondit
2112,deepens,углубляет,renforce
2113,deepens,углубляет,creuse
2114,deepens,усугубляет,no_equality
2115,deepens,углубления,no_equality
2116,deepens,усиливает,renforce
2117,deepens,усиливает,accroît
2118,deepens,углубляется,s'aggrave
2119,deepens,способствует углублению,no_equality
2120,deepens,усугубляющим,no_equality
2121,deepens,усугубляют,no_equality
2122,deepens,обостряет,no_equality
2123,terminators,терминаторы,no_equality
2124,terminators,терминаторов,no_equality
2125,terminators,терминаторах,no_equality
2126,demarcate,демаркации,no_equality
2127,demarcate,демаркацию,no_equality
2128,demarcate,демаркировать,no_equality
2129,demarcate,разграничить,délimiter
2130,demarcate,разграничению,no_equality
2131,demarcate,отграничить,no_equality
2132,inherently,по своей сути,intrinsèquement
2133,inherently,по своей сути,par nature
2134,inherently,по своей сути,fondamentalement
2135,inherently,по своей сути,foncièrement
2136,inherently,по своей сути,par définition
2137,inherently,по своей сути,par essence
2138,inherently,изначально,intrinsèquement
2139,inherently,по своей природе,intrinsèquement
2140,inherently,по своей природе,par nature
2141,inherently,неизбежно,nécessairement
2142,inherently,неизбежно,forcément
2143,inherently,неизбежно,inévitablement
2144,inherently,по определению,par définition
2145,inherently,по существу,fondamentalement
2146,inherently,по существу,essentiellement
2147,inherently,по существу,par essence
2148,inherently,неразрывно,intrinsèquement
2149,inherently,имманентно,intrinsèquement
2150,inherently,имманентно,par définition
2151,inherently,имманентно,par essence
2152,inherently,сугубо,foncièrement
2153,inherently,по сути своей,intrinsèquement
2154,inherently,по сути своей,par nature
2155,inherently,по сути своей,fondamentalement
2156,inherently,по сути своей,par essence
2157,inherently,заведомо,no_equality
2158,inherently,неизменно,nécessairement
2159,inherently,органически,intrinsèquement
2160,inherently,органично,no_equality
2161,inherently,сама по себе,en soi
2162,bloated,раздутый,gonflé
2163,bloated,жирный,no_equality
2164,bloated,вздутый,no_equality
2165,bloated,надменный,no_equality
2166,bloated,раздуло,gonflé
2167,bloated,раздувшийся,no_equality
2168,bloated,распухла,no_equality
2169,bloated,раздутую,no_equality
2170,bloated,раздутого,no_equality
2171,bloated,раздулась,no_equality
2172,maples,мейплс,maples
2173,maples,мэйплс,maples
2174,maples,клены,no_equality
2175,uncovered,обнаружили,no_equality
2176,uncovered,обнаружила,no_equality
2177,uncovered,раскрыли,no_equality
2178,uncovered,раскрыл,no_equality
2179,uncovered,обнаружил,no_equality
2180,uncovered,обнаружены,découvert
2181,uncovered,раскрыла,no_equality
2182,uncovered,выявлено,no_equality
2183,uncovered,обнаружено,découvert
2184,uncovered,выявленных,découvert
2185,uncovered,раскрыты,no_equality
2186,uncovered,обнаруженных,découvert
2187,uncovered,раскрыт,no_equality
2188,uncovered,выявили,no_equality
2189,uncovered,непокрытый,no_equality
2190,cheeping,писк,no_equality
2191,agonizing,мучительный,douloureux
2192,agonizing,агония,agonie
2193,agonizing,мучительно,atroce
2194,agonizing,мучительно,douloureux
2195,agonizing,агонизирующий,no_equality
2196,agonizing,агонизирующей,no_equality
2197,agonizing,переоценки,no_equality
2198,agonizing,мучилась,no_equality
2199,agonizing,мучаясь,no_equality
2200,imperative mood,повелительное наклонение,no_equality
2201,tumors,опухоли,tumeur
2202,tumors,опухолей,no_equality
2203,tumors,опухоль,tumeur
2204,tumors,опухоль,cancer
2205,tumors,опухолями,no_equality
2206,tumors,опухолях,tumeur
2207,tumors,опухолям,no_equality
2208,tumors,новообразования,tumeur
2209,tumors,новообразований,tumeur
2210,eavesdropper,соглядатай,no_equality
2211,eavesdropper,"на ""ябеде""",no_equality
2212,eavesdropper,"""ябеду""",no_equality
2213,eavesdropper,"""ябедой""",no_equality
2214,complimenting,комплименты,no_equality
2215,complimenting,сделал комплимент,compliment
2216,complimenting,хвалит,complimente
2217,complimenting,дополняя,no_equality
2218,complimenting,похвалила,no_equality
2219,survivor,выживший,survivant
2220,survivor,выжившим,survivant
2221,survivor,выжившим,rescapé
2222,survivor,выжил,survivant
2223,survivor,связи с потерей кормильца,no_equality
2224,survivor,выжившего,survivant
2225,survivor,по случаю потери кормильца,no_equality
2226,survivor,уцелевший,survivant
2227,survivor,оставшийся в живых,survivant
2228,survivor,выживших,survivant
2229,survivor,пострадавшим,no_equality
2230,survivor,выжившую,no_equality
2231,survivor,выжившей,survivant
2232,survivor,переживший,no_equality
2233,survivor,survivor,no_equality
2234,boyfriends,парней,petits amis
2235,boyfriends,парней,mec
2236,boyfriends,парни,petits amis
2237,boyfriends,парни,mec
2238,boyfriends,парнями,petits amis
2239,boyfriends,парнями,mec
2240,boyfriends,бойфрендов,petits amis
2241,boyfriends,бойфрендов,petits copains
2242,boyfriends,бойфрендов,ex
2243,boyfriends,бойфренды,petits copains
2244,boyfriends,парня,petit ami
2245,boyfriends,парня,mec
2246,boyfriends,парня,petit-ami
2247,boyfriends,парнях,no_equality
2248,boyfriends,ухажеров,no_equality
2249,boyfriends,приятелей,no_equality
2250,boyfriends,дружков,no_equality
2251,boyfriends,приятели,no_equality
2252,boyfriends,парень,petit ami
2253,boyfriends,парень,mec
2254,boyfriends,парень,ex
2255,boyfriends,друзья,no_equality
2256,boyfriends,парням,mec
2257,boyfriends,любовники,petits amis
2258,boyfriends,любовники,amant
2259,boyfriends,любовники,amoureux
2260,custom,обычай,coutume
2261,custom,обычай,tradition
2262,custom,привычка,coutume
2263,custom,привычка,habitude
2264,custom,заказ,no_equality
2265,custom,обиход,no_equality
2266,custom,изготовленный,no_equality
2267,custom,настраиваемый,personnalisé
2268,custom,изготовленный на заказ,sur mesure
2269,custom,изготовленный на заказ,sur commande
2270,custom,изготовленный на заказ,sur-mesure
2271,custom,специализированный,no_equality
2272,custom,настроенный,no_equality
2273,custom,пользовательский,personnalisé
2274,custom,нестандартный,no_equality
2275,custom,собственный,no_equality
2276,custom,специальный,no_equality
2277,custom,выборочный,no_equality
2278,custom,на заказ,no_equality
2279,mediators,посредников,médiateur
2280,mediators,посредников,médiation
2281,mediators,посредников,intermédiaire
2282,mediators,посредники,médiateur
2283,mediators,посредники,intermédiaire
2284,mediators,посредниками,médiateur
2285,mediators,посредниками,médiation
2286,mediators,посредниками,intermédiaire
2287,mediators,посредникам,médiation
2288,mediators,посредникам,intermédiaire
2289,mediators,посредника,médiateur
2290,mediators,посредника,intermédiaire
2291,mediators,медиаторов,no_equality
2292,mediators,медиаторы,no_equality
2293,mediators,посредниках,intermédiaire
2294,mediators,женщин-посредников,no_equality
2295,run_off,сбежать,s'enfuir
2296,run_off,сбежать,fuir
2297,run_off,сбежать,filer
2298,run_off,сбежать,courir
2299,run_off,сбежать,enfui
2300,run_off,сбежать,t'enfuir
2301,run_off,сбежать,fuite
2302,run_off,убежать,s'enfuir
2303,run_off,убежать,fuir
2304,run_off,убежать,filer
2305,run_off,убежать,courir
2306,run_off,убежать,t'enfuir
2307,run_off,убежать,fuite
2308,run_off,убегать,s'enfuir
2309,run_off,убегать,fuir
2310,run_off,убегать,filer
2311,run_off,убегать,t'enfuir
2312,run_off,убегать,fuite
2313,run_off,сбегать,s'enfuir
2314,run_off,сбегать,fuir
2315,run_off,сбегать,filer
2316,run_off,сбегать,courir
2317,run_off,сбегать,t'enfuir
2318,run_off,бежать,s'enfuir
2319,run_off,бежать,fuir
2320,run_off,бежать,filer
2321,run_off,бежать,courir
2322,run_off,бежать,t'enfuir
2323,run_off,бежать,fuite
2324,miter,митра,no_equality
2325,miter,миста,no_equality
2326,hyperopic,дальнозоркость,no_equality
2327,hyperopic,дальнозоркости,no_equality
2328,defecting,дезертировавший,no_equality
2329,signifies,означает,signifie
2330,signifies,означает,représente
2331,signifies,означает,désigne
2332,signifies,означает,implique
2333,signifies,означает,indique
2334,signifies,означает,signification
2335,signifies,знаменует,no_equality
2336,signifies,символизирует,représente
2337,signifies,символизирует,symbolise
2338,signifies,оповещает о,no_equality
2339,signifies,предвещает,no_equality
2340,screw_up,испортить,bousiller
2341,screw_up,испортить,gâcher
2342,screw_up,испортить,ruiner
2343,screw_up,испортить,faire foirer
2344,screw_up,облажаться,merder
2345,screw_up,облажаться,bousiller
2346,screw_up,облажаться,déconner
2347,screw_up,напортачить,merder
2348,screw_up,облажаешься,te plantes
2349,screw_up,портить,foirer
2350,screw_up,портить,bousiller
2351,screw_up,портить,gâcher
2352,screw_up,портить,ruiner
2353,screw_up,запороть,bousiller
2354,screw_up,запороть,gâcher
2355,screw_up,запороть,faire foirer
2356,screw_up,облажаюсь,foirer
2357,screw_up,облажаюсь,échoue
2358,screw_up,облажайся,no_equality
2359,screw_up,разрушить,bousiller
2360,screw_up,разрушить,gâcher
2361,screw_up,разрушить,ruiner
2362,gravity,серьезность,no_equality
2363,gravity,сила тяжести,gravité
2364,gravity,торжественность,no_equality
2365,gravity,сила тяготения,gravité
2366,gravity,сила тяготения,gravitation
2367,gravity,вес,poids
2368,gravity,плотность,densité
2369,gravity,невесомость,apesanteur
2370,gravity,самотек,no_equality
2371,gravity,гравиметрия,no_equality
2372,gravity,действие гравитации,gravitation
2373,gravity,земная гравитация,gravité
2374,gravity,земная гравитация,gravitation
2375,gravity,гравитационный,no_equality
2376,gravity,самотечный,no_equality
2377,cadastre,кадастр,cadastre
2378,cadastre,кадастровых,no_equality
2379,cadastre,кадастровой,no_equality
2380,cadastre,кадастровые,cadastre
2381,cadastre,кадастрового учета,cadastre
2382,cadastre,кадастровыми,cadastre
2383,cadastre,кадастровая,no_equality
2384,cadastre,кадастровую,no_equality
2385,cadastre,кадастровый учет,cadastral
2386,illusion,иллюзия,illusion
2387,illusion,иллюзия,illusoire
2388,illusion,мираж,no_equality
2389,illusion,иллюзион,no_equality
2390,illusion,иллюзорность,no_equality
2391,illusion,обман зрения,no_equality
2392,illusion,иллюзорный,no_equality
2393,snow,снег,neige
2394,snow,снегопад,neige
2395,snow,снегопад,chute de neige
2396,snow,снежный,neigeux
2397,snow,снежный,enneigé
2398,snow,сноу,snow
2399,snow,белоснежка,snow
2400,snow,снежной,neige
2401,snow,снежка,snow
2402,snow,снежка,blanche
2403,snow,snow,no_equality
2404,snow,снежок,no_equality
2405,snow,снежки,neige
2406,snow,метель,no_equality
2407,snow,снеговой,no_equality
2408,snow,идет снег,no_equality
2409,snow,зимних,no_equality
2410,snow,зимние,hiver
2411,coherence,когерентность,cohérence
2412,coherence,сцепление,no_equality
2413,coherence,связь,no_equality
2414,coherence,согласование,concordance
2415,coherence,согласование,harmonisation
2416,coherence,согласование,coordination
2417,coherence,внутренняя устойчивость,no_equality
2418,coherence,когерентный,no_equality
2419,propensities,склонности,no_equality
2420,propensities,склонностью,propension
2421,propensities,склонностью,penchant
2422,propensities,склонность,propension
2423,propensities,склонность,penchant
2424,propensities,склонность,inclination
2425,bioweapons,биологического оружия,armes biologiques
2426,bioweapons,биологическое оружие,arme biologique
2427,bioweapons,биологическим оружием,armes biologiques
2428,bioweapons,биологическим оружием,arme biologique
2429,bioweapons,по биооружию,no_equality
2430,bioweapons,биооружие,arme biologique
2431,excluding,за исключением,à l'exclusion
2432,excluding,за исключением,hors
2433,excluding,за исключением,à l'exception
2434,excluding,за исключением,sauf
2435,excluding,за исключением,hormis
2436,excluding,за исключением,excepté
2437,excluding,за исключением,exception faite
2438,excluding,за исключением,à l'exception de
2439,excluding,за исключением,à l'exclusion de
2440,excluding,исключая,excluant
2441,excluding,исключая,exclusion
2442,excluding,исключая,sauf
2443,excluding,исключая,non compris
2444,excluding,исключая,exclu
2445,excluding,исключая,excepté
2446,excluding,исключение,exclure
2447,excluding,исключение,exclusion
2448,excluding,исключение,sauf
2449,excluding,без учета,à l'exclusion
2450,excluding,без учета,non compris
2451,excluding,без учета,sans compter
2452,excluding,не считая,exclusion
2453,excluding,не считая,sauf
2454,excluding,не считая,non compris
2455,excluding,не считая,sans compter
2456,excluding,не считая,hormis
2457,excluding,не считая,excepté
2458,excluding,кроме,hors
2459,excluding,кроме,sauf
2460,excluding,кроме,hormis
2461,excluding,кроме,excepté
2462,excluding,за вычетом,no_equality
2463,excluding,исключающие,excluant
2464,excluding,исключив,no_equality
2465,excluding,если исключить,no_equality
2466,excluding,исключающее,excluant
2467,excluding,исключающее,exclut
2468,excluding,исключает,no_equality
2469,excluding,исключающих,excluant
2470,excluding,исключающего,excluant
2471,excluding,исключать,exclure
2472,excluding,исключать,exclusion
2473,businessmen,бизнесменов,hommes d'affaires
2474,businessmen,бизнесменов,entrepreneur
2475,businessmen,бизнесменов,businessman
2476,businessmen,бизнесмены,hommes d'affaires
2477,businessmen,бизнесмены,entrepreneur
2478,businessmen,бизнесмены,gens d'affaires
2479,businessmen,бизнесмены,commerçant
2480,businessmen,предпринимателей,hommes d'affaires
2481,businessmen,предпринимателей,entrepreneur
2482,businessmen,предпринимателей,commerçant
2483,businessmen,предпринимателей,chefs d'entreprise
2484,businessmen,предпринимателей,entreprise
2485,businessmen,предприниматели,hommes d'affaires
2486,businessmen,предприниматели,entrepreneur
2487,businessmen,предприниматели,commerçant
2488,businessmen,предприниматели,chefs d'entreprise
2489,businessmen,предприниматели,entreprise
2490,businessmen,бизнесменами,hommes d'affaires
2491,businessmen,предпринимателями,hommes d'affaires
2492,businessmen,предпринимателями,entrepreneur
2493,businessmen,предпринимателями,chefs d'entreprise
2494,businessmen,предпринимателями,entreprise
2495,businessmen,бизнесменам,hommes d'affaires
2496,businessmen,предпринимателям,hommes d'affaires
2497,businessmen,деловых людей,hommes d'affaires
2498,businessmen,деловые люди,hommes d'affaires
2499,businessmen,бизнесмена,hommes d'affaires
2500,businessmen,бизнесмена,businessman
2501,businessmen,представителей деловых кругов,hommes d'affaires
2502,businessmen,бизнесменах,no_equality
2503,businessmen,деловыми людьми,no_equality
2504,businessmen,деловым людям,entreprise
2505,Winnipegs,виннипег,no_equality
2506,Winnipegs,виннипеге,no_equality
2507,Winnipegs,виннипега,no_equality
2508,Winnipegs,виннипегской,no_equality
2509,dualistic,дуалистический,dualiste
2510,dualistic,дуалистическая,dualiste
2511,dualistic,дуалистическую,no_equality
2512,dualistic,дуалистического,dualiste
2513,dualistic,дуалистской,no_equality
2514,precipitances,осадки,précipitation
2515,shortener,сократить,no_equality
2516,shortener,сокращен,no_equality
2517,shortener,сокращена,no_equality
2518,shortener,сокращены,no_equality
2519,shortener,сокращение,no_equality
2520,shortener,сокращенный,no_equality
2521,shortener,сокращено,no_equality
2522,shortener,сокращается,no_equality
2523,shortener,укороченный,no_equality
2524,shortener,сократил,no_equality
2525,shortener,сократилась,no_equality
2526,shortener,короче,no_equality
2527,shortener,сократила,no_equality
2528,shortener,сократился,no_equality
2529,shortener,сократило,no_equality
2530,entomb,похоронить,ensevelir
2531,entomb,погребать,no_equality
2532,isolation,изоляция,isolement
2533,isolation,изоляция,isolation
2534,isolation,изоляция,isoler
2535,isolation,изолированность,isolement
2536,isolation,изолированность,isolation
2537,isolation,изолятор,isolement
2538,isolation,изолятор,isolant
2539,isolation,изолятор,isoler
2540,isolation,одиночество,solitude
2541,isolation,одиночных,isolement
2542,isolation,одиночных,isolé
2543,isolation,карцер,isolement
2544,isolation,карцер,isolation
2545,isolation,изолирование,isoler
2546,isolation,оторванность,no_equality
2547,isolation,обособление,no_equality
2548,isolation,изолированными,no_equality
2549,syntactically,синтаксически,no_equality
2550,decontaminate,обеззараживания,no_equality
2551,decontaminate,деконтаминации,no_equality
2552,decontaminate,обеззараживанию,no_equality
2553,decontaminate,дезактивировать,no_equality
2554,decontaminate,очистить,no_equality
2555,cliches,клише,cliché
2556,cliches,штампов,no_equality
2557,cliches,избитых фраз,no_equality
2558,posts,должностей,poste
2559,posts,должностей,fonction
2560,posts,должностей,emploi
2561,posts,должности,poste
2562,posts,должности,fonction
2563,posts,должностях,poste
2564,posts,должностях,fonction
2565,posts,должностях,emploi
2566,posts,постов,poste
2567,posts,постов,post
2568,posts,постов,fonction
2569,posts,посты,poste
2570,posts,посты,fonction
2571,posts,посты,emploi
2572,posts,должностями,poste
2573,posts,сотрудников,poste
2574,posts,должностям,poste
2575,posts,должностям,fonction
2576,posts,пунктов,poste
2577,posts,должность,poste
2578,posts,должность,fonction
2579,posts,постах,poste
2580,posts,постах,fonction
2581,posts,разряда,no_equality
2582,posts,категории,no_equality
2583,posts,пунктах,poste
2584,posts,пункты,poste
2585,constitutional,конституционный,constitutionnel
2586,constitutional,конституционно,no_equality
2587,USAFS,сша,états-unis
2588,USAFS,сша,américain
2589,USAFS,сша,américaine
2590,USAFS,сша,usa
2591,USAFS,секретных,no_equality
2592,thoughtfully,задумчиво,no_equality
2593,thoughtfully,вдумчиво,no_equality
2594,thoughtfully,продуманно,no_equality
2595,tapper,таппер,no_equality
2596,tapper,приплясывающий,no_equality
2597,tapper,приплясывающего,no_equality
2598,adhering,придерживающийся,no_equality
2599,adhering,присоединившийся,no_equality
2600,adhering,прилипший,no_equality
2601,adhering,пристающий,no_equality
2602,adhering,соблюдение,respect
2603,adhering,налипание,no_equality
2604,eons,эоны лет,âge
2605,geriatric,гериатрический,gériatrique
2606,geriatric,престарелых,no_equality
2607,geriatric,гериатрические,no_equality
2608,geriatric,гериатрическую,no_equality
2609,geriatric,гериатрического,no_equality
2610,geriatric,гериатрическое,no_equality
2611,geriatric,пожилыми,no_equality
2612,geriatric,престарелые,no_equality
2613,geriatric,области гериатрии,no_equality
2614,geriatric,гериатрическом,no_equality
2615,geriatric,престарелыми,no_equality
2616,stirrings,ростки,no_equality
2617,stirrings,волнения,no_equality
2618,rehabilitation,реабилитация,réadaptation
2619,rehabilitation,реабилитация,réhabilitation
2620,rehabilitation,реабилитация,relèvement
2621,rehabilitation,реабилитация,rééducation
2622,rehabilitation,реабилитация,réinsertion
2623,rehabilitation,реабилитация,remise en état
2624,rehabilitation,восстановление,réhabilitation
2625,rehabilitation,восстановление,relèvement
2626,rehabilitation,восстановление,remise en état
2627,rehabilitation,восстановление,redressement
2628,rehabilitation,восстановление,reconstruction
2629,rehabilitation,восстановление,rétablissement
2630,rehabilitation,восстановление,restauration
2631,rehabilitation,реконструкция,remise en état
2632,rehabilitation,реконструкция,rénovation
2633,rehabilitation,реконструкция,reconstruction
2634,rehabilitation,реконструкция,réfection
2635,rehabilitation,реконструкция,restauration
2636,rehabilitation,реконструкция,réaménagement
2637,rehabilitation,ремонт,remise en état
2638,rehabilitation,ремонт,rénovation
2639,rehabilitation,ремонт,réfection
2640,rehabilitation,оздоровление,réhabilitation
2641,rehabilitation,оздоровление,relèvement
2642,rehabilitation,оздоровление,redressement
2643,rehabilitation,перевоспитания,réadaptation
2644,rehabilitation,перевоспитания,rééducation
2645,rehabilitation,перевоспитание,réadaptation
2646,rehabilitation,перевоспитание,rééducation
2647,rehabilitation,перевоспитание,reclassement
2648,rehabilitation,реабилитационный,no_equality
2649,rehabilitation,реабилитационных,no_equality
2650,rehabilitation,реадаптации,réadaptation
2651,rehabilitation,реадаптации,réinsertion
2652,rehabilitation,реинтеграции,réadaptation
2653,rehabilitation,реинтеграции,réinsertion
2654,rehabilitation,модернизации,rénovation
2655,rehabilitation,модернизации,modernisation
2656,rehabilitation,восстановительных работ,réhabilitation
2657,rehabilitation,восстановительных работ,relèvement
2658,rehabilitation,восстановительных работ,redressement
2659,rehabilitation,восстановительных работ,reconstruction
2660,rehabilitation,восстановительных работ,réfection
2661,rehabilitation,восстановительные,relèvement
2662,rehabilitation,восстановительные,remise en état
2663,rehabilitation,восстановительные,redressement
2664,rehabilitation,восстановительные,reconstruction
2665,rehabilitation,исправление,redressement
2666,landmasses,их частей,no_equality
2667,offensively,обидно,no_equality
2668,offensively,наступательно,no_equality
2669,bungler,растяпа,no_equality
2670,bungler,плохой работник,no_equality
2671,bungler,бракодел,no_equality
2672,bid,заявка,offre
2673,bid,заявка,candidature
2674,bid,предложение,offre
2675,bid,предложение,proposition
2676,bid,ставка,offre
2677,bid,цена,no_equality
2678,bid,торги,soumission
2679,bid,торги,enchère
2680,bid,тендер,offre
2681,bid,тендер,enchère
2682,bid,поставить,miser
2683,bid,желаю,no_equality
2684,bid,результатов торгов,no_equality
2685,bid,bid,no_equality
2686,bid,лот,enchère
2687,bid,предлагаемая цена,no_equality
2688,bid,предложить,no_equality
2689,bid,торговаться,enchérir
2690,bid,предлагать цену,no_equality
2691,bid,предлагать,offrir
2692,bid,прощаюсь,no_equality
2693,infracting,нарушение,violant
2694,infracting,нарушение,infraction
2695,knew,знал,savait
2696,knew,знал,connaissait
2697,knew,знал,connaissais
2698,knew,знал,savoir
2699,knew,знал,sait
2700,knew,знал,connaître
2701,knew,знала,savait
2702,knew,знала,connaissait
2703,knew,знала,connaissais
2704,knew,знала,savoir
2705,knew,знала,connaître
2706,knew,знали,savait
2707,knew,знали,savaient
2708,knew,знали,connaissaient
2709,knew,знали,connu
2710,knew,знали,savoir
2711,knew,знали,connaissiez
2712,knew,знали,connaître
2713,knew,знаю,connaissais
2714,knew,знаю,savoir
2715,knew,знаю,sait
2716,knew,знаю,connaître
2717,knew,знает,savait
2718,knew,знает,connaissait
2719,knew,знает,savoir
2720,knew,знает,sait
2721,knew,знает,connaître
2722,knew,понял,ai su
2723,knew,узнал,savait
2724,knew,узнал,ai su
2725,knew,узнал,savoir
2726,knew,знаешь,savoir
2727,knew,знаешь,sait
2728,knew,знаешь,connaître
2729,knew,поняла,ai su
2730,knew,знать,savoir
2731,knew,знать,connaître
2732,knew,известно,savoir
2733,knew,узнала,ai su
2734,knew,узнала,savoir
2735,knew,узнали,savoir
2736,knew,знают,savaient
2737,knew,знают,connaissaient
2738,knew,знают,connu
2739,knew,знают,savoir
2740,knew,знают,connaître
2741,knew,знакомый,no_equality
2742,exemplified,подтверждается,atteste
2743,exemplified,примером,no_equality
2744,exemplified,о чем свидетельствует,atteste
2745,exemplified,служит,no_equality
2746,exemplified,может служить,no_equality
2747,exemplified,о чем свидетельствуют,no_equality
2748,exemplified,пример,no_equality
2749,bondholders,держателей облигаций,obligataire
2750,bondholders,держателей облигаций,porteurs d'obligations
2751,bondholders,держатели облигаций,obligataire
2752,bondholders,держателям облигаций,détenteurs d'obligations
2753,bondholders,держателям облигаций,obligataire
2754,bondholders,держателями облигаций,obligataire
2755,Messinas,мессина,no_equality
2756,Messinas,мессины,messin
2757,Messinas,мессине,no_equality
2758,Messinas,мессину,messin
2759,Messinas,мессиной,no_equality
2760,Messinas,мессинского,no_equality
2761,chapters,глав,chapitre
2762,chapters,главы,chapitre
2763,chapters,главах,chapitre
2764,chapters,главам,chapitre
2765,chapters,главами,chapitre
2766,chapters,разделов,chapitre
2767,chapters,разделов,section
2768,chapters,разделов,rubrique
2769,chapters,разделов,volet
2770,chapters,отделений,section
2771,chapters,отделений,branche
2772,chapters,отделения,no_equality
2773,chapters,разделы,chapitre
2774,chapters,разделы,section
2775,chapters,разделы,rubrique
2776,chapters,разделах,chapitre
2777,chapters,разделах,section
2778,chapters,разделах,rubrique
2779,chapters,главе,chapitre
2780,chapters,главе,section
2781,chapters,отделениями,section
2782,chapters,страниц,page
2783,chapters,разделам,chapitre
2784,chapters,разделам,section
2785,chapters,разделам,rubrique
2786,chapters,раздела,chapitre
2787,chapters,раздела,section
2788,chapters,раздела,rubrique
2789,inept,неумелый,no_equality
2790,inept,неспособный,incapable
2791,inept,некомпетентной,no_equality
2792,inept,неумелым,no_equality
2793,inept,бездарным,no_equality
2794,accruals,начислений,no_equality
2795,accruals,начисленные расходы,no_equality
2796,accruals,начисленных,no_equality
2797,accruals,начислениям,no_equality
2798,accruals,аккумулирования,no_equality
2799,accruals,начисленные суммы,no_equality
2800,accruals,методом начисления,no_equality
2801,accruals,количественно-суммового метода,no_equality
2802,accruals,начисление,no_equality
2803,accruals,начислениями по поступлениям,no_equality
2804,accruals,накопленных,no_equality
2805,accruals,рассчитанных количественно-суммовым методом,no_equality
2806,restrains,удерживает,retient
2807,restrains,удерживает,empêche
2808,restrains,удерживает,maintient
2809,restrains,ограничивает,limite
2810,restrains,ограничивает,restreint
2811,restrains,сдерживает,retient
2812,restrains,сдерживает,empêche
2813,restrains,сдерживает,restreint
2814,nullified,аннулирован,annulé
2815,nullified,аннулировал,no_equality
2816,nullified,аннулируются,no_equality
2817,nullified,аннулированы,annulé
2818,nullified,аннулированы,annuler
2819,nullified,свел,no_equality
2820,nullified,аннулировано,annulé
2821,nullified,аннулировали,no_equality
2822,nullified,аннулируется,no_equality
2823,nullified,отменяют,no_equality
2824,nullified,аннулировала,no_equality
2825,nullified,сводит на нет,réduit à néant
2826,nullified,нулю,no_equality
2827,nullified,признаны недействительными,no_equality
2828,nullified,аннулирования,no_equality
2829,nullified,отменил,no_equality
2830,byrnies,бёрнс,byrnes
2831,byrnies,бэрнс,no_equality
2832,byrnies,бирнс,no_equality
2833,byrnies,бёрнса,no_equality
2834,byrnies,бирнса,byrnes
2835,byrnies,бэрнсов,no_equality
2836,Spain,испания,espagne
2837,Spain,испания,espagnol
2838,Spain,испании,espagne
2839,Spain,испании,espagnol
2840,Spain,испанией,espagne
2841,Spain,испанией,espagnol
2842,Spain,испанию,no_equality
2843,Spain,испанский,no_equality
2844,Spain,франция,no_equality
2845,Spain,чили,no_equality
2846,Spain,испанцы,no_equality
2847,Spain,спании,no_equality
2848,Spain,финляндия,no_equality
2849,indifferently,равнодушно,no_equality
2850,gats,гатс,l'accord général sur le commerce des services
2851,gats,гсту,no_equality
2852,gats,гэтс,no_equality
2853,judiciousness,благоразумие,no_equality
2854,judiciousness,целесообразности,no_equality
2855,Scriptures,писание,écriture
2856,Scriptures,писаний,no_equality
2857,Scriptures,священные писания,saintes écritures
2858,Scriptures,священных писаниях,no_equality
2859,Scriptures,священные книги,no_equality
2860,Scriptures,священным писаниям,no_equality
2861,Scriptures,текстах,no_equality
2862,Scriptures,священными книгами,livre
2863,Scriptures,священному писанию,écriture
2864,Scriptures,библию,écriture
2865,Scriptures,священными свитками,no_equality
2866,topically,местно,no_equality
2867,topically,злободневно,no_equality
2868,topically,тематически,no_equality
2869,cheerios,болельщиц,no_equality
2870,cheerios,болельщицы,pom-poms
2871,cheerios,чирлидерш,no_equality
2872,cheerios,черлидеров,cheerios
2873,cheerios,чирлидеры,cheerios
2874,cheerios,болельщицами,cheerios
2875,cheerios,группа поддержки,cheerios
2876,cheerios,чирлидерши,no_equality
2877,cheerios,хлопьев,cheerios
2878,cheerios,черлидеры,no_equality
2879,cheerios,чирлидерам,no_equality
2880,cheerios,болельщица,no_equality
2881,cheerios,кукурузные хлопья,no_equality
2882,cheerios,болельщицам,no_equality
2883,cheerios,чириоз,no_equality
2884,nervily,сильно,fortement
2885,nervily,сильно,lourdement
2886,nervily,сильно,beaucoup
2887,nervily,сильно,gravement
2888,nervily,сильно,considérablement
2889,nervily,сильно,durement
2890,nervily,сильно,profondément
2891,nervily,активно,fortement
2892,nervily,активно,largement
2893,nervily,активно,étroitement
2894,nervily,активно,activement
2895,nervily,во многом,fortement
2896,nervily,во многом,largement
2897,nervily,во многом,beaucoup
2898,nervily,во многом,grandement
2899,nervily,во многом,essentiellement
2900,nervily,во многом,considérablement
2901,nervily,серьезно,fortement
2902,nervily,серьезно,gravement
2903,nervily,серьезно,considérablement
2904,nervily,серьезно,durement
2905,nervily,серьезно,profondément
2906,nervily,широко,largement
2907,nervily,широко,abondamment
2908,nervily,тяжело,lourdement
2909,nervily,тяжело,gravement
2910,nervily,тяжело,durement
2911,nervily,главным образом,largement
2912,nervily,главным образом,essentiellement
2913,nervily,много,beaucoup
2914,nervily,много,énormément
2915,nervily,существенно,fortement
2916,nervily,существенно,largement
2917,nervily,существенно,beaucoup
2918,nervily,существенно,gravement
2919,nervily,существенно,grandement
2920,nervily,существенно,énormément
2921,nervily,существенно,considérablement
2922,nervily,существенно,profondément
2923,nervily,значительной мере,beaucoup
2924,nervily,значительной мере,énormément
2925,nervily,значительной мере,essentiellement
2926,nervily,большой,no_equality
2927,nervily,активное,no_equality
2928,nervily,инициативы,no_equality
2929,nervily,значительно,fortement
2930,nervily,значительно,largement
2931,nervily,значительно,beaucoup
2932,nervily,значительно,grandement
2933,nervily,значительно,considérablement
2934,nervily,преимущественно,largement
2935,nervily,преимущественно,essentiellement
2936,seatbelts,ремни безопасности,ceinture de sécurité
2937,seatbelts,ремней безопасности,ceintures de sécurité
2938,seatbelts,ремней безопасности,ceinture de sécurité
2939,seatbelts,ремнями безопасности,ceinture de sécurité
2940,seatbelts,пристегнуты,no_equality
2941,seatbelts,пристегнуться,no_equality
2942,seatbelts,пристегнитесь,no_equality
2943,seatbelts,стратегиям,no_equality
2944,oars,весла,rame
2945,oars,весла,aviron
2946,oars,вёсел,no_equality
2947,oars,вёслами,no_equality
2948,perching,расположение,no_equality
2949,survey,обследование,enquête
2950,survey,обследование,sondage
2951,survey,обследование,étude
2952,survey,обследование,questionnaire
2953,survey,обследование,levé
2954,survey,обследование,examen
2955,survey,обследование,recensement
2956,survey,обследование,survey
2957,survey,исследование,enquête
2958,survey,исследование,étude
2959,survey,обзор,étude
2960,survey,обзор,examen
2961,survey,обзор,aperçu
2962,survey,обзор,inventaire
2963,survey,опрос,enquête
2964,survey,опрос,sondage
2965,survey,съемка,levé
2966,survey,межевание,no_equality
2967,survey,наблюдение,contrôle
2968,survey,разведка,prospection
2969,survey,обследовать,examiner
2970,survey,обозревать,no_equality
2971,survey,обзорный,no_equality
2972,survey,сюрвейерский,no_equality
2973,survey,съемочный,no_equality
2974,claws,когти,griffe
2975,claws,когти,serre
2976,claws,когтями,griffe
2977,claws,когтями,serre
2978,claws,когтей,griffe
2979,claws,когтей,serre
2980,claws,клешни,griffe
2981,claws,клешни,pince
2982,claws,клешни,patte
2983,claws,коготки,no_equality
2984,claws,клешнями,pince
2985,claws,когтях,griffe
2986,claws,коготков,griffe
2987,claws,царапает,griffe
2988,claws,коготками,no_equality
2989,claws,лапы,griffe
2990,claws,лапы,patte
2991,claws,клешней,griffe
2992,claws,клешней,pince
2993,claws,клауса,no_equality
2994,claws,клосс,perce-oreille
2995,barbells,гантели,haltère
2996,barbells,штанг,no_equality
2997,diddling,надувательство,no_equality
2998,diddling,пустая трата времени,no_equality
2999,diddling,толчки,no_equality
3000,diddling,совокупление,no_equality
3001,diddling,а трахать,no_equality
3002,diddling,трахал,no_equality
3003,extricating,освобождение,no_equality
3004,extricating,вывести,no_equality
3005,extricating,выйти,no_equality
3006,extricating,высвобождение,no_equality
3007,CRTS,цртс,no_equality
3008,CRTS,кцдз,no_equality
3009,CRTS,элт,no_equality
3010,tangents,тангенсах,no_equality
3011,assemble,собрать,assembler
3012,assemble,собрать,rassembler
3013,assemble,собрать,monter
3014,assemble,собрать,réunir
3015,assemble,собрать,recueillir
3016,assemble,собрать,former
3017,assemble,собираться,se réunir
3018,assemble,собираться,s'assembler
3019,assemble,собраться,se réunir
3020,assemble,собирать,assembler
3021,assemble,собирать,rassembler
3022,assemble,собирать,réunir
3023,assemble,собирать,recueillir
3024,assemble,собрания,no_equality
3025,assemble,сборки,no_equality
3026,assemble,сбора,no_equality
3027,assemble,сбор,no_equality
3028,assemble,свободу собраний,no_equality
3029,pilot,экспериментальный,pilote
3030,pilot,экспериментальный,expérimental
3031,pilot,пилотный,pilote
3032,pilot,опытный,pilote
3033,pilot,пробный,pilote
3034,pilot,пробный,expérimental
3035,pilot,пилот,pilote
3036,pilot,пилот,pilot
3037,pilot,летчик,pilote
3038,pilot,эксперимент,pilote
3039,pilot,эксперимент,expérimentation
3040,pilot,лоцман,no_equality
3041,pilot,пилотировать,piloter
3042,pilot,управлять,piloter
3043,pilot,экспериментальном порядке,pilotage
3044,pilot,порядке эксперимента,expérimentation
3045,pilot,пилотными,pilote
3046,pilot,опробовать,no_equality
3047,pilot,вести,no_equality
3048,pilot,охваченных экспериментом,pilote
3049,pouted,надулась,no_equality
3050,donnas,примадонны,no_equality
3051,Windsors,виндзор,windsor
3052,Windsors,виндзорский,no_equality
3053,Windsors,виндзора,no_equality
3054,Windsors,виндзоре,windsor
3055,Windsors,виндсор,no_equality
3056,Windsors,виндзорского,no_equality
3057,Windsors,уиндзор,windsor
3058,Windsors,виндзором,no_equality
3059,Windsors,виндзорские,no_equality
3060,Windsors,windsor,no_equality
3061,Doradoes,также не,no_equality
3062,Doradoes,и не,no_equality
3063,Doradoes,ни,no_equality
3064,Doradoes,равным образом,no_equality
3065,Doradoes,равно как,no_equality
3066,empathizing,сочувствие,empathie
3067,empathizing,сочувствие,sympathie
3068,victims,пострадавшие люди,no_equality
3069,jangling,звон,cliquetis
3070,jangling,бренчат,no_equality
3071,elected,выбранный,no_equality
3072,elected,избран,élu
3073,elected,избираемый,no_equality
3074,postulator,постулируется,no_equality
3075,postulator,постулат,no_equality
3076,postulator,постулировало,no_equality
3077,postulator,высказано предположение,no_equality
3078,postulator,постулировали,no_equality
3079,postulator,постулировано,no_equality
3080,postulator,постулировала,no_equality
3081,battler,вояка,no_equality
3082,inherited,унаследовал,a hérité
3083,inherited,унаследовала,a hérité
3084,inherited,унаследованных,no_equality
3085,inherited,унаследованные,no_equality
3086,inherited,наследство,no_equality
3087,inherited,унаследованной,no_equality
3088,inherited,унаследовало,no_equality
3089,inherited,унаследованного,no_equality
3090,inherited,унаследованы,no_equality
3091,inherited,унаследованная,no_equality
3092,inherited,унаследованными,no_equality
3093,inherited,унаследованное,no_equality
3094,inherited,наследуется,no_equality
3095,inherited,наследственных,héritage
3096,inherited,по наследству,héréditaire
3097,federations,федераций,no_equality
3098,federations,федерациями,fédération
3099,federations,федерациям,fédération
3100,federations,федерациях,fédération
3101,federations,объединения,association
3102,federations,ассоциаций,association
3103,federations,ассоциаций,syndicat
3104,federations,объединений,association
3105,federations,объединений,syndicat
3106,sens,сену,no_equality
3107,sens,sens,no_equality
3108,lawbreakers,правонарушителей,délinquant
3109,lawbreakers,нарушителей закона,délinquant
3110,lawbreakers,правонарушители,délinquant
3111,lawbreakers,преступников,délinquant
3112,lawbreakers,преступников,hors-la-loi
3113,lawbreakers,преступников,malfaiteur
3114,lawbreakers,нарушающие закон лица,no_equality
3115,awakening,пробуждение,éveil
3116,awakening,пробуждение,réveil
3117,awakening,пробуждение,réveiller
3118,awakening,пробуждаются,no_equality
3119,awakening,разбудили,no_equality
3120,awakening,пробуждаю,no_equality
3121,opiates,опиатов,no_equality
3122,opiates,опиаты,opiacé
3123,opiates,опиатами,no_equality
3124,opiates,опиатам,opiacé
3125,opiates,опиатах,no_equality
3126,amphitheatres,амфитеатров,no_equality
3127,haphazardly,беспорядочно,au hasard
3128,haphazardly,как попало,no_equality
3129,poising,балансирование,no_equality
3130,bashfully,всецело,no_equality
3131,bashfully,был полностью,no_equality
3132,bashfully,была полностью,no_equality
3133,bashfully,полной мере,no_equality
3134,bashfully,полного,no_equality
3135,bashfully,вполне,no_equality
3136,bashfully,твердо,no_equality
3137,bashfully,имеет полное,no_equality
3138,bashfully,полном объеме,no_equality
3139,bashfully,всестороннего,no_equality
3140,bashfully,целиком,no_equality
3141,bashfully,имеет все,no_equality
3142,Barbers,парикмахеры,coiffeur
3143,Barbers,парикмахеров,coiffeur
3144,Barbers,парикмахерам,no_equality
3145,Barbers,парикмахера,barbier
3146,Barbers,парикмахера,coiffeur
3147,Barbers,парикмахерские,no_equality
3148,Barbers,цирюльников,no_equality
3149,Barbers,парикмахерских,barbier
3150,Barbers,парикмахерских,coiffeur
3151,Barbers,парикмахерских,salons de coiffure
3152,discounted,со скидкой,discount
3153,discounted,сбрасывать со счетов,no_equality
3154,discounted,дисконтированных,no_equality
3155,discounted,дисконтированной,no_equality
3156,discounted,дисконтированная,no_equality
3157,discounted,дисконтированного,no_equality
3158,discounted,дисконтируются,no_equality
3159,discounted,льготным,avantageux
3160,discounted,исключать,no_equality
3161,discounted,скидки,no_equality
3162,discounted,сниженные,no_equality
3163,discounted,сниженным ценам,no_equality
3164,discounted,дисконтируется,no_equality
3165,freshen,освежить,resservir
3166,freshen,обновляться,no_equality
3167,freshen,обновлять,no_equality
3168,freshen,привести себя,rafraîchir
3169,freshen,освежи-ка,no_equality
3170,freshen,освежите мой бокал,no_equality
3171,freshen,наполнишь,no_equality
3172,freshen,обновлю,no_equality
3173,accelerates,ускоряет,accélère
3174,accelerates,ускоряет,accélérer
3175,accelerates,ускоряет,accélèrent
3176,accelerates,ускоряет,accélérant
3177,accelerates,ускорения,accélérer
3178,accelerates,ускорения,accélération
3179,accelerates,способствует ускорению,accélère
3180,accelerates,ускоряются,no_equality
3181,accelerates,ускоряющего,accélération
3182,accelerates,позволяет ускорить,accélérer
3183,accelerates,ускоряется,accélération
3184,communiques,коммюнике,communiqué
3185,gravels,гравий,gravier
3186,repugning,возвращение,retour
3187,repugning,возвращение,renvoi
3188,repugning,возвращение,restitution
3189,repugning,возвращение,retourner
3190,repugning,возвращение,revenir
3191,repugning,возвращение,rentrer
3192,repugning,возврат,retour
3193,repugning,возврат,restitution
3194,repugning,возвращающихся,retour
3195,repugning,возвращающихся,revenant
3196,repugning,возвращающихся,retournant
3197,repugning,возвращающихся,rapatrié
3198,repugning,вернуться,no_equality
3199,repugning,возвращаются,no_equality
3200,repugning,возвращается,retourne
3201,repugning,возвращается,revient
3202,repugning,возвращающимся,rapatrié
3203,repugning,возвращаясь,no_equality
3204,repugning,возвращаться,no_equality
3205,repugning,возвращающиеся,rapatrié
3206,repugning,вернуть,no_equality
3207,repugning,вернулись,retourner
3208,repugning,вернулись,retourne
3209,repugning,вернулись,revient
3210,repugning,возвращаю,no_equality
3211,repugning,возвращались,no_equality
3212,repugning,вернулся,retourne
3213,repugning,вернулся,revient
3214,shifted,сместился,no_equality
3215,shifted,изменилась,no_equality
3216,shifted,перешла,no_equality
3217,shifted,перешли,no_equality
3218,shifted,изменилось,modifié
3219,shifted,переместился,no_equality
3220,shifted,смещен,no_equality
3221,shifted,перенесено,no_equality
3222,shifted,переносится,no_equality
3223,shifted,смещается,no_equality
3224,shifted,перешел,changé
3225,shifted,перешел,converti
3226,shifted,переместилась,no_equality
3227,shifted,перенесены,no_equality
3228,shifted,переведены,transféré
3229,shifted,переведены,converti
3230,shifted,переместились,no_equality
3231,preternatural,сверхъестественный,surnaturel
3232,preternatural,противоестественный,no_equality
3233,shake_hands,пожать руку,serrer la main
3234,shake_hands,пожать руки,se serrer la main
3235,shake_hands,пожимать руки,no_equality
3236,shake_hands,обменяться рукопожатием,poignée de main
3237,shake_hands,обмениваться рукопожатием,poignée de main
3238,shake_hands,пожать друг другу руки,se serrer la main
3239,shake_hands,пожмите руки,serrez-vous la main
3240,shake_hands,пожмите друг другу руки,serrez-vous la main
3241,shake_hands,пожали друг другу руки,no_equality
3242,shake_hands,пожмите руку,no_equality
3243,shake_hands,жать руки,serrer des mains
3244,neutralizes,нейтрализует,neutralise
3245,neutralizes,нейтрализует,neutraliser
3246,neutralizes,нейтрализуют,no_equality
3247,neutralizes,нейтрализующее,no_equality
3248,wenchers,девки,no_equality
3249,wenchers,служанок,no_equality
3250,wenchers,девицы,no_equality
3251,Homers,хоумера,no_equality
3252,torridities,заболеваемости,morbidité
3253,torridities,заболеваний,morbidité
3254,torridities,заболеваний,pathologie
3255,torridities,послеродовых осложнений,no_equality
3256,politeness,вежливость,politesse
3257,politeness,вежливость,courtoisie
3258,politeness,учтивость,politesse
3259,politeness,учтивость,courtoisie
3260,appallings,ужасающий,épouvantable
3261,appallings,ужасающий,effroyable
3262,appallings,ужасающий,terrible
3263,appallings,ужасный,épouvantable
3264,appallings,ужасный,effroyable
3265,appallings,ужасный,terrible
3266,appallings,ужасный,horrible
3267,appallings,ужасный,abominable
3268,appallings,ужасный,affreux
3269,appallings,ужасный,atroce
3270,appallings,ужасно,épouvantable
3271,appallings,ужасно,terrible
3272,appallings,ужасно,horrible
3273,appallings,ужасно,affreux
3274,appallings,чудовищных,odieux
3275,appallings,ужасает,no_equality
3276,appallings,отвратительные,odieux
3277,appallings,ужас,no_equality
3278,appallings,чудовищные,odieux
3279,appallings,чудовищное,effroyable
3280,appallings,чудовищное,atroce
3281,concretion,сращивание,no_equality
3282,concretion,сгущение,no_equality
3283,lugged,тащили,no_equality
3284,lugged,притащил,no_equality
3285,lugged,наличник,no_equality
3286,Australias,австралийский,no_equality
3287,Australias,австралиец,no_equality
3288,Australias,австралия,no_equality
3289,Australias,австралии,no_equality
3290,Australias,австралией,no_equality
3291,Australias,australian,no_equality
3292,chalices,чаши,calice
3293,chalices,кубки,no_equality
3294,Zambia,замбия,zambie
3295,Zambia,замбия,zambia
3296,Zambia,эфиопия,no_equality
3297,Zambia,замбии,zambie
3298,Zambia,замбии,zambien
3299,Zambia,замбии,zambia
3300,Zambia,замбию,zambie
3301,Zambia,замбией,zambie
3302,Zambia,замбийской,no_equality
3303,Zambia,замбийская,zambie
3304,Zambia,замбийская,zambien
3305,Zambia,эфиопии,no_equality
3306,Zambia,замбийского,no_equality
3307,Zambia,замбийский,no_equality
3308,Zambia,зимбабве,no_equality
3309,Zambia,эквадор,no_equality
3310,revived,возродить,no_equality
3311,revived,оживить,no_equality
3312,revived,возродил,no_equality
3313,revived,возобновить,no_equality
3314,revived,восстановить,no_equality
3315,revived,возродила,no_equality
3316,revived,возрождена,no_equality
3317,revived,возрожден,no_equality
3318,revived,возобновлен,relancé
3319,revived,возобновлен,rétabli
3320,revived,возобновлен,repris
3321,revived,возобновлен,renouvelé
3322,revived,возрождения,no_equality
3323,revived,восстановлена,rétabli
3324,revived,возобновления,no_equality
3325,revived,оживили,no_equality
3326,revived,восстановлены,no_equality
3327,revived,возрождены,no_equality
3328,pomegranates,гранаты,grenade
3329,pomegranates,гранатов,no_equality
3330,pomegranates,гранат,grenade
3331,modify,изменить,modifier
3332,modify,изменить,changer
3333,modify,изменить,adapter
3334,modify,изменить,évoluer
3335,modify,изменить,transformer
3336,modify,изменить,éditer
3337,modify,изменить,amender
3338,modify,изменять,modifier
3339,modify,изменять,changer
3340,modify,изменять,modification
3341,modify,изменять,évoluer
3342,modify,изменять,transformer
3343,modify,изменять,éditer
3344,modify,модифицировать,modifier
3345,modify,менять,modifier
3346,modify,менять,changer
3347,modify,менять,varier
3348,modify,видоизменить,modifier
3349,modify,видоизменить,ajuster
3350,modify,пересмотреть,modifier
3351,modify,пересмотреть,changer
3352,modify,изменения,no_equality
3353,modify,изменению,no_equality
3354,modify,изменении,no_equality
3355,modify,скорректировать,modifier
3356,modify,скорректировать,adapter
3357,modify,скорректировать,rectifier
3358,modify,скорректировать,ajuster
3359,modify,скорректировать,moduler
3360,modify,внести,modifier
3361,modify,видоизменять,modifier
3362,modify,вносить,modifier
3363,modify,корректировать,modifier
3364,modify,корректировать,adapter
3365,modify,корректировать,ajuster
3366,modify,корректировать,moduler
3367,modify,изменяться,changer
3368,modify,изменяться,évoluer
3369,modify,изменяться,varier
3370,modify,откорректировать,no_equality
3371,modify,внесения изменений,modifier
3372,modify,внесения изменений,amender
3373,chiming,звон,carillon
3374,chiming,звон,tintement
3375,chiming,пищат,no_equality
3376,courtiers,придворных,courtisan
3377,courtiers,придворные,no_equality
3378,courtiers,придворными,no_equality
3379,shares,разделяет,partage
3380,shares,разделяет,partagent
3381,shares,разделяет,souscrit
3382,shares,разделяет,divise
3383,shares,акций,action
3384,shares,акций,part
3385,shares,акций,titre
3386,shares,акций,participation
3387,shares,доли,part
3388,shares,доли,participation
3389,shares,долей,part
3390,shares,долю,action
3391,shares,долю,part
3392,shares,долю,participation
3393,shares,делится,no_equality
3394,shares,акциями,action
3395,shares,разделяют,partage
3396,shares,разделяют,partagent
3397,shares,имеет,no_equality
3398,shares,долях,no_equality
3399,shares,поддерживает,souscrit
3400,shares,поддерживает,entretient
3401,shares,обменивается,no_equality
3402,shares,согласна,partage
3403,shares,согласна,souscrit
3404,shares,долями,part
3405,shares,делит,partage
3406,shares,делит,divise
3407,corticosteroids,кортикостероиды,corticostéroïdes
3408,corticosteroids,кортикостероидов,no_equality
3409,corticosteroids,кортикостероидами,no_equality
3410,immobilizing,иммобилизации,immobilisation
3411,immobilizing,иммобилизации,immobiliser
3412,immobilizing,остановка,no_equality
3413,dimes,пятаков,no_equality
3414,dimes,монетки,no_equality
3415,dimes,десять центов,no_equality
3416,dimes,центах,no_equality
3417,dimes,монет,no_equality
3418,dimes,цента,centime
3419,dimes,пятаки,no_equality
3420,dimes,пятаках,no_equality
3421,dimes,десятицентовые монеты,monnaie
3422,fetches,привидения,no_equality
3423,assenters,пассажиров,passager
3424,assenters,пассажиров,voyageur
3425,assenters,пассажиров,personne
3426,assenters,пассажиров,occupant
3427,assenters,пассажиры,passager
3428,assenters,пассажиры,voyageur
3429,assenters,пассажиры,occupant
3430,assenters,пассажирам,passager
3431,assenters,пассажирами,passager
3432,assenters,пассажирами,occupant
3433,assenters,пассажира,passager
3434,assenters,пассажира,voyageur
3435,assenters,пассажира,occupant
3436,assenters,пассажира,client
3437,assenters,пассажирах,passager
3438,assenters,пассажир,no_equality
3439,assenters,пассажирских перевозок,no_equality
3440,assenters,авиапассажиров,passager
3441,assenters,пассажирские перевозки,no_equality
3442,assenters,пассажирского,no_equality
3443,assenters,пассажирским,passager
3444,assenters,пассажирским,voyageur
3445,assenters,пассажиром,passager
3446,assenters,пассажиром,voyageur
3447,assenters,пассажиром,occupant
3448,assenters,попутчиков,no_equality
3449,river,речной,fluvial
3450,river,приречный,no_equality
3451,river,реки,rivière
3452,river,реки,eau
3453,river,реки,ruisseau
3454,river,р.,no_equality
3455,meningess,бессмысленный,dénué de sens
3456,meningess,бессмысленный,inutile
3457,meningess,бессмысленный,insensé
3458,meningess,бессмысленный,absurde
3459,meningess,не имеет смысла,no_equality
3460,meningess,всякий смысл,no_equality
3461,meningess,ничего не значит,no_equality
3462,meningess,бессмыслица,no_equality
3463,meningess,утратит свой смысл,no_equality
3464,meningess,ничего не значащий,no_equality
3465,mongooses,мангусты,no_equality
3466,Melias,элиаса,no_equality
3467,Melias,элайас,no_equality
3468,Melias,элаис,no_equality
3469,Melias,элиасу,no_equality
3470,Melias,элайаса,no_equality
3471,Melias,элиасом,no_equality
3472,Melias,илайес,no_equality
3473,Melias,элаиса,no_equality
3474,Melias,ильяс,no_equality
3475,Melias,ильяса,no_equality
3476,Melias,илаэса,no_equality
3477,Melias,илайеса,no_equality
3478,Melias,элайес,no_equality
3479,Melias,элаисом,no_equality
3480,Melias,элаису,no_equality
3481,profitableness,доходность,no_equality
3482,profitableness,рентабельности,rentabilité
3483,referent,референт,no_equality
3484,referent,референтный,no_equality
3485,syringes,шприцы,seringue
3486,syringes,шприцев,seringue
3487,syringes,шприцев,aiguille
3488,syringes,шприцов,seringue
3489,syringes,шприцов,aiguille
3490,syringes,шприцами,seringue
3491,syringes,шприцах,no_equality
3492,syringes,шприцам,no_equality
3493,listening,слуховой,no_equality
3494,listening,прослушивание,écoute
3495,listening,слушающий,no_equality
3496,listening,прослушиваемый,no_equality
3497,listening,прислушивающийся,no_equality
3498,listening,внимающий,no_equality
3499,listening,прислушивавшийся,no_equality
3500,mended,починил,no_equality
3501,mended,починить,no_equality
3502,mended,его починили,no_equality
3503,mended,заштопала,no_equality
3504,mended,почини его,no_equality
3505,mended,исправить,no_equality
3506,mended,штопаные,no_equality
3507,mended,помирились,no_equality
3508,mended,перекрыть,no_equality
3509,phylogenetic,филогенетических,no_equality
3510,recapitulation,резюме,no_equality
3511,recapitulation,суммирование,no_equality
3512,recapitulation,краткая информация,récapitulation
3513,befriended,подружился с,no_equality
3514,befriended,подружилась с,no_equality
3515,befriended,подружились с,no_equality
3516,relate,касаться,concerner
3517,relate,относиться,concerner
3518,relate,относиться,se rapporter
3519,relate,увязать,relier
3520,relate,увязать,lier
3521,relate,увязать,associer
3522,relate,увязать,rattacher
3523,relate,иметь отношение,no_equality
3524,relate,увязывать,relier
3525,relate,увязывать,lier
3526,relate,увязывать,associer
3527,relate,увязывать,rattacher
3528,relate,соотносятся с,no_equality
3529,relate,идет,no_equality
3530,relate,охватывать,concerner
3531,relate,охватывать,comprendre
3532,relate,охватывать,associer
3533,relate,связать,relier
3534,relate,связать,lier
3535,relate,связать,associer
3536,relate,связать,rattacher
3537,relate,соотнести,no_equality
3538,relate,общаться,no_equality
3539,relate,соотносить,lier
3540,relate,увязки,relier
3541,relate,увязки,lier
3542,relate,увязки,associer
3543,relate,увязки,rattacher
3544,auctioned,аукционы,no_equality
3545,auctioned,продал,no_equality
3546,auctioned,проданы,vendu
3547,auctioned,выставили на аукцион,no_equality
3548,auctioned,с молотка,mis aux enchères
3549,auctioned,выставлена,no_equality
3550,auctioned,продано на аукционе,vendu
3551,auctioned,выставляемых на аукцион,no_equality
3552,auctioned,выставляется на аукцион,no_equality
3553,auctioned,продают,vendu
3554,auctioned,подлежащего выставлению на аукцион,no_equality
3555,differences,различия,différence
3556,differences,различия,divergence
3557,differences,различия,disparité
3558,differences,различия,diversité
3559,differences,различий,différence
3560,differences,различий,divergence
3561,differences,различий,différend
3562,differences,различий,disparité
3563,differences,различий,diversité
3564,differences,разногласия,différend
3565,differences,разногласий,différend
3566,differences,расхождения,différence
3567,differences,расхождения,divergence
3568,differences,расхождения,disparité
3569,differences,различиями,différence
3570,differences,различиями,écart
3571,differences,различиями,variation
3572,differences,различиях,différence
3573,differences,различиях,disparité
3574,differences,разница,différence
3575,differences,разница,disparité
3576,differences,разница,différent
3577,differences,разница,variation
3578,differences,расхождений,différence
3579,differences,расхождений,divergence
3580,differences,расхождений,disparité
3581,differences,расхождений,variation
3582,differences,расхождений,divergentes
3583,differences,различиям,différence
3584,differences,отличия,no_equality
3585,differences,разницы,différence
3586,differences,разницы,variation
3587,differences,различие,différence
3588,differences,различие,divergence
3589,differences,различие,disparité
3590,differences,различие,diversité
3591,differences,различие,diffèrent
3592,differences,разницу,différence
3593,differences,разногласиями,différence
3594,differences,разногласиями,divergence
3595,differences,разногласиями,différend
3596,strangulated,ущемленный,no_equality
3597,bitch,сука,salope
3598,bitch,сука,pute
3599,bitch,сука,garce
3600,bitch,сука,salaud
3601,bitch,сука,enfoiré
3602,bitch,сука,chienne
3603,bitch,сука,connard
3604,bitch,сука,connasse
3605,bitch,сука,conne
3606,bitch,сука,putain
3607,bitch,сука,saloperie
3608,bitch,сука,pétasse
3609,bitch,Мегера,no_equality
3610,bitch,жаловаться,no_equality
3611,bitch,скулить,no_equality
3612,bitch,пакостить,no_equality
3613,bitch,ворчать,no_equality
3614,rinsing,полоскание,rinçage
3615,rinsing,промывка,rinçage
3616,rinsing,промывка,lavage
3617,rinsing,прополаскивание,no_equality
3618,rinsing,ополаскивающий,no_equality
3619,polymers,полимеров,polymère
3620,polymers,полимеры,polymère
3621,polymers,полимерами,no_equality
3622,polymers,полимерам,no_equality
3623,sensations,острые ощущения,sensation
3624,sensations,острые ощущения,sentiment
3625,pricing,ценообразование,tarification
3626,pricing,ценообразование,fixation des prix
3627,pricing,цена,prix
3628,pricing,ценовой,no_equality
3629,pricing,установления цен,tarification
3630,pricing,установления цен,fixation des prix
3631,pricing,тарифов,tarification
3632,pricing,тарифов,tarif
3633,pricing,установления расценок,tarification
3634,pricing,установления расценок,tarif
3635,pricing,определения стоимости,no_equality
3636,sweltering,знойный,no_equality
3637,sweltering,изнемогающий от жары,no_equality
3638,integrative,интегративный,no_equality
3639,integrative,интегрированный,intégré
3640,revolutionizing,революцию,révolutionner
3641,revolutionizing,революционизировал,no_equality
3642,revolutionizing,реконструкция,no_equality
3643,revolutionizing,революционизирует,no_equality
3644,revolutionizing,революционизируют,no_equality
3645,meddled,влезла,no_equality
3646,meddled,вмешивался,no_equality
3647,meddled,вмешалась,no_equality
3648,meddled,лезет,no_equality
3649,meddled,вмешался,no_equality
3650,emigrate,эмигрировать,émigrer
3651,emigrate,эмигрировать,migrer
3652,emigrate,переселиться,no_equality
3653,palliating,смягчение,atténuation
3654,inflicts,причиняет,inflige
3655,inflicts,наносит,no_equality
3656,inflicts,причиняют,no_equality
3657,intuition,интуиция,intuition
3658,intuition,интуиция,flair
3659,intuition,интуиция,intuitif
3660,intuition,чутьё,intuition
3661,intuition,предчувствие,intuition
3662,intuition,предчувствие,pressentiment
3663,lie,лежать,rester
3664,lie,лежать,être
3665,lie,лежать,s'allonger
3666,lie,лежать,rester couché
3667,lie,лежать,être couché
3668,lie,находиться,no_equality
3669,lie,лгать,no_equality
3670,lie,крыться,no_equality
3671,lie,пролегать,no_equality
3672,lie,залегать,no_equality
3673,lie,ложь,mensonge
3674,lie,ложь,menteur
3675,lie,ложь,faux
3676,lie,лиев,no_equality
3677,shelved,отложено,ajourné
3678,shelved,отложены,reportée
3679,shelved,отложен,reportée
3680,shelved,отложен,ajourné
3681,shelved,полку,no_equality
3682,shelved,заморожен,no_equality
3683,shelved,сдан,no_equality
3684,shelved,полках,no_equality
3685,shelved,дан ход,no_equality
3686,shelved,закрыто,no_equality
3687,shelved,откладывать,no_equality
3688,shelved,сдавать в архив,no_equality
3689,shelved,отправили в архив,no_equality
3690,shelved,пришлось отложить,no_equality
3691,shelved,приостановлено,no_equality
3692,shelved,«долгий ящик»,no_equality
3693,archly,лукаво,no_equality
3694,archly,игриво,no_equality
3695,promise,обещать,promettre
3696,promise,пообещать,no_equality
3697,promise,поклясться,promettre
3698,promise,поклясться,jurer
3699,promise,обещание,promesse
3700,promise,обещание,promis
3701,promise,обещание,engagement
3702,promise,обещание,parole
3703,promise,обещание,serment
3704,promise,надежда,promesse
3705,promise,надежда,espoir
3706,promise,перспектива,promesse
3707,promise,клянусь,promis
3708,promise,уверяю,promis
3709,promise,многообещающим,no_equality
3710,promise,многообещающими,no_equality
3711,promise,клятву,promesse
3712,promise,клятву,promis
3713,promise,сулят,no_equality
3714,promise,сулит,no_equality
3715,promise,перспективным,no_equality
3716,promise,перспективными,no_equality
3717,sectarian,сектантский,sectaire
3718,sectarian,межконфессиональный,no_equality
3719,sectarian,сектанский,no_equality
3720,sectarian,сектант,no_equality
3721,sectarian,сектантка,no_equality
3722,bests,лучших,meilleur
3723,Celsiuses,переписей,recensement
3724,Celsiuses,переписи,recensement
3725,Celsiuses,переписями,recensement
3726,Celsiuses,переписям,recensement
3727,Celsiuses,обследований,recensement
3728,Celsiuses,переписью населения,no_equality
3729,Celsiuses,перепись населения,recensement
3730,Celsiuses,переписях населения,no_equality
3731,Celsiuses,линиях,no_equality
3732,Celsiuses,обследования,no_equality
3733,pelicans,пеликаны,no_equality
3734,pelicans,пеликанов,pélican
3735,pelicans,компания pelicans,no_equality
3736,misappropriate,незаконно присваивать,no_equality
3737,misappropriate,незаконного присвоения,no_equality
3738,ameliorates,улучшает,améliore
3739,curry,карри,curry
3740,curry,карри,cari
3741,curry,бить,no_equality
3742,curry,кёрри,curry
3743,curry,кюри,no_equality
3744,crosses,пересекает,traverse
3745,crosses,пересекает,croise
3746,crosses,пересекает,franchit
3747,crosses,пересекает,traversent
3748,crosses,кресты,croix
3749,crosses,крестов,croix
3750,crosses,пересечет,traverse
3751,crosses,пересечет,franchit
3752,crosses,переходит,traverse
3753,crosses,переходит,passe
3754,crosses,переходит,dépasse
3755,crosses,переходит,traverser
3756,crosses,крестики,croix
3757,crosses,креста,croix
3758,crosses,крест,croix
3759,crosses,крестами,no_equality
3760,crosses,пересекается,croise
3761,crosses,пересекается,franchit
3762,crosses,крестиков,no_equality
3763,crosses,перейдет,no_equality
3764,crosses,крестах,no_equality
3765,crosses,пересекающий,no_equality
3766,crosses,пересекают,traversent
3767,separations,увольнений,départ
3768,separations,увольнения,no_equality
3769,separations,случаев прекращения службы,cessations de service
3770,separations,прекращении службы,cessations de service
3771,separations,прекращении службы,cessation de service
3772,separations,прекративших службу сотрудников,no_equality
3773,separations,прекращение службы,cessation de service
3774,separations,вышедших в отставку,no_equality
3775,separations,увольнениях,no_equality
3776,separations,разделения,séparation
3777,separations,разлучения,séparation
3778,separations,увольнением,no_equality
3779,separations,прекращающих службу,no_equality
3780,separations,разлучений,no_equality
3781,separations,увольнение,départ
3782,separations,случаев раздельного проживания супругов,séparation
3783,vibration,вибрация,vibration
3784,vibration,виброизоляция,no_equality
3785,vibration,сотрясение,no_equality
3786,vibration,уровень вибрации,vibration
3787,vibration,вибрирование,no_equality
3788,vibration,вибродатчик,no_equality
3789,vibration,флюиды,vibration
3790,vibration,вибрационный,no_equality
3791,Blackburns,блэкберны,blackburn
3792,associates,коллеги,collaborateur
3793,associates,коллеги,collègue
3794,associates,партнеры,associé
3795,associates,партнеры,partenaire
3796,associates,партнеров,associé
3797,associates,партнеров,collaborateur
3798,associates,партнеров,partenaire
3799,associates,сообщников,associé
3800,associates,сообщников,complice
3801,associates,сообщников,acolyte
3802,associates,помощников,associé
3803,associates,помощников,collaborateur
3804,associates,сотрудников,no_equality
3805,associates,коллег,associé
3806,associates,коллег,collaborateur
3807,associates,коллег,collègue
3808,associates,коллег,compagnon
3809,associates,пособников,associé
3810,associates,пособников,complice
3811,associates,пособников,acolyte
3812,associates,партнерами,associé
3813,associates,партнерами,partenaire
3814,associates,ассошиэйтс,associates
3815,associates,сообщники,associé
3816,associates,сообщники,complice
3817,associates,помощники,associé
3818,associates,помощники,collaborateur
3819,associates,помощники,acolyte
3820,associates,соратников,collaborateur
3821,associates,соратников,complice
3822,associates,соратников,compagnon
3823,associates,сообщниками,associé
3824,associates,сообщниками,complice
3825,associates,коллегами,associé
3826,associates,коллегами,collaborateur
3827,associates,коллегами,partenaire
3828,associates,коллегами,collègue
3829,pleasant,приятный,agréable
3830,pleasant,приятный,plaisant
3831,pleasant,приятный,charmant
3832,pleasant,приятный,aimable
3833,pleasant,приятный,beau
3834,pleasant,приятно,beau
3835,pleasant,плезант,pleasant
3836,pleasant,отрадный,agréable
3837,pleasant,мило,no_equality
3838,pleasant,милой,agréable
3839,pleasant,милой,aimable
3840,pleasant,милой,beau
3841,negotiation,ведение переговоров,négociation
3842,negotiation,преодоление,no_equality
3843,negotiation,согласование,négociation
3844,negotiation,обсуждение,négociation
3845,negotiation,заключение,négociation
3846,negotiation,торг,marchandage
3847,negotiation,негоциация,no_equality
3848,negotiation,переуступка,no_equality
3849,sage,мудрец,sage
3850,sage,мудрец,sauge
3851,sage,мудрец,sagesse
3852,sage,мудрец,philosophe
3853,sage,шалфей,sauge
3854,sage,мудрый,sage
3855,sage,сейдж,sage
3856,sage,сэйдж,sage
3857,sage,полынь,armoise
3858,Palestinians,палестинцев,palestinien
3859,Palestinians,палестинцев,peuple palestinien
3860,Palestinians,палестинцы,population palestinienne
3861,Palestinians,палестинцы,peuple palestinien
3862,Palestinians,палестинцами,palestinien
3863,Palestinians,палестинцам,palestinien
3864,Palestinians,палестинцам,peuple palestinien
3865,Palestinians,палестинца,palestinien
3866,Palestinians,палестинских,palestinien
3867,Palestinians,палестинского народа,palestinien
3868,Palestinians,палестинского народа,population palestinienne
3869,Palestinians,палестинской,no_equality
3870,Palestinians,палестинец,palestinien
3871,Palestinians,палестинцах,palestinien
3872,Palestinians,палестинские,palestinien
3873,Palestinians,палестины,palestinien
3874,Palestinians,палестиной,palestinien
3875,Palestinians,палестинскими,palestinien
3876,Palestinians,палестина,no_equality
3877,exporters,экспортеров,exportateur
3878,exporters,экспортеров,exportation
3879,exporters,экспортеры,exportateur
3880,exporters,экспортерами,exportateur
3881,exporters,экспортерами,exportent
3882,exporters,экспортерам,exportateur
3883,exporters,экспортерах,exportateur
3884,exporters,стран-экспортеров,no_equality
3885,exporters,странах-экспортерах,no_equality
3886,exporters,страны-экспортеры,no_equality
3887,exporters,экспорта,exportateur
3888,exporters,экспорта,exportation
3889,exporters,странам-экспортерам,no_equality
3890,exporters,нетто-экспортерами,exportateur
3891,exporters,экспорт,exportation
3892,exporters,экспортера,exportateur
3893,sympathiser,сочувствующая,no_equality
3894,sympathiser,сочувствующий,sympathisant
3895,sympathiser,сочувствующих,sympathisant
3896,satire,сатира,satire
3897,satire,насмешка,no_equality
3898,satire,сатирическое произведение,no_equality
3899,satire,сатирический,no_equality
3900,tumble,падение,no_equality
3901,tumble,кувырок,no_equality
3902,tumble,кувыркаться,no_equality
3903,tumble,опрокидывающимся,no_equality
3904,tumble,стиральной,no_equality
3905,tumble,лестницы,no_equality
3906,tumble,упала,tomber
3907,tumble,упасть,no_equality
3908,tumble,падать,tomber
3909,tumble,падать,chuter
3910,tumble,застрянут,no_equality
3911,tumble,сдует,no_equality
3912,tumble,обрушится,no_equality
3913,tumble,кувыркаются,no_equality
3914,tumble,покувыркаться,no_equality
3915,tumble,развалится,no_equality
3916,parliament,парламент,parlementaire
3917,parliament,парламент,parlement
3918,parliament,парламент,assemblée
3919,parliament,парламентарий,parlementaire
3920,parliament,здание парламента,législature
3921,parliament,парламентский,no_equality
3922,attend,посещать,assister à
3923,attend,посещать,assister
3924,attend,посещать,fréquenter
3925,attend,посещать,suivre
3926,attend,принять участие,no_equality
3927,attend,присутствовать,assister
3928,attend,присутствовать,venir
3929,attend,присутствовать,prendre part
3930,attend,присутствовать,être présent
3931,attend,присутствовать,se présenter
3932,attend,присутствовать,présent
3933,attend,участвовать,assister
3934,attend,участвовать,prendre part
3935,attend,посетить,assister à
3936,attend,посетить,aller à
3937,attend,учиться,no_equality
3938,attend,проходить,suivre
3939,attend,пройти,no_equality
3940,attend,прийти,assister
3941,attend,прийти,venir
3942,attend,приехать,assister
3943,attend,приехать,venir
3944,attend,посещения,no_equality
3945,attend,работе,no_equality
3946,attend,прохождения,no_equality
3947,attend,обучения,no_equality
3948,attend,следить,suivre
3949,attend,посещать школу,no_equality
3950,attend,обслуживать,no_equality
3951,attend,сопровождать,suivre
3952,attend,сопровождать,accompagner
3953,attend,посещать лекции,assister à
3954,attend,посещать лекции,fréquenter
3955,attend,посещать лекции,suivre
3956,condemning,осуждение,condamnant
3957,condemning,осуждение,condamnation
3958,condemning,осуждение,dénoncer
3959,condemning,осуждение,condamné
3960,condemning,осуждая,condamner
3961,condemning,осуждая,condamne
3962,condemning,осуждая,condamnent
3963,condemning,осудив,no_equality
3964,condemning,осуждающую,condamnant
3965,condemning,осуждает,condamnant
3966,condemning,осуждает,condamner
3967,condemning,осуждает,condamne
3968,condemning,осуждает,condamnation
3969,condemning,осуждает,condamnent
3970,condemning,осуждает,condamnait
3971,condemning,осуждает,dénonce
3972,condemning,осудить,no_equality
3973,condemning,осуждающие,condamnant
3974,condemning,осуждающие,condamnent
3975,condemning,осуждающие,dénonçant
3976,condemning,осуждающих,condamnant
3977,condemning,осуждающих,condamnent
3978,condemning,осуждающее,condamnant
3979,condemning,осуждающее,condamnait
3980,condemning,котором осудил,condamnant
3981,condemning,осуждать,condamner
3982,condemning,осуждать,dénoncer
3983,condemning,осуждающей,no_equality
3984,condemning,осуждающий,condamnant
3985,condemning,осуждают,condamner
3986,condemning,осуждают,condamnent
3987,condemning,осуждают,dénoncent
3988,condemning,осуждают,condamnaient
3989,condemning,осуждающим,condamnant
3990,stimulating,стимулирование,no_equality
3991,stimulating,стимулировать,no_equality
3992,stimulating,стимулируя,stimule
3993,stimulating,поощрение,no_equality
3994,stimulating,стимулирует,stimulant
3995,stimulating,стимулирует,stimuler
3996,stimulating,стимулирует,encourager
3997,stimulating,стимулирует,stimule
3998,stimulating,стимуляции,no_equality
3999,stimulating,стимулирующих,no_equality
4000,stimulating,активизации,no_equality
4001,stimulating,стимулирующим,stimulant
4002,stimulating,стимулируют,no_equality
4003,stimulating,стимулирующий,stimulant
4004,stimulating,стимулирующие,stimulation
4005,stimulating,стимулирующие,stimulent
4006,stimulating,стимулирующей,no_equality
4007,stimulating,стимулирующую,no_equality
4008,stimulating,стимулирующего,stimulant
4009,evaded,уклонялся от,no_equality
4010,evaded,избежал,a échappé à
4011,evaded,избежал,a évité
4012,evaded,обойти,no_equality
4013,evaded,ускользнул от,no_equality
4014,evaded,избежали,a évité
4015,evaded,ушел от,no_equality
4016,evaded,уклонился от,esquivé
4017,evaded,сбежал от,no_equality
4018,evaded,невыплаченных,no_equality
4019,evaded,уклоняется от,no_equality
4020,evaded,скрылся от,no_equality
4021,evaded,уклоняются от,no_equality
4022,evaded,избегали,no_equality
4023,evaded,уклонились от,no_equality
4024,sibilate,свистеть,siffler
4025,fomentation,компресс,no_equality
4026,fomentation,припарка,no_equality
4027,fomentation,разжигание,no_equality
4028,relaxer,релаксант,no_equality
4029,relaxer,таблетку мышечного релаксанта,no_equality
4030,repentance,покаяние,repentir
4031,repentance,покаяние,pénitence
4032,repentance,покаяние,contrition
4033,repentance,раскаяние,repentir
4034,repentance,раскаяние,contrition
4035,repentance,раскаянья,no_equality
4036,repentance,извинениями,no_equality
4037,repentance,раскаялся,no_equality
4038,repentance,деятельным раскаянием,no_equality
4039,winks,подмигивает,no_equality
4040,winks,моргает,cligne des yeux
4041,winks,подмигивания,no_equality
4042,winks,мгновений,no_equality
4043,winks,вздремнуть,no_equality
4044,winks,сладко,no_equality
4045,sought,желаемый,souhaité
4046,sought,востребованный,no_equality
4047,sought,отыскиваемый,no_equality
4048,sought,искомый,recherché
4049,audaciously,дерзко,no_equality
4050,plausible,правдоподобный,plausible
4051,plausible,правдоподобный,crédible
4052,plausible,вероятный,plausible
4053,plausible,вероятный,vraisemblable
4054,plausible,вероятный,probable
4055,plausible,приемлемый,no_equality
4056,plausible,благовидный,no_equality
4057,plausible,возможных,probable
4058,plausible,возможных,possible
4059,plausible,правдоподобных,no_equality
4060,plausible,убедительных,no_equality
4061,plausible,убедительное,no_equality
4062,plausible,реальных,réaliste
4063,hierarchy,иерархия,no_equality
4064,hierarchy,руководства,no_equality
4065,hierarchy,иерархической структуры,hiérarchie
4066,hierarchy,иерархической структуры,structure hiérarchique
4067,hierarchy,иерархической структуре,hiérarchie
4068,hierarchy,иерархической структуре,structure hiérarchique
4069,hierarchy,иерархических отношений,no_equality
4070,hierarchy,иерархическая структура,structure hiérarchique
4071,hierarchy,иерархическую структуру,hiérarchie
4072,hierarchy,иерархическую структуру,structure hiérarchique
4073,hierarchy,иерархической лестницы,hiérarchie
4074,hierarchy,иерархической лестницы,hiérarchique
4075,hierarchy,иерархической лестницы,échelle
4076,hierarchy,иерархи,no_equality
4077,hierarchy,иерархический,no_equality
4078,twenty-ones,двадцать,vingt
4079,twenty-ones,двадцать,20 ans
4080,twenty-ones,через 20,no_equality
4081,twenty-ones,двадцатку,no_equality
4082,twenty-ones,20-ти,no_equality
4083,twenty-ones,прошло 20,no_equality
4084,twenty-ones,те,autres
4085,twenty-ones,тех,ceux
4086,twenty-ones,тех,celles
4087,twenty-ones,тех,autres
4088,twenty-ones,из них,celles
4089,twenty-ones,кого,no_equality
4090,twenty-ones,страны,no_equality
4091,commented,отметил,a fait observer
4092,commented,отметил,a déclaré
4093,commented,отметил,a indiqué
4094,commented,отметил,a fait remarquer
4095,commented,отметил,a dit
4096,commented,отметил,a souligné
4097,commented,отметили,no_equality
4098,commented,отметила,a fait observer
4099,commented,отметила,a déclaré
4100,commented,отметила,a indiqué
4101,commented,отметила,a fait remarquer
4102,commented,отметила,a dit
4103,commented,отметила,a souligné
4104,commented,прокомментировал,a commenté
4105,commented,прокомментировал,a fait observer
4106,commented,сообщил,a déclaré
4107,commented,сообщил,a indiqué
4108,commented,сообщил,a dit
4109,commented,прокомментировали,no_equality
4110,commented,указал,a fait observer
4111,commented,указал,a déclaré
4112,commented,указал,a indiqué
4113,commented,указал,a fait remarquer
4114,commented,указал,a dit
4115,commented,указал,a souligné
4116,commented,высказали замечания,no_equality
4117,commented,заметил,a fait observer
4118,commented,прокомментировала,a commenté
4119,commented,прокомментировала,a fait des observations
4120,commented,высказались,no_equality
4121,commented,отметило,a fait observer
4122,commented,отметило,a déclaré
4123,commented,отметило,a indiqué
4124,commented,отметило,a souligné
4125,commented,указали,no_equality
4126,commented,указала,a fait observer
4127,commented,указала,a déclaré
4128,commented,указала,a indiqué
4129,commented,указала,a dit
4130,commented,указала,a souligné
4131,commented,указала,signale
4132,commented,высказали свои замечания,no_equality
4133,groins,пах,aine
4134,groins,пах,entrejambe
4135,groins,к паху,aine
4136,groins,к паху,entrejambe
4137,sonorous,звонкий,no_equality
4138,stating,указывающий,indiquant
4139,stating,утверждающий,no_equality
4140,stating,гласящий,no_equality
4141,stating,излагающий,exposant
4142,stating,констатирующий,no_equality
4143,stating,высказывающий,no_equality
4144,stating,заявление,déclaration
4145,stating,указание,indiquant
4146,stating,указание,indiquer
4147,stating,постановка,no_equality
4148,neurologic,неврологический,neurologique
4149,exertion,напряжение,effort
4150,exertion,усилие,effort
4151,exertion,нагрузке,no_equality
4152,exertion,нагрузки,no_equality
4153,exertion,проявив,no_equality
4154,abyss,пропасть,abîme
4155,abyss,пропасть,gouffre
4156,abyss,пропасть,précipice
4157,abyss,пропасть,fossé
4158,abyss,бездна,no_equality
4159,abyss,небытие,abysse
4160,abyss,небытие,néant
4161,abyss,пучину,no_equality
4162,abyss,пучине,no_equality
4163,abyss,пучины,no_equality
4164,abyss,abyss,no_equality
4165,jaguars,ягуары,no_equality
4166,jaguars,ягуаров,no_equality
4167,jaguars,ягуарами,no_equality
4168,demonstrative,демонстративный,no_equality
4169,demonstrative,доказательный,no_equality
4170,demonstrative,наглядный,démonstration
4171,demonstrative,показательные,no_equality
4172,demonstrative,демонстративной,no_equality
4173,demonstrative,показательной,no_equality
4174,demonstrative,демонстрационных,no_equality
4175,demonstrative,демонстрационные,no_equality
4176,demonstrative,показательных,démonstration
4177,designation,назначение,désignation
4178,designation,назначение,nomination
4179,designation,назначение,désigné
4180,designation,обозначение,désignation
4181,designation,обозначение,appellation
4182,designation,обозначение,dénomination
4183,designation,обозначение,indication
4184,designation,определение,no_equality
4185,designation,провозглашение,no_equality
4186,designation,статус,no_equality
4187,designation,название,désignation
4188,designation,название,appellation
4189,designation,название,dénomination
4190,designation,название,nom
4191,designation,наименование,désignation
4192,designation,наименование,appellation
4193,designation,наименование,dénomination
4194,designation,наименование,nom
4195,designation,выделение,no_equality
4196,designation,объявление,no_equality
4197,designation,указание,indication
4198,designation,десигнация,désignation
4199,designation,названия,appellation
4200,designation,названия,dénomination
4201,designation,названия,nom
4202,designation,объявления,no_equality
4203,designation,указания,indication
4204,designation,отнесение,no_equality
4205,designation,назначение на должность,désignation
4206,designation,назначение на должность,nomination
4207,Faustian,фауста,no_equality
4208,sacred,священный,sacré
4209,sacred,священный,saint
4210,sacred,неприкосновенный,inviolable
4211,sacred,священнейший,no_equality
4212,sacred,заветный,no_equality
4213,Saroyans,сароян,no_equality
4214,Saroyans,сэроян,no_equality
4215,Saroyans,сэроен,no_equality
4216,ciceroes,цицерон,cicéron
4217,ciceroes,сисеро,no_equality
4218,ciceroes,цицеро,cicéron
4219,ciceroes,цицерона,cicéron
4220,ciceroes,цицероном,cicéron
4221,ciceroes,цисеро,no_equality
4222,ciceroes,цицероне,no_equality
4223,ciceroes,цицерону,no_equality
4224,carbonic,углекислый,no_equality
4225,carbonic,угольный,no_equality
4226,carbonic,углекислоты,no_equality
4227,gymnastics,гимнастика,gymnastique
4228,gymnastics,гимнастика,gym
4229,gymnastics,по гимнастике,no_equality
4230,gymnastics,физкультуры,no_equality
4231,gymnastics,гимнастических,no_equality
4232,gymnastics,гимнастической,no_equality
4233,gymnastics,гимнастическая,no_equality
4234,gymnastics,гимнастов,no_equality
4235,gymnastics,гимнастического,gymnastique
4236,chlorinated,хлорированных,no_equality
4237,chlorinated,хлорированные,no_equality
4238,chlorinated,хлорированным,no_equality
4239,chlorinated,хлорированными,no_equality
4240,chlorinated,хлорированной,chlorée
4241,chlorinated,хлорсодержащих,no_equality
4242,chlorinated,хлорированный,no_equality
4243,chlorinated,хлорированная,no_equality
4244,chlorinated,хлорсодержащие,no_equality
4245,chlorinated,содержанием хлора,no_equality
4246,chlorinated,хлорированного,no_equality
4247,ethicisms,деонтологов,no_equality
4248,saltines,крекеров,cracker
4249,saltines,крекерами,cracker
4250,saltines,соленые крекеры,cracker
4251,saltines,солененькое,no_equality
4252,untiers,вступления,no_equality
4253,untiers,вступает,no_equality
4254,untiers,вступит,no_equality
4255,untiers,входит в,no_equality
4256,untiers,заключает,no_equality
4257,untiers,поступает,no_equality
4258,untiers,войдет в,no_equality
4259,untiers,вводит,no_equality
4260,untiers,попадает в,no_equality
4261,untiers,проникает,no_equality
4262,untiers,въезжает,no_equality
4263,untiers,заходит,no_equality
4264,untiers,выходит,no_equality
4265,untiers,вступлении,no_equality
4266,untiers,вносит,no_equality
4267,accomplish,добиться,no_equality
4268,accomplish,выполнить,accomplir
4269,accomplish,выполнить,réaliser
4270,accomplish,выполнить,atteindre
4271,accomplish,выполнить,s'acquitter
4272,accomplish,выполнить,remplir
4273,accomplish,выполнить,mener à bien
4274,accomplish,выполнить,exécuter
4275,accomplish,выполнить,faire
4276,accomplish,достичь,accomplir
4277,accomplish,достичь,réaliser
4278,accomplish,достичь,atteindre
4279,accomplish,достичь,obtenir
4280,accomplish,достичь,réussir
4281,accomplish,достичь,y parvenir
4282,accomplish,выполнять,accomplir
4283,accomplish,выполнять,réaliser
4284,accomplish,выполнять,s'acquitter
4285,accomplish,выполнять,remplir
4286,accomplish,выполнять,exécuter
4287,accomplish,выполнять,faire
4288,accomplish,осуществить,accomplir
4289,accomplish,осуществить,réaliser
4290,accomplish,осуществить,atteindre
4291,accomplish,осуществить,effectuer
4292,accomplish,осуществить,mener à bien
4293,accomplish,осуществить,exécuter
4294,accomplish,завершить,accomplir
4295,accomplish,завершить,réaliser
4296,accomplish,завершить,mener à bien
4297,accomplish,решить,no_equality
4298,accomplish,достигнуть,accomplir
4299,accomplish,достигнуть,réaliser
4300,accomplish,достигнуть,atteindre
4301,accomplish,достигнуть,obtenir
4302,accomplish,достигнуть,y parvenir
4303,accomplish,совершить,accomplir
4304,accomplish,совершить,effectuer
4305,accomplish,совершить,faire
4306,accomplish,выполнения,no_equality
4307,accomplish,достижению,no_equality
4308,accomplish,выполнению,no_equality
4309,accomplish,осуществлять,accomplir
4310,accomplish,осуществлять,réaliser
4311,accomplish,осуществлять,effectuer
4312,accomplish,осуществлять,s'acquitter
4313,accomplish,осуществлять,exécuter
4314,accomplish,справиться,réussir
4315,accomplish,реализовать,réaliser
4316,accomplish,реализовать,atteindre
4317,accomplish,реализовать,exécuter
4318,accomplish,достигать,accomplir
4319,accomplish,достигать,atteindre
4320,accomplish,достигать,obtenir
4321,accomplish,завершать,no_equality
4322,stores,магазины,magasin
4323,stores,магазины,commerce
4324,stores,магазинов,magasin
4325,stores,магазинов,boutique
4326,stores,магазинов,commerce
4327,stores,магазинах,magasin
4328,stores,магазинах,boutique
4329,stores,хранит,stocke
4330,stores,хранит,conserve
4331,stores,запасы,no_equality
4332,stores,складов,entrepôt
4333,stores,склады,entrepôt
4334,stores,склады,stockage
4335,stores,складах,no_equality
4336,stores,магазина,magasin
4337,stores,запасов,réserve
4338,stores,запасов,stockage
4339,stores,магазинам,no_equality
4340,stores,магазин,magasin
4341,stores,магазинами,magasin
4342,stores,магазинами,commerce
4343,stores,хранилищ,entrepôt
4344,stores,хранилищ,stockage
4345,stores,имущества,no_equality
4346,awakens,пробуждает,no_equality
4347,awakens,пробуждается,se réveille
4348,awakens,пробуждается,s'éveille
4349,awakens,пробуждается,se réveillera
4350,awakens,просыпается,se réveille
4351,awakens,просыпается,s'éveille
4352,awakens,проснется,se réveille
4353,awakens,проснется,se réveillera
4354,awakens,будит,no_equality
4355,awakens,звездного,no_equality
4356,awakens,пробуждение силы,réveil
4357,burry,картавый,no_equality
4358,burry,хороним,no_equality
4359,burry,похороним,no_equality
4360,burry,бьюрри,no_equality
4361,Athenss,"афины,",no_equality
4362,Athenss,"афинах,",no_equality
4363,Athenss,"афин,",no_equality
4364,Athenss,афины (,no_equality
4365,curriculum,учебная программа,no_equality
4366,curriculum,учебные программы,programme d'études
4367,curriculum,учебные программы,cursus
4368,curriculum,учебные программы,cour
4369,curriculum,учебные программы,programmes scolaires
4370,curriculum,учебный план,programme
4371,curriculum,учебный план,programmes scolaires
4372,curriculum,учебный план,cv
4373,curriculum,программа обучения,programme d'études
4374,curriculum,курс обучения,cursus
4375,curriculum,учебной программы,programmes scolaires
4376,curriculum,учебную программу,curriculum
4377,curriculum,учебную программу,cursus
4378,curriculum,учебную программу,programmes scolaires
4379,curriculum,учебных программ,programme d'études
4380,curriculum,учебных программ,programmes scolaires
4381,curriculum,учебной программе,programme d'études
4382,curriculum,учебной программе,cursus
4383,curriculum,учебной программе,programmes scolaires
4384,curriculum,учебного плана,cursus
4385,curriculum,учебного плана,programmes scolaires
4386,curriculum,учебных планов,cursus
4387,curriculum,учебных планов,programmes scolaires
4388,curriculum,учебные планы,programmes scolaires
4389,curriculum,программы обучения,programme d'études
4390,curriculum,программы обучения,cursus
4391,curriculum,программы обучения,programmes scolaires
4392,curriculum,учебной программой,programme d'études
4393,curriculum,учебных программах,cursus
4394,curriculum,учебных программах,programmes scolaires
4395,curriculum,расписание,programme
4396,Virgils,вирджил,virgile
4397,Virgils,вирджил,virgil
4398,Virgils,вёрджил,no_equality
4399,Virgils,вёрджила,virgil
4400,Virgils,вирджила,virgil
4401,Virgils,вергилий,virgile
4402,Virgils,вирджилу,no_equality
4403,Virgils,вергилия,virgil
4404,Virgils,вирджилом,no_equality
4405,Virgils,виргилий,no_equality
4406,Virgils,виргилия,no_equality
4407,Virgils,виржил,virgil
4408,snowstorms,снегопады,no_equality
4409,snowstorms,снежные бури,no_equality
4410,snowstorms,снежных бурь,no_equality
4411,snowstorms,снегопадов,no_equality
4412,winery,винодельня,no_equality
4413,winery,винзавод,no_equality
4414,winery,виноградник,vignoble
4415,winery,винный завод,no_equality
4416,winery,винным заводом,no_equality
4417,winery,хозяйство,no_equality
4418,winery,винном заводе,no_equality
4419,winery,шампанских вин artyomovsk winery,no_equality
4420,winery,грик,no_equality
4421,moduluses,модулей,no_equality
4422,moduluses,модули,no_equality
4423,moduluses,модулями,no_equality
4424,moduluses,модулям,no_equality
4425,moduluses,модуля,no_equality
4426,moduluses,модулях,no_equality
4427,moduluses,курсов,no_equality
4428,moduluses,курсы,no_equality
4429,moduluses,программы,no_equality
4430,moduluses,модуль,no_equality
4431,moduluses,разделы,no_equality
4432,moduluses,блоков,no_equality
4433,moduluses,блоки,no_equality
4434,moduluses,моделей,no_equality
4435,moduluses,компоненты,no_equality
4436,called,называемый,qualifié
4437,called,называемый,appelé
4438,called,именуемый,appelé
4439,called,вызываемый,no_equality
4440,called,именовавшийся,no_equality
4441,called,созванный,no_equality
4442,called,прозванный,no_equality
4443,called,зовущийся,no_equality
4444,called,призвавший,no_equality
4445,called,позвонивший,no_equality
4446,proliferates,разрастания,no_equality
4447,Patriarch,Патриарх,no_equality
4448,Patriarch,старейшина,patriarche
4449,boosts,повышает,augmente
4450,boosts,повышает,renforce
4451,boosts,повышает,améliore
4452,boosts,повышает,accroît
4453,boosts,стимулирует,stimule
4454,boosts,стимулирует,favorise
4455,boosts,стимулирует,encourage
4456,boosts,поднимет,no_equality
4457,boosts,способствует росту,stimule
4458,boosts,способствует росту,favorise
4459,boosts,способствует росту,encourage
4460,boosts,пробуждает,no_equality
4461,boosts,увеличивает,augmente
4462,boosts,увеличивает,accroît
4463,gates,ворота,porte
4464,gates,ворота,grille
4465,gates,ворота,barrière
4466,gates,ворота,portail
4467,gates,ворот,porte
4468,gates,ворот,grille
4469,gates,ворот,gate
4470,gates,врата,porte
4471,gates,врата,portail
4472,gates,воротами,porte
4473,gates,воротами,grille
4474,gates,воротами,portail
4475,gates,врат,porte
4476,gates,воротам,no_equality
4477,gates,двери,porte
4478,gates,двери,portail
4479,gates,воротах,no_equality
4480,gates,вратами,porte
4481,gates,гейтс,gate
4482,gates,гейтса,gate
4483,gates,гейтсом,gate
4484,gates,гейтсу,gate
4485,gates,вратам,no_equality
4486,gates,гейтсов,gate
4487,bitching,ноешь,râler
4488,bitching,ноешь,râle
4489,bitching,ноешь,te plaindre
4490,bitching,ноешь,te plains
4491,bitching,ныть,de gémir
4492,bitching,ныть,te plaindre
4493,bitching,скулить,râler
4494,bitching,скулить,te plaindre
4495,bitching,жаловался,no_equality
4496,bitching,нытье,no_equality
4497,bitching,ворчит,râle
4498,bitching,брюзжать,no_equality
4499,bitching,ноет,no_equality
4500,bitching,скулил,râler
4501,bitching,выделываться,no_equality
4502,bitching,жаловалась,te plaindre
4503,bitching,скулёж,no_equality
4504,bitching,скулит,no_equality
4505,bitching,жаловались,no_equality
4506,bitching,воняешь здесь,no_equality
4507,anaesthetise,анестезировать,anesthésier
4508,anaesthetise,обезболить,no_equality
4509,anaesthetise,обезболивать,no_equality
4510,assistances,помощи,assistance
4511,assistances,помощь,aide
4512,assistances,помощь,assistance
4513,froth,пена,mousse
4514,froth,пена,écume
4515,froth,вспенивать,no_equality
4516,froth,вскипать,no_equality
4517,froth,вспенивал,no_equality
4518,froth,милостивый государь,no_equality
4519,froth,пенным пивом,no_equality
4520,holey,дырявый,no_equality
4521,obsessional,навязчивый,no_equality
4522,atoms,атомов,atome
4523,atoms,атомы,atome
4524,atoms,атомами,atome
4525,atoms,атом,atome
4526,atoms,атома,atome
4527,atoms,атомам,atome
4528,atoms,атомах,no_equality
4529,valerians,валерианцев,no_equality
4530,valerians,валерианцы,no_equality
4531,lovely,прекрасный,beau
4532,lovely,прекрасный,charmant
4533,lovely,прекрасный,joli
4534,lovely,прекрасный,adorable
4535,lovely,прекрасный,bel
4536,lovely,прекрасный,magnifique
4537,lovely,прекрасный,superbe
4538,lovely,прекрасный,merveilleux
4539,lovely,милый,beau
4540,lovely,милый,charmant
4541,lovely,милый,joli
4542,lovely,милый,adorable
4543,lovely,милый,gentil
4544,lovely,чудесный,beau
4545,lovely,чудесный,charmant
4546,lovely,чудесный,joli
4547,lovely,чудесный,magnifique
4548,lovely,чудесный,superbe
4549,lovely,чудесный,merveilleux
4550,lovely,мило,no_equality
4551,lovely,красивый,beau
4552,lovely,красивый,charmant
4553,lovely,красивый,joli
4554,lovely,красивый,magnifique
4555,lovely,красивый,superbe
4556,lovely,прелестный,charmant
4557,lovely,прелестный,joli
4558,lovely,прелестный,adorable
4559,lovely,прелестный,bel
4560,lovely,прелестный,superbe
4561,lovely,очаровательный,charmant
4562,lovely,очаровательный,adorable
4563,lovely,чудесно,beau
4564,lovely,чудесно,charmant
4565,lovely,чудесно,adorable
4566,lovely,чудесно,magnifique
4567,lovely,чудесно,superbe
4568,lovely,чудесно,merveilleux
4569,lovely,прекрасно,no_equality
4570,lovely,замечательно,no_equality
4571,lovely,рада,no_equality
4572,lovely,любимый,no_equality
4573,lovely,замечательный,beau
4574,lovely,замечательный,charmant
4575,lovely,замечательный,magnifique
4576,lovely,замечательный,superbe
4577,lovely,замечательный,merveilleux
4578,lovely,отличный,beau
4579,lovely,отличный,joli
4580,lovely,отличный,superbe
4581,hinting,намекал,no_equality
4582,hinting,намекая,faisant allusion
4583,hinting,намекая,insinuant
4584,hinting,намекает,insinue
4585,hinting,намекала,no_equality
4586,hinting,намекаете,sous-entendez
4587,hinting,намек,allusion
4588,hinting,намек,laisse entendre
4589,hinting,намекать,no_equality
4590,hinting,намекаешь,insinue
4591,bores,утомляет,ennuyeux
4592,bores,зануд,no_equality
4593,bores,зануды,ennuyeux
4594,bores,скучные,ennuyeux
4595,bores,докучает,no_equality
4596,bores,скучен,ennuyeux
4597,bores,утомляют,no_equality
4598,bores,скучно,ennuyeux
4599,bores,артезианских колодцев,no_equality
4600,bores,повторов,no_equality
4601,bores,надоедает,no_equality
4602,bores,скучны,no_equality
4603,bores,наводит скуку,no_equality
4604,bores,наскучил,no_equality
4605,inhabitancy,проживание,no_equality
4606,inhabitancy,среда обитания,no_equality
4607,tidy,порядок,no_equality
4608,tidy,прибраться,ranger
4609,tidy,прибраться,nettoyer
4610,tidy,аккуратно,no_equality
4611,tidy,аккуратный,soigné
4612,tidy,опрятный,propre
4613,tidy,опрятный,soigné
4614,tidy,чисто,propre
4615,tidy,чистоте,propre
4616,tidy,чистоте,propreté
4617,tidy,убраться,ranger
4618,tidy,убраться,nettoyer
4619,tidy,убрать,ranger
4620,tidy,убрать,nettoyer
4621,tidy,опрятно,no_equality
4622,tidy,приберись,no_equality
4623,purchased,купил,racheté
4624,purchased,купил,acheter
4625,purchased,купил,acheta
4626,purchased,закуплено,acheté
4627,purchased,приобретены,acheté
4628,purchased,приобретены,acquérir
4629,purchased,приобрел,no_equality
4630,purchased,закуплены,acheté
4631,purchased,приобретенных,acquérir
4632,purchased,купили,no_equality
4633,purchased,закупленных,no_equality
4634,purchased,приобрести,no_equality
4635,purchased,приобретенные,acquérir
4636,purchased,приобретено,acheté
4637,purchased,приобрели,no_equality
4638,purchased,приобрела,no_equality
4639,purchased,куплены,no_equality
4640,purchased,купила,acheter
4641,purchased,купила,acheta
4642,purchased,купила,achetait
4643,rescheduled,перенесено,reporté
4644,rescheduled,перенесены,reporté
4645,rescheduled,перенесены,reprogrammé
4646,rescheduled,перенесена,reporté
4647,rescheduled,перенесен,reporté
4648,rescheduled,перенесла,no_equality
4649,rescheduled,реструктурировали,ont rééchelonné
4650,rescheduled,реструктурированы,no_equality
4651,rescheduled,перенесенной,no_equality
4652,rescheduled,сроки погашения,rééchelonner
4653,rescheduled,переносили,no_equality
4654,rescheduled,пересматривались,no_equality
4655,rescheduled,погашаться,no_equality
4656,rescheduled,которых были пересмотрены,no_equality
4657,rescheduled,переносились,no_equality
4658,rescheduled,перенесем,no_equality
4659,earl,эрл,earl
4660,earl,граф,comte
4661,earl,ярл,comte
4662,earl,ярл,jarl
4663,earl,ярл,earl
4664,earl,графа,comte
4665,earl,эрла,no_equality
4666,earl,эрлом,comte
4667,earl,эрлом,earl
4668,earl,эрлу,earl
4669,earl,ерл,no_equality
4670,earl,эрле,no_equality
4671,concatenation,сцепление,no_equality
4672,concatenation,конкатенация,no_equality
4673,concatenation,цепь,no_equality
4674,shade,тень,ombre
4675,shade,оттенок,nuance
4676,shade,оттенок,teinte
4677,shade,оттенок,couleur
4678,shade,оттенок,teint
4679,shade,тенёк,no_equality
4680,shade,штора,store
4681,shade,силуэт,ombre
4682,shade,затенить,no_equality
4683,shade,шейд,no_equality
4684,shade,шэйд,no_equality
4685,shade,гоопи,no_equality
4686,shade,цвет,teinte
4687,shade,цвет,couleur
4688,crawled,заполз,a rampé
4689,crawled,прополз,a rampé
4690,crawled,забрался,no_equality
4691,crawled,заползла,no_equality
4692,crawled,залез,a grimpé
4693,crawled,ползал,ai rampé
4694,crawled,пополз,a rampé
4695,crawled,полз,a rampé
4696,crawled,выполз,no_equality
4697,crawled,вылез,a rampé
4698,crawled,выползла,no_equality
4699,crawled,уполз,no_equality
4700,crawled,выползли,no_equality
4701,crawled,забралась,no_equality
4702,involuntary,недобровольный,no_equality
4703,involuntary,непроизвольный,involontaire
4704,involuntary,принудительного,involontaire
4705,involuntary,принудительного,forcé
4706,involuntary,принудительной,forcé
4707,involuntary,принудительное,no_equality
4708,involuntary,вынужденной,no_equality
4709,involuntary,вынужденных,involontaire
4710,involuntary,вынужденных,forcé
4711,involuntary,недобровольно,no_equality
4712,involuntary,принудительном,forcé
4713,involuntary,невольный,involontaire
4714,involuntary,принудительная,no_equality
4715,involuntary,принудительных,forcé
4716,involuntary,принудительному,forcé
4717,involuntary,вынужденного,forcé
4718,involuntary,непреднамеренное,no_equality
4719,involuntary,принудительную,forcé
4720,impacts,последствий,effet
4721,impacts,последствий,répercussion
4722,impacts,последствий,impact
4723,impacts,последствий,conséquence
4724,impacts,последствий,incidence
4725,impacts,последствий,retombée
4726,impacts,воздействия,effet
4727,impacts,воздействия,impact
4728,impacts,последствия,répercussion
4729,impacts,последствия,conséquence
4730,impacts,последствия,incidence
4731,impacts,последствия,retombée
4732,impacts,последствия,influence
4733,impacts,воздействие,effet
4734,impacts,воздействие,impact
4735,impacts,воздействие,influence
4736,impacts,воздействий,incidence
4737,impacts,последствиями,effet
4738,impacts,последствиями,impact
4739,impacts,последствиям,effet
4740,impacts,последствиям,répercussion
4741,impacts,последствиям,impact
4742,impacts,последствиям,conséquence
4743,impacts,последствиям,incidence
4744,impacts,последствиям,retombée
4745,impacts,влияние,répercussion
4746,impacts,влияние,conséquence
4747,impacts,влияние,incidence
4748,impacts,влияние,retombée
4749,impacts,влияние,influence
4750,impacts,последствиях,effet
4751,impacts,последствиях,répercussion
4752,impacts,последствиях,impact
4753,impacts,последствиях,conséquence
4754,impacts,последствиях,incidence
4755,impacts,последствиях,retombée
4756,impacts,влияния,effet
4757,impacts,влияния,impact
4758,impacts,воздействию,impact
4759,impacts,воздействием,effet
4760,impacts,воздействием,impact
4761,impacts,сказывается,effet
4762,impacts,сказывается,impact
4763,impacts,сказывается,conséquence
4764,impacts,сказывается,influence
4765,impacts,сказывается,influe
4766,impacts,сказывается,affecte
4767,impacts,сказывается,touche
4768,impacts,сказывается,nuit
4769,impacts,влияет,effet
4770,impacts,влияет,répercussion
4771,impacts,влияет,conséquence
4772,impacts,влияет,influence
4773,impacts,влияет,influe
4774,impacts,влияет,affecte
4775,impacts,влияет,touche
4776,impacts,воздействиям,effet
4777,impacts,воздействиям,incidence
4778,billing,выставления счетов,facturation
4779,billing,выставление счетов,no_equality
4780,billing,расчетов,no_equality
4781,billing,биллинг,no_equality
4782,billing,составление счетов,facture
4783,billing,составление счетов,compte
4784,billing,счета,facturation
4785,billing,счета,facture
4786,billing,счета,compte
4787,billing,оплаты,honoraire
4788,billing,платежный,no_equality
4789,billing,биллинга,no_equality
4790,billing,фактурирования,facturation
4791,billing,бухгалтерии,compte
4792,billing,биллинговой,no_equality
4793,billing,биллинговых,no_equality
4794,billing,бухгалтерия,no_equality
4795,dissimilarity,отличие,no_equality
4796,dissimilarity,расхождения,no_equality
4797,rusts,ржавеет,rouille
4798,addict,наркоман,drogué
4799,addict,наркоман,accro
4800,addict,наркоман,toxicomane
4801,addict,наркоман,toxico
4802,addict,наркоман,junkie
4803,addict,наркоман,camé
4804,addict,наркоман,accroc
4805,addict,пристрастие,accro
4806,addict,пристрастие,addiction
4807,addict,наркозависимый человек,drogué
4808,addict,больной наркоманией,no_equality
4809,addict,зависимый,no_equality
4810,addict,подсесть,no_equality
4811,addict,пристрастившийся,no_equality
4812,gringos,гринго,gringo
4813,gringos,американцы,no_equality
4814,gringos,грингос,no_equality
4815,halved,вдвое,no_equality
4816,halved,два раза,no_equality
4817,halved,наполовину,no_equality
4818,halved,2 раза,no_equality
4819,offloaded,выгружено,no_equality
4820,offloaded,выгружены,no_equality
4821,offloaded,выгрузили,déchargé
4822,offloaded,разгружены,no_equality
4823,offloaded,выгружен,no_equality
4824,offloaded,разгружались,déchargé
4825,offloaded,разгружали,no_equality
4826,offloaded,выгрузки,no_equality
4827,offloaded,разгружался,no_equality
4828,offloaded,выгружались,no_equality
4829,offloaded,выгружается,no_equality
4830,offloaded,выгружалось,no_equality
4831,ganged,сопрягать,no_equality
4832,proved,доказанный,prouvé
4833,proved,обоснованный,no_equality
4834,proved,доказываемый,no_equality
4835,kiting,кайтинг,no_equality
4836,kiting,подделку чека,no_equality
4837,kiting,подделка чеков,no_equality
4838,kiting,подделку чеков,no_equality
4839,kiting,выписку чека против не инкассированной суммы,no_equality
4840,colds,простуды,rhume
4841,colds,простуда,rhume
4842,colds,простуду,rhume
4843,colds,простудой,rhume
4844,colds,простудой,grippe
4845,colds,холода,froid
4846,colds,простужалась,no_equality
4847,colds,простудами,no_equality
4848,colds,болею,no_equality
4849,colds,простыл,rhume
4850,colds,простужаюсь,no_equality
4851,colds,простудам,no_equality
4852,colds,простудиться,no_equality
4853,hints,намеки,indice
4854,hints,намеки,allusion
4855,hints,подсказки,indice
4856,hints,намекает,no_equality
4857,hints,намеков,allusion
4858,hints,подсказок,indice
4859,hints,нотки,no_equality
4860,hints,намеками,no_equality
4861,hints,подсказками,indice
4862,hints,советы,conseil
4863,hints,советы,suggestion
4864,dedications,приветы,no_equality
4865,roadways,дорог,route
4866,roadways,дорог,voie
4867,roadways,дорог,chemin
4868,roadways,дорог,réseau routier
4869,roadways,дорогах,route
4870,roadways,дороги,route
4871,roadways,дороги,voie
4872,roadways,дороги,chaussée
4873,roadways,дороги,autoroute
4874,roadways,протяженность,no_equality
4875,roadways,дорогами,no_equality
4876,roadways,автодорог,route
4877,roadways,автодорог,autoroute
4878,roadways,проезжей части,chaussée
4879,suppressing,подавляющий,no_equality
4880,suppressing,подавивший,no_equality
4881,suppressing,подавление,suppression
4882,suppressing,подавление,répression
4883,suppressing,подавление,supprimer
4884,suppressing,подавление,réprimer
4885,shadowing,затенение,ombrage
4886,shadowing,наставничества,jumelage
4887,shadowing,тенью,ombre
4888,shadowing,следовать за,no_equality
4889,shadowing,сопровождать,no_equality
4890,shadowing,следил за,no_equality
4891,shadowing,следили за,no_equality
4892,shadowing,следят за,no_equality
4893,shadowing,наблюдать за,no_equality
4894,shadowing,следовали за,no_equality
4895,attenuation,ослабление,affaiblissement
4896,attenuation,ослабление,diminution
4897,attenuation,затухание,no_equality
4898,attenuation,смягчающим,no_equality
4899,attenuation,смягчением,atténuation
4900,attenuation,смягчении,atténuation
4901,attenuation,естественном ослаблении,no_equality
4902,attenuation,гамма-излучения,no_equality
4903,procurement,закупка,achat
4904,procurement,закупка,acquisition
4905,procurement,приобретение,achat
4906,procurement,приобретение,acquisition
4907,procurement,приобретение,obtention
4908,procurement,сводничество,proxénétisme
4909,procurement,закупочной деятельности,achat
4910,procurement,закупочной деятельности,passation des marchés
4911,procurement,закупочных,no_equality
4912,procurement,закупочные,no_equality
4913,procurement,закупочный,no_equality
4914,procurement,закупочного,no_equality
4915,procurement,снабжения,approvisionnement
4916,procurement,снабжения,fourniture
4917,procurement,материально-технического,no_equality
4918,procurement,поставок,no_equality
4919,procurement,снабжению,approvisionnement
4920,procurement,снабжению,fourniture
4921,procurement,поставки,approvisionnement
4922,procurement,поставки,fourniture
4923,procurement,снабженческого,no_equality
4924,itchiness,зуд,démangeaison
4925,itchiness,жажда,no_equality
4926,fates,судьбы,destin
4927,fates,судьба,destin
4928,fates,судьба,sort
4929,fates,судьбу,destin
4930,fates,судьбу,sort
4931,fates,судьбу,destinée
4932,fates,судеб,destin
4933,fates,судеб,sort
4934,fates,судьбе,no_equality
4935,fates,судьбами,no_equality
4936,avers,"системе ""avers",no_equality
4937,avers,"""avers""",no_equality
4938,avers,система денежных переводов «аvers»,no_equality
4939,excellence,совершенство,no_equality
4940,excellence,мастерство,no_equality
4941,excellence,совершенствование,perfectionnement
4942,excellence,превосходство,supériorité
4943,excellence,передового опыта,no_equality
4944,excellence,повышения квалификации,compétence
4945,excellence,повышения квалификации,perfectionnement
4946,excellence,высокое качество,no_equality
4947,excellence,повышения эффективности,no_equality
4948,excellence,передовых технологий,no_equality
4949,excellence,обмена передовым опытом,no_equality
4950,excellence,отличную работу,no_equality
4951,excellence,высокого качества,excellence
4952,excellence,высокого качества,qualité
4953,excellence,выдающиеся достижения,no_equality
4954,excellence,образцового,no_equality
4955,excellence,excellence,no_equality
4956,stubbornness,упрямство,entêtement
4957,stubbornness,упрямство,obstination
4958,stubbornness,упорство,no_equality
4959,stubbornness,неуступчивость,no_equality
4960,stubbornness,упрямстве,no_equality
4961,elusive,неуловимый,insaisissable
4962,elusive,уклончивый,évasif
4963,elusive,иллюзорный,illusoire
4964,elusive,труднодостижимый,no_equality
4965,elusive,слабый,no_equality
4966,elusive,уловимый,no_equality
4967,elusive,изворотливый,no_equality
4968,elusive,ускользающий,no_equality
4969,pulses,импульсов,impulsion
4970,pulses,импульсов,pulsation
4971,pulses,импульсов,pulsion
4972,pulses,импульсы,impulsion
4973,pulses,импульсы,pulsation
4974,pulses,импульсы,pulsion
4975,pulses,бобовых,no_equality
4976,pulses,бобовые,légumineuse
4977,pulses,пульс,pouls
4978,pulses,бобы,no_equality
4979,pulses,бобов,no_equality
4980,pulses,зернобобовых культур,no_equality
4981,pulses,импульсах,no_equality
4982,pulses,импульсами,impulsion
4983,pulses,импульсами,pulsion
4984,crapper,сортир,chiotte
4985,sceptical,скептический,sceptique
4986,sceptical,скептически,no_equality
4987,sceptical,скептически настроенный,no_equality
4988,collaborator,соавтор,collaborateur
4989,collaborator,сотрудник,collaborateur
4990,collaborator,коллега,no_equality
4991,collaborator,коллаборационист,no_equality
4992,collaborator,коллаборациониста,no_equality
4993,collaborator,коллаборационистом,collaborateur
4994,collaborator,предателя,no_equality
4995,collaborator,предателем,collaborateur
4996,collaborator,пособничестве,complice
4997,collaborator,сотрудничал с,no_equality
4998,collaborator,сотрудничающего с,no_equality
4999,collaborator,пособником,complice
5000,collaborator,коллаборационизме,no_equality
5001,frame,рамка,cadre
5002,frame,рама,cadre
5003,frame,рамки,cadre
5004,frame,кадр,cadre
5005,frame,кадр,image
5006,frame,каркас,carcasse
5007,frame,фрейм,frame
5008,frame,подставить,encadrer
5009,frame,подставить,piéger
5010,frame,обвинить,piéger
5011,frame,подставлять,piéger
5012,frame,сформулировать,no_equality
5013,frame,рамочных,cadre
5014,frame,основой,no_equality
5015,frame,основу,cadre
5016,frame,подстава,no_equality
5017,frame,обрамление,no_equality
5018,frame,структурировать,no_equality
5019,frame,рамочный,cadre
5020,frame,тело,no_equality
5021,frame,оправа,monture
5022,frame,frame,no_equality
5023,codons,который вставляет с нужной частотой терминаторные кодоны,no_equality
5024,mistaking,приняв,no_equality
5025,mistaking,перепутает,no_equality
5026,mistaking,перепутать,confondre
5027,mistaking,путаешь,confondez
5028,mistaking,путаешь,confondu
5029,mistaking,ошибаюсь,no_equality
5030,mistaking,перепутав,no_equality
5031,mistaking,ошибочно принимает,no_equality
5032,mistaking,ошибиться невозможно,se tromper
5033,mistaking,путаете,confondre
5034,mistaking,путаете,confondez
5035,mistaking,ошибки быть не,no_equality
5036,grub,жратва,bouffe
5037,grub,личинка,larve
5038,grub,подкрепиться,no_equality
5039,grub,хавчик,no_equality
5040,grub,жрачка,no_equality
5041,grub,еды,no_equality
5042,grub,еду,nourriture
5043,odors,запахи,odeur
5044,odors,запахов,odeur
5045,odors,запаха,odeur
5046,odors,запах,odeur
5047,odors,ароматы,odeur
5048,odors,запахами,no_equality
5049,cores,сердечников,no_equality
5050,cores,кернов,no_equality
5051,cores,ядер,noyau
5052,cores,ядра,noyau
5053,cores,ядра,cœur
5054,cores,стержни,no_equality
5055,cores,кернах,no_equality
5056,cores,сердечники,no_equality
5057,cores,ядрами,noyau
5058,cores,трубок,no_equality
5059,cores,стержней,no_equality
5060,cores,гильз,no_equality
5061,cores,колонках,carotte
5062,cores,образцов,échantillon
5063,fortnightly,раз в две недели,tous les quinze jours
5064,fortnightly,раз в две недели,toutes les deux semaines
5065,fortnightly,каждые две недели,tous les quinze jours
5066,fortnightly,каждые две недели,toutes les deux semaines
5067,fortnightly,двухнедельник,no_equality
5068,fortnightly,периодическее двухнедельное издание,no_equality
5069,fortnightly,двухнедельных,no_equality
5070,fortnightly,двухнедельной,no_equality
5071,fortnightly,двухнедельные,no_equality
5072,fortnightly,двухнедельную,no_equality
5073,fortnightly,каждые 15 дней,no_equality
5074,fortnightly,двухнедельного,no_equality
5075,mintage,чеканка монеты,no_equality
5076,sediment,осадок,no_equality
5077,sediment,отложений,sédiment
5078,sediment,отложений,dépôt
5079,sediment,отложениях,no_equality
5080,sediment,осадочного слоя,sédiment
5081,sediment,осадочных пород,sédiment
5082,sediment,осадка,no_equality
5083,sediment,осаждений,sédiment
5084,sediment,осаждений,dépôt
5085,sediment,осаждений,résidu
5086,sediment,осадочные отложения,sédiment
5087,sediment,осажденном материале,no_equality
5088,sediment,осадочные породы,no_equality
5089,sediment,ила,no_equality
5090,sediment,наносов,no_equality
5091,sediment,осадки,no_equality
5092,hemodynamics,гемодинамики,no_equality
5093,hemodynamics,гемодинамику,no_equality
5094,entitled,озаглавленный,intitulé
5095,entitled,имеющий право,no_equality
5096,entitled,под заглавием,no_equality
5097,seaman,матрос,marin
5098,seaman,матрос,matelot
5099,seaman,моряк,marin
5100,seaman,моряк,matelot
5101,seaman,моряки,marin
5102,seaman,браун,no_equality
5103,seaman,симан,no_equality
5104,solicitous,заботливый,attentionné
5105,tardy,запоздалый,tardif
5106,tardy,медлительный,no_equality
5107,tardy,опоздать,no_equality
5108,tardy,опоздание,no_equality
5109,tardy,опаздывает,no_equality
5110,tardy,запоздавшие,no_equality
5111,tardy,запаздывают с,no_equality
5112,tardy,тарди,no_equality
5113,tardy,запоздали,en retard
5114,socializer,общаться,no_equality
5115,socializer,пообщаться,no_equality
5116,socializer,любезничать,no_equality
5117,socializer,национализировать,no_equality
5118,socializer,общения,no_equality
5119,socializer,социализации,no_equality
5120,socializer,общению,no_equality
5121,socializer,общение с окружающими,no_equality
5122,socializer,жизни общества,no_equality
5123,parachutists,парашютистов,parachutiste
5124,parachutists,парашютисты,no_equality
5125,operation,операция,opération
5126,operation,операция,intervention
5127,operation,работа,service
5128,operation,работа,activité
5129,operation,работа,action
5130,operation,эксплуатация,exploitation
5131,operation,эксплуатация,utilisation
5132,operation,управление,service
5133,operation,управление,commande
5134,operation,управление,gestion
5135,operation,управление,manoeuvre
5136,operation,действие,opération
5137,operation,действие,fonctionnement
5138,operation,действие,application
5139,operation,действие,action
5140,operation,операционная,no_equality
5141,operation,режим,no_equality
5142,operation,использование,exploitation
5143,operation,использование,utilisation
5144,operation,использование,application
5145,operation,предприятие,activité
5146,operation,срабатывание,fonctionnement
5147,operation,срабатывание,actionnement
5148,operation,боевые действия,no_equality
5149,operation,оперирование,no_equality
5150,operation,рабочий,no_equality
5151,pansies,анютины глазки,pensée
5152,pansies,слабаки,no_equality
5153,pansies,пидоров,tapette
5154,pansies,слабаков,no_equality
5155,pansies,фиалки,no_equality
5156,pansies,гомики,tapette
5157,ecrus,есв,no_equality
5158,duchesses,герцогини,duchesse
5159,duchesses,герцогинь,no_equality
5160,duchesses,княгинь,no_equality
5161,neglect,безнадзорность,négligence
5162,neglect,пренебрежение,négligence
5163,neglect,игнорирование,négligence
5164,neglect,игнорирование,abandon
5165,neglect,игнорирование,indifférence
5166,neglect,халатность,négligence
5167,neglect,невнимание,indifférence
5168,neglect,беспризорность,no_equality
5169,neglect,пренебрегать,négliger
5170,neglect,пренебрегать,ignorer
5171,neglect,игнорировать,no_equality
5172,neglect,отсутствия заботы,négligence
5173,neglect,отсутствия заботы,délaissement
5174,neglect,отсутствие заботы,no_equality
5175,neglect,пренебрежительного отношения,négligence
5176,neglect,внимания,no_equality
5177,neglect,запущенность,no_equality
5178,neglect,забывать о,négliger
5179,neglect,забывать о,oublier
5180,neglect,забывать о,ignorer
5181,neglect,пренебречь,négliger
5182,neglect,забыть,oublier
5183,neglect,забыть,ignorer
5184,neglect,манкировать,no_equality
5185,cortex,кора,cortex
5186,cortex,кора,écorce
5187,cortex,коры головного мозга,corticale
5188,cortex,кору головного мозга,no_equality
5189,cortex,коре головного мозга,no_equality
5190,cortex,кору мозга,no_equality
5191,cortex,мозг,no_equality
5192,algal,водорослей,algue
5193,algal,цветений,no_equality
5194,algal,цветения,no_equality
5195,algal,цветениям,no_equality
5196,algal,водорослях,algue
5197,algal,цветение,no_equality
5198,algal,цветениях,no_equality
5199,algal,водорослевого,no_equality
5200,algal,полисахаридных,no_equality
5201,algal,водорослевой,no_equality
5202,algal,водорослевое,no_equality
5203,neurotics,невротиков,no_equality
5204,framing,разработке,élaboration
5205,framing,разработке,définition
5206,framing,разработке,formulation
5207,framing,разработки,élaboration
5208,framing,разработки,formulation
5209,framing,подставил,no_equality
5210,framing,подставить,no_equality
5211,framing,подставляет,no_equality
5212,framing,формировании,élaboration
5213,framing,формировании,définition
5214,framing,формировании,formulation
5215,framing,подставили,no_equality
5216,framing,подставлять,no_equality
5217,framing,кадрирования,no_equality
5218,framing,обрамление,no_equality
5219,framing,кадрирование,cadrage
5220,framing,подставляя,no_equality
5221,framing,формулирования,élaboration
5222,framing,формулирования,définition
5223,framing,формулирования,formulation
5224,regaining,восстановление,reprise
5225,regaining,восстановление,récupération
5226,regaining,восстановить,retrouver
5227,regaining,восстановить,regagner
5228,regaining,восстановить,reprendre
5229,regaining,восстановить,recouvrer
5230,regaining,восстановить,récupérer
5231,regaining,восстановить,rétablir
5232,regaining,обретения,no_equality
5233,regaining,вновь обрести,retrouver
5234,regaining,вновь обрести,regagner
5235,regaining,вновь обрести,recouvrer
5236,regaining,вновь обрела,no_equality
5237,regaining,вернуть,retrouver
5238,regaining,вернуть,regagner
5239,regaining,вернуть,reprendre
5240,regaining,вернуть,récupérer
5241,regaining,вернуть,reconquérir
5242,regaining,возвращения,no_equality
5243,regaining,вновь обретает,reprendre
5244,voicemails,голосовые сообщения,messages vocaux
5245,voicemails,голосовых сообщений,no_equality
5246,voicemails,голосовую почту,no_equality
5247,voicemails,голосовая почта,no_equality
5248,dissociation,диссоциация,dissociation
5249,dissociation,разобщение,no_equality
5250,dissociation,разобщенность,no_equality
5251,tip,кончик,pointe
5252,tip,кончик,bout
5253,tip,чаевые,pourboire
5254,tip,чаевые,tuyau
5255,tip,тонкий конец,no_equality
5256,tip,верхушка,pointe
5257,tip,подсказка,no_equality
5258,tip,Совет,conseil
5259,tip,оконечность,no_equality
5260,tip,отзыв,no_equality
5261,tip,полезный Совет,no_equality
5262,tip,зонд,no_equality
5263,tip,подачка,no_equality
5264,tip,вершинка,sommet
5265,tip,наклонять,pencher
5266,tip,наклонять,incliner
5267,tip,опрокинуться,no_equality
5268,tip,давать чаевые,donner un pourboire
5269,tip,на чай,pourboire
5270,fundamentalists,фундаменталисты,fondamentaliste
5271,fundamentalists,фундаменталисты,intégriste
5272,fundamentalists,фундаменталистов,no_equality
5273,fundamentalists,фундаменталистами,fondamentaliste
5274,fundamentalists,фундаменталистам,no_equality
5275,horizontal,горизонтальный,horizontal
5276,horizontal,горизонталь,no_equality
5277,horizontal,однотипных,horizontal
5278,socials,социальные,no_equality
5279,cartography,картография,cartographie
5280,cartography,картографов,cartographie
5281,cartography,картографического,cartographie
5282,cartography,картографическим,no_equality
5283,cartography,картографическое,no_equality
5284,cartography,картографических данных,cartographie
5285,allows,позволяет,permet
5286,allows,позволяет,autorise
5287,allows,позволяет,permettent
5288,allows,позволяет,permettra
5289,allows,позволяет,permettre
5290,allows,позволяет,donne
5291,allows,позволяет,offre
5292,allows,допускает,permet
5293,allows,допускает,autorise
5294,allows,допускает,permettent
5295,allows,позволит,no_equality
5296,allows,разрешает,permet
5297,allows,разрешает,autorise
5298,allows,позволяют,permet
5299,allows,позволяют,permettant
5300,allows,позволяют,permettent
5301,allows,позволяют,permettre
5302,allows,предусматривает,permet
5303,allows,предусматривает,offre
5304,allows,обеспечивает,permet
5305,allows,обеспечивает,donne
5306,allows,обеспечивает,offre
5307,allows,обеспечивает,assure
5308,allows,дает возможность,permet
5309,allows,дает возможность,permettent
5310,allows,позволяющий,no_equality
5311,allows,предоставляет,permet
5312,allows,предоставляет,donne
5313,allows,предоставляет,offre
5314,allows,предоставляет,assure
5315,allows,предоставляет,confère
5316,allows,позволяющая,permettant
5317,allows,позволяющей,permettant
5318,allows,допускается,permet
5319,allows,допускается,autorise
5320,allows,позволяющее,permettant
5321,allows,позволяющее,permettre
5322,allows,разрешается,permet
5323,allows,разрешается,autorise
5324,allows,разрешается,permettent
5325,believable,правдоподобный,crédible
5326,believable,правдоподобный,plausible
5327,organics,органика,bio
5328,consist,состоять,consister
5329,consist,состоять,se composer
5330,consist,заключаться,consister
5331,consist,включают,comprennent
5332,consist,включают,contiennent
5333,consist,являются,constituent
5334,consist,представляют собой,s'agit
5335,consist,представляют собой,constituent
5336,consist,представляют собой,correspondent
5337,consist,составляют,constituent
5338,consist,предусматривают,comprennent
5339,consist,насчитывать,no_equality
5340,consist,предполагать,no_equality
5341,consist,сводятся,no_equality
5342,consist,входили,no_equality
5343,consist,войти,no_equality
5344,broadcasting,радиовещание,radiodiffusion
5345,broadcasting,радиовещание,télédiffusion
5346,broadcasting,радиовещание,radio
5347,broadcasting,телевещание,télédiffusion
5348,broadcasting,телевещание,télévision
5349,broadcasting,телевещание,radiotélévision
5350,broadcasting,передача,émission
5351,broadcasting,передача,transmission
5352,broadcasting,телетрансляция,no_equality
5353,broadcasting,радиоузел,no_equality
5354,broadcasting,радиовещательный,no_equality
5355,broadcasting,трансляционный,no_equality
5356,broadcasting,радиотрансляционный,no_equality
5357,broadcasting,вещающий,no_equality
5358,stitch,зашить,coudre
5359,stitch,зашить,suturer
5360,stitch,шов,couture
5361,stitch,шов,piqûre
5362,stitch,стежок,point de suture
5363,stitch,сшивание,piqûre
5364,stitch,сшить,coudre
5365,stitch,зашивать,no_equality
5366,stitch,заштопать,no_equality
5367,stitch,пришить,coudre
5368,stitch,шить,coudre
5369,stitch,сшивать,coudre
5370,stitch,сшивать,suturer
5371,stitch,тачать,no_equality
5372,stitch,петля,no_equality
5373,stitch,время сшивания,no_equality
5374,stitch,сшивании,piqûre
5375,stitch,стич,no_equality
5376,acidotic,ацидоз,no_equality
5377,Europe,Европа,no_equality
5378,Europe,европейский,no_equality
5379,sculler,гребец,no_equality
5380,waddling,ковыляние,no_equality
5381,counts,считается,no_equality
5382,counts,рассчитывает,compte
5383,counts,пунктам обвинения,chefs d'accusation
5384,counts,важно,no_equality
5385,counts,имеет значение,est important
5386,counts,считает,no_equality
5387,counts,статьям,no_equality
5388,counts,на счету,no_equality
5389,counts,насчитывает,compte
5390,counts,подсчета,comptage
5391,counts,подсчета,dénombrement
5392,counts,подсчета,décompte
5393,counts,пунктов обвинения,chefs d'accusation
5394,counts,учет,compte
5395,counts,учет,comptage
5396,counts,подсчет,compte
5397,counts,подсчет,comptage
5398,counts,подсчет,dénombrement
5399,counts,подсчет,décompte
5400,counts,обвинений,no_equality
5401,counts,обвинениям,chefs d'accusation
5402,blackballing,запретов,no_equality
5403,picker,пикер,no_equality
5404,picker,пикера,no_equality
5405,picker,сборщиком,no_equality
5406,picker,отмычка,no_equality
5407,peaches,персики,pêche
5408,peaches,персики,peaches
5409,peaches,персиков,pêche
5410,peaches,персик,pêche
5411,peaches,персиками,no_equality
5412,peaches,персикам,no_equality
5413,peaches,персика,no_equality
5414,peaches,персиках,no_equality
5415,peaches,косточкой,no_equality
5416,peaches,пичис,peaches
5417,peaches,нектарин,peaches
5418,peaches,персиком,pêche
5419,reefers,косяки,no_equality
5420,mobiles,мобильные телефоны,téléphone portable
5421,mobiles,мобильники,téléphone portable
5422,mobiles,мобильных телефонов,téléphone portable
5423,mobiles,моб,no_equality
5424,mobiles,сотовых,portable
5425,mobiles,мобильного,mobile
5426,assessor,заседатель,no_equality
5427,assessor,эксперт,expert
5428,assessor,эксперт-консультант,expert
5429,wrongfulness,незаконность,no_equality
5430,dredges,драги,no_equality
5431,dredges,драг,no_equality
5432,peritoneal,перитонеальный,no_equality
5433,peritoneal,перитонеального,no_equality
5434,peritoneal,брюшинное,no_equality
5435,postcards,открытки,cartes postales
5436,postcards,открытки,carte postale
5437,postcards,открыток,no_equality
5438,postcards,почтовых открытках,no_equality
5439,postcards,почтовые карточки,no_equality
5440,postcards,открытку,no_equality
5441,gathered,собрались,se sont réunis
5442,gathered,собрались,se sont rassemblés
5443,gathered,собрались,a rassemblé
5444,gathered,собрались,a réuni
5445,gathered,собранной,recueilli
5446,gathered,собранные,collectées
5447,gathered,собранных,collectées
5448,gathered,собранных,collecte
5449,gathered,сбор,no_equality
5450,gathered,собрала,a rassemblé
5451,gathered,собрала,a réuni
5452,gathered,собрал,a rassemblé
5453,gathered,собрал,a réuni
5454,gathered,собрал,recueillir
5455,gathered,собранная,collectées
5456,gathered,собрали,no_equality
5457,gathered,собравшиеся,no_equality
5458,gathered,собравшихся,no_equality
5459,gathered,собраны,no_equality
5460,gathered,полученной,no_equality
5461,gathered,собранную,collectées
5462,gathered,собралась,no_equality
5463,ecologically,экологически,no_equality
5464,feed back,обратная связь,no_equality
5465,amiability,приветливость,no_equality
5466,amiability,благожелательность,no_equality
5467,amazons,амазонки,amazone
5468,amazons,амазонок,amazone
5469,amazons,амазонками,no_equality
5470,diagramming,схематическое изображение,no_equality
5471,snowing,идет снег,no_equality
5472,snowing,снег идет,no_equality
5473,snowing,шёл снег,il neigeait
5474,snowing,снегопада,no_equality
5475,snowing,снега,neiger
5476,snowing,снежный,neige
5477,snowing,снег пошел,neiger
5478,snowing,сильный снегопад,no_equality
5479,snowing,снегу,no_equality
5480,GMS,СБМ,no_equality
5481,GMS,гроссмейстеры,no_equality
5482,GMS,СРБМ,no_equality
5483,GMS,ГМИ,no_equality
5484,GMS,ОСА,no_equality
5485,GMS,мнемотехника,no_equality
5486,citizens,сограждане,concitoyen
5487,cosmos,космос,cosmos
5488,cosmos,космос,univers
5489,cosmos,космос,espace
5490,cosmos,вселенной,cosmos
5491,cosmos,вселенной,univers
5492,swerved,свернул,a fait un écart
5493,swerved,свернула,no_equality
5494,swerved,вильнул,no_equality
5495,swerved,занесло,no_equality
5496,swerved,отвернул,no_equality
5497,swerved,увернулся,no_equality
5498,swerved,повернула,no_equality
5499,swerved,съехала,no_equality
5500,wishes,хотела бы,souhaite
5501,wishes,хотела бы,voudrait
5502,wishes,хотела бы,souhaiterait
5503,wishes,хотела бы,aimerait
5504,wishes,желает,souhaite
5505,wishes,желает,tient
5506,wishes,желает,veut
5507,wishes,желает,désire
5508,wishes,желает,volonté
5509,wishes,желает,voudrait
5510,wishes,желает,souhaitent
5511,wishes,желает,souhaiterait
5512,wishes,желает,aimerait
5513,wishes,хотел бы,souhaite
5514,wishes,хотел бы,voudrait
5515,wishes,хотел бы,souhaiterait
5516,wishes,хотел бы,aimerait
5517,wishes,пожелания,voeu
5518,wishes,пожелания,souhait
5519,wishes,пожелания,désir
5520,wishes,пожелания,desiderata
5521,wishes,хочет,souhaite
5522,wishes,хочет,veut
5523,wishes,хочет,voudrait
5524,wishes,хочет,aimerait
5525,wishes,желания,souhaite
5526,wishes,желания,volonté
5527,wishes,хотело бы,souhaite
5528,wishes,хотело бы,voudrait
5529,wishes,хотело бы,souhaiterait
5530,wishes,хотело бы,aimerait
5531,wishes,пожеланиями,volonté
5532,wishes,пожеланий,désir
5533,wishes,пожеланий,desiderata
5534,wishes,стремится,no_equality
5535,wishes,желаний,no_equality
5536,wishes,пожеланиям,souhait
5537,wishes,пожелает,souhaite
5538,wishes,пожелает,désire
5539,wishes,желание,voeu
5540,wishes,желание,souhait
5541,wishes,желание,désir
5542,wishes,воли,volonté
5543,license,лицензия,licence
5544,license,лицензия,permis
5545,license,лицензия,autorisation
5546,license,удостоверение,permis
5547,license,право,permis
5548,license,лицензионное соглашение,no_equality
5549,license,разрешать,autoriser
5550,license,лицензионный,no_equality
5551,license,licence,no_equality
5552,gland,железа,glande
5553,gland,гланде,no_equality
5554,marvellous,изумительный,merveilleux
5555,marvellous,изумительный,magnifique
5556,marvellous,изумительный,superbe
5557,marvellous,изумительный,fabuleux
5558,marvellous,превосходный,splendide
5559,marvellous,превосходный,excellent
5560,marvellous,дивно,no_equality
5561,Islamic,исламский,islamique
5562,Islamic,исламский,musulman
5563,Islamic,исламский,islamiste
5564,Islamic,ислам,no_equality
5565,favorable,благоприятный,favorable
5566,favorable,благоприятный,avantageux
5567,favorable,благоприятный,propice
5568,favorable,выгодные,avantageux
5569,favorable,выгодных,avantageux
5570,favorable,выгодным,avantageux
5571,blackjacks,блэкджеки,no_equality
5572,extradite,выдавать,extradition
5573,extradite,выдать,extrader
5574,extradite,экстрадировать,extrader
5575,extradite,выдаче,no_equality
5576,extradite,выдачи,no_equality
5577,extradite,экстрадиции,no_equality
5578,extradite,осуществлять выдачу,extrader
5579,extradite,осуществлять экстрадицию,extrader
5580,extradite,осуществлять экстрадицию,extradition
5581,extradite,выдавали,no_equality
5582,extradite,выдача,no_equality
5583,extradite,экстрадиция,no_equality
5584,schema,схема,schéma
5585,schema,schema,no_equality
5586,attendant,сопутствующий,no_equality
5587,attendant,дежурный,agent
5588,attendant,соответствующих,no_equality
5589,attendant,стюардессой,no_equality
5590,attendant,сопровождающий,accompagnateur
5591,attendant,служитель,no_equality
5592,attendant,вытекающими отсюда,no_equality
5593,attendant,связанных с этим,no_equality
5594,attendant,связанные с этим,no_equality
5595,attendant,сопутствующими ей,no_equality
5596,attendant,сопутствующих ей,no_equality
5597,attendant,сопутствующими им,no_equality
5598,attendant,сопутствующих ему,no_equality
5599,attendant,сопровождается,no_equality
5600,locomotives,локомотивов,locomotive
5601,locomotives,локомотивы,locomotive
5602,locomotives,локомотивах,no_equality
5603,locomotives,локомотивами,no_equality
5604,locomotives,тепловозов,no_equality
5605,locomotives,электровозов,no_equality
5606,photocopied,фотокопий,no_equality
5607,photocopied,скопировал,no_equality
5608,photocopied,фотокопированный,no_equality
5609,photocopied,фотокопия,no_equality
5610,self-centeredness,себя,no_equality
5611,self-centeredness,себе,no_equality
5612,self-centeredness,сущность,no_equality
5613,self-centeredness,личность,no_equality
5614,self-centeredness,"""я""",no_equality
5615,complainer,жалобщик,plaignant
5616,freaks,уроды,monstre
5617,freaks,уроды,taré
5618,freaks,уродов,monstre
5619,freaks,уродов,taré
5620,freaks,уродов,détraqué
5621,freaks,фриков,monstre
5622,freaks,пугает,fait flipper
5623,freaks,пугает,fait peur
5624,freaks,пугает,effraie
5625,freaks,фрики,monstre
5626,freaks,уродами,monstre
5627,freaks,уродами,taré
5628,freaks,уродцев,monstre
5629,freaks,уродцев,taré
5630,freaks,чудиков,cinglé
5631,freaks,уродцы,monstre
5632,freaks,фриками,no_equality
5633,freaks,уродам,no_equality
5634,freaks,психи,taré
5635,freaks,психи,cinglé
5636,freaks,психи,malade
5637,freaks,уродцами,monstre
5638,freaks,чудики,no_equality
5639,freaks,бесит,fait flipper
5640,accusive,оскорбительный,injurieux
5641,accusive,оскорбительный,offensant
5642,accusive,жестокий,violent
5643,accusive,злоупотреблений,no_equality
5644,accusive,злоупотребление,no_equality
5645,accusive,злоупотребления,no_equality
5646,accusive,бранный,no_equality
5647,accusive,недобросовестных,no_equality
5648,accusive,неправомерного,no_equality
5649,accusive,насильственных,no_equality
5650,accusive,неправомерных,no_equality
5651,accusive,недобросовестного,no_equality
5652,dusk,закат,crépuscule
5653,dusk,сумерки,crépuscule
5654,dusk,сумерки,tombée de la nuit
5655,dusk,сумрак,no_equality
5656,dusk,вечера,no_equality
5657,dusk,ночи,no_equality
5658,dusk,рассвете,aube
5659,dusk,стемнеет,no_equality
5660,dusk,темноты,no_equality
5661,dusk,ночам,no_equality
5662,dusk,сумраком,no_equality
5663,resold,перепродал,no_equality
5664,resold,перепроданы,no_equality
5665,resold,перепродаются,no_equality
5666,resold,перепродан,no_equality
5667,resold,перепродажи,revente
5668,resold,перепродажи,revendre
5669,resold,перепродаваться,no_equality
5670,resold,перепродана,no_equality
5671,resold,перепродаже,revente
5672,resold,перепродаже,revendre
5673,resold,перепродали,no_equality
5674,resold,продал,no_equality
5675,resold,перепродано,no_equality
5676,resold,перепродается,no_equality
5677,resold,перепродавали,no_equality
5678,resold,перепродать,no_equality
5679,resold,перепроданных,no_equality
5680,flushing,смыв,chasse d'eau
5681,flushing,промывка,rinçage
5682,flushing,промывка,lavage
5683,flushing,продувка,no_equality
5684,flushing,смывание,no_equality
5685,flushing,продувки,no_equality
5686,flushing,гиперемию,no_equality
5687,flushing,смыл,no_equality
5688,flushing,гиперемии,no_equality
5689,flushing,смыть,no_equality
5690,flushing,спустить,no_equality
5691,flushing,флашинг,flushing
5692,flushing,флашинге,no_equality
5693,flushing,смывающий,no_equality
5694,aperitifs,аперитивы,no_equality
5695,aperitifs,аперитивов,no_equality
5696,confer,предоставлять,accorder
5697,confer,предоставлять,procurer
5698,confer,предоставлять,octroyer
5699,confer,предоставлять,donner
5700,confer,наделять,conférer
5701,confer,передавать,transmettre
5702,confer,придать,conférer
5703,confer,придать,accorder
5704,confer,придать,donner
5705,confer,предоставить,accorder
5706,confer,предоставить,octroyer
5707,confer,предоставить,donner
5708,confer,наделить,conférer
5709,confer,наделить,accorder
5710,confer,наделить,confier
5711,confer,наделить,donner
5712,confer,придавать,accorder
5713,confer,придавать,attribuer
5714,confer,придавать,donner
5715,confer,совещаться,no_equality
5716,confer,обсуждать,no_equality
5717,confer,предоставлять полномочия,accorder
5718,confer,предоставлять полномочия,donner
5719,confer,предоставлении,no_equality
5720,confer,наделения,no_equality
5721,confer,возлагают,no_equality
5722,equivocator,двусмысленностей,ambiguïté
5723,equivocator,двусмысленности,ambiguïté
5724,equivocator,уклончивость,no_equality
5725,equivocator,безоговорочно,no_equality
5726,equivocator,колебаний,tergiversation
5727,communicating,сообщающийся,no_equality
5728,communicating,сообщающий,no_equality
5729,communicating,проходной,no_equality
5730,communicating,коммуникабельный,no_equality
5731,communicating,сообщение,communication
5732,communicating,сообщение,transmission
5733,communicating,коммуникация,communication
5734,communicating,причащение,no_equality
5735,communicating,поддержание связи,communication
5736,rammed,протаранил,rentré dedans
5737,rammed,врезался,a percuté
5738,rammed,врезался,a foncé
5739,rammed,врезался,percuter
5740,rammed,врезался,rentré dedans
5741,rammed,врезалась,a percuté
5742,rammed,врезалась,a foncé
5743,rammed,протаранили,no_equality
5744,rammed,врезались,no_equality
5745,rammed,засадил,no_equality
5746,rammed,врезаться,no_equality
5747,rammed,воткнула,no_equality
5748,rammed,таранила,no_equality
5749,rammed,ударила,no_equality
5750,rammed,протаранено,no_equality
5751,rammed,протащили,no_equality
5752,furtherance,развитие,promotion
5753,furtherance,содействие,promotion
5754,furtherance,содействие,promouvoir
5755,furtherance,целях содействия,promotion
5756,furtherance,продвижению,promotion
5757,furtherance,продвижению,avancement
5758,furtherance,продвижению,promouvoir
5759,furtherance,продвижению,faire avancer
5760,furtherance,продвижению,faire progresser
5761,furtherance,интересах,promouvoir
5762,furtherance,для содействия,no_equality
5763,frills,выкрутасы,no_equality
5764,cooperation,сотрудничество,coopération
5765,cooperation,сотрудничество,collaboration
5766,cooperation,сотрудничество,concertation
5767,cooperation,сотрудничество,concours
5768,cooperation,сотрудничество,coopérant
5769,cooperation,взаимодействие,coopération
5770,cooperation,взаимодействие,collaboration
5771,cooperation,взаимодействие,concertation
5772,cooperation,взаимодействие,coordination
5773,cooperation,содействие,coopération
5774,cooperation,содействие,collaboration
5775,cooperation,содействие,concours
5776,cooperation,содействие,aide
5777,cooperation,содействие,assistance
5778,cooperation,кооперация,coopération
5779,cooperation,сотрудничает,coopérer
5780,cooperation,сотрудничает,coopèrent
5781,cooperation,сотруд-ничества,coopération
5782,cooperation,сотруд-ничества,collaboration
5783,cooperation,сотруд-ничества,concertation
5784,cooperation,сотруд-ничества,entraide
5785,cooperation,сотруд-ничества,coopérer
5786,cooperation,сотруд-ничества,collaborer
5787,cooperation,сотруд-ничества,coordination
5788,cooperation,сотруд-ничества,assistance
5789,cooperation,сотрудничают,coopération
5790,cooperation,сотрудничают,collaboration
5791,cooperation,сотрудничают,coopérer
5792,cooperation,сотрудничают,coopèrent
5793,cooperation,сотрудничают,collaborer
5794,cooperation,сотрудничают,collabore
5795,cooperation,сотрудни-чества,coopération
5796,cooperation,сотрудни-чества,collaboration
5797,cooperation,сотрудни-чества,concertation
5798,cooperation,сотрудни-чества,entraide
5799,cooperation,сотрудни-чества,coopérer
5800,cooperation,сотрудни-чества,collaborer
5801,cooperation,сотрудни-чества,coordination
5802,cooperation,сотрудни-чества,assistance
5803,cooperation,сотрудничали,no_equality
5804,cooperation,сотрудничать,no_equality
5805,cooperation,кооперирование,no_equality
5806,communize,сообщество,no_equality
5807,communize,община,no_equality
5808,communize,общества,no_equality
5809,communize,общество,no_equality
5810,communize,общественность,no_equality
5811,communize,кругов,no_equality
5812,communize,круги,no_equality
5813,communize,коммуна,no_equality
5814,communize,сообщества,no_equality
5815,communize,общинный,no_equality
5816,communize,общественный,no_equality
5817,communize,общины,no_equality
5818,communize,населения,no_equality
5819,communize,организаций,no_equality
5820,communize,общинами,no_equality
5821,communize,кругами,no_equality
5822,communize,комьюнити,no_equality
5823,communize,объединение,no_equality
5824,assassinating,убийство,assassiner
5825,assassinating,убийство,assassinat
5826,assassinating,убить,assassiner
5827,assassinating,убить,assassinat
5828,assassinating,убив,no_equality
5829,assassinating,убивая,assassinant
5830,assassinating,на фиделя,no_equality
5831,assassinating,совершения покушений на,no_equality
5832,preluded,исключает,no_equality
5833,preluded,исключается,no_equality
5834,preluded,не позволяет,no_equality
5835,preluded,мешает,no_equality
5836,preluded,исключена,no_equality
5837,preluded,исключают,no_equality
5838,preluded,препятствует,no_equality
5839,preluded,лишены возможности,no_equality
5840,preluded,препятствуют,no_equality
5841,preluded,запрещается,no_equality
5842,preluded,не позволило,no_equality
5843,preluded,помешали,no_equality
5844,preluded,исключено,no_equality
5845,preluded,препятствием,no_equality
5846,preluded,невозможным,no_equality
5847,rituals,ритуальный обряд,rituel
5848,rituals,ритуальный обряд,rite
5849,rituals,ритуальный обряд,cérémonie
5850,clutches,когтей,griffe
5851,clutches,когтей,emprise
5852,clutches,лап,griffe
5853,clutches,тисков,no_equality
5854,clutches,тисках,griffe
5855,clutches,когти,griffe
5856,clutches,когтях,griffe
5857,clutches,муфтами,no_equality
5858,clutches,сцепления,no_equality
5859,clutches,лапах,griffe
5860,clutches,объятия,no_equality
5861,clutches,объятий,no_equality
5862,clutches,сцеплений,no_equality
5863,clutches,лапы,griffe
5864,clutches,тиски,no_equality
5865,clutches,клешней,griffe
5866,econometrician,эконометрист,no_equality
5867,loadings,отгрузка,chargement
5868,loadings,отгрузкой,no_equality
5869,loadings,погрузке,chargement
5870,loadings,загрузки,chargement
5871,loadings,дозовых нагрузок,charge
5872,loadings,нагрузки на фильтр,charge
5873,loadings,нагрузка,charge
5874,proofreading,корректура,correction d'épreuves
5875,proofreading,редактирование,no_equality
5876,proofreading,корректуру,no_equality
5877,proofreading,вычитке,no_equality
5878,proofreading,корректирования,no_equality
5879,proofreading,корректурой,no_equality
5880,proofreading,корректирую,no_equality
5881,proofreading,вычитки,no_equality
5882,proofreading,корректорская правка,no_equality
5883,stenography,стенография,sténographie
5884,stenography,стенография,sténo
5885,stenography,стенографию,no_equality
5886,reifying,овеществление,no_equality
5887,shortlists,короткие списки,no_equality
5888,shortlists,коротких списков кандидатов,no_equality
5889,dodgy,изворотливый,no_equality
5890,dodgy,сомнительный,douteux
5891,dodgy,непредсказуемый,no_equality
5892,stratifying,расслаивание,no_equality
5893,quipping,язвительное замечание,no_equality
5894,hamburgers,гамбургеры,hamburger
5895,hamburgers,гамбургеры,burgers
5896,hamburgers,гамбургеров,hamburger
5897,hamburgers,гамбургеров,burgers
5898,hamburgers,бургеров,hamburger
5899,hamburgers,гамбургерах,no_equality
5900,hamburgers,по гамбургеру,hamburger
5901,hamburgers,гамбургерами,hamburger
5902,hamburgers,гамбургера,hamburger
5903,troikas,«троек»,no_equality
5904,troikas,членов групп из трех докладчиков,no_equality
5905,cockroaches,тараканы,cafard
5906,cockroaches,тараканов,cafard
5907,cockroaches,тараканами,cafard
5908,cockroaches,тараканах,cafard
5909,militarizing,милитаризация,militarisation
5910,militarizing,милитаризация,militariser
5911,wadded,ватный,no_equality
5912,wadded,стеганый,no_equality
5913,inclinations,наклонности,inclination
5914,inclinations,наклонности,penchant
5915,inclinations,наклонностями,no_equality
5916,inclinations,склонностей,no_equality
5917,inclinations,наклонностям,no_equality
5918,inclinations,предпочтения,préférence
5919,inclinations,наклонностей,no_equality
5920,inclinations,склонностям,no_equality
5921,inclinations,угол наклона,no_equality
5922,inclinations,задатки,no_equality
5923,inclinations,наклонений,no_equality
5924,inclinations,склонность,inclination
5925,inclinations,склонностями,no_equality
5926,inclinations,наклонениях,no_equality
5927,blur,пятно,flou
5928,blur,пятно,tache
5929,blur,размыть,brouiller
5930,blur,в тумане,no_equality
5931,blur,пятна,flou
5932,blur,пятна,tache
5933,blur,пятном,tache
5934,blur,размытие,no_equality
5935,blur,клякса,no_equality
5936,blur,размывать,no_equality
5937,blur,размываться,no_equality
5938,blur,стирать,effacer
5939,blur,пятну,no_equality
5940,blur,blur,no_equality
5941,blur,стереть,effacer
5942,cascaded,каскадного,no_equality
5943,cascaded,каскадное,no_equality
5944,cascaded,каскадный,no_equality
5945,impalement,соединение гербовых щитов,no_equality
5946,impalement,посажение на кол,no_equality
5947,impalement,сажание на кол,no_equality
5948,impalement,огораживание кольями,no_equality
5949,impalement,напарывание,no_equality
5950,reprint,перепечатка,no_equality
5951,reprint,переиздание,réimpression
5952,reprint,переиздание,réédition
5953,reprint,переиздать,no_equality
5954,reprint,перепечатать,réimprimer
5955,reprint,перепечатывать,no_equality
5956,reprint,отпечатать,no_equality
5957,reprint,перепечатку,no_equality
5958,reprint,повторное издание,no_equality
5959,reprint,репринтных,no_equality
5960,reprint,25-центовик,no_equality
5961,Andorras,андорра,andorre
5962,Andorras,андорры,andorran
5963,Andorras,андорры,andorre
5964,Andorras,андорре,andorre
5965,Andorras,андорру,andorre
5966,Andorras,андоррой,andorre
5967,Andorras,андоррском,no_equality
5968,neatly,аккуратно,soigneusement
5969,neatly,опрятно,soigneusement
5970,neatly,искусно,habilement
5971,neatly,neatly,no_equality
5972,neatly,четко,parfaitement
5973,neatly,четко,nettement
5974,neatly,четко,bien
5975,neatly,четко,clairement
5976,tantalizing,дразнящий,no_equality
5977,tantalizing,манящий,no_equality
5978,tantalizing,привлекательный,attirant
5979,tantalizing,соблазнительный,no_equality
5980,alkalis,щелочей,no_equality
5981,alkalis,щелочи,no_equality
5982,alkalis,щелочных,no_equality
5983,wracking,разрушение,démolition
5984,residuary,остаточной,résiduel
5985,residuary,остаточной,supplétif
5986,residuary,остаточная,no_equality
5987,residuary,остаточного,résiduel
5988,residuary,остаточного,supplétif
5989,saucers,тарелки,soucoupe
5990,saucers,блюдца,soucoupe
5991,saucers,тарелок,soucoupe
5992,saucers,блюдец,no_equality
5993,saucers,тарелках,no_equality
5994,happinesses,happinesses,no_equality
5995,balsam,бальзам,baume
5996,exhibiting,обладающего,possédant
5997,exhibiting,обладающие,possédant
5998,exhibiting,демонстрировал,no_equality
5999,exhibiting,выставки,exposition
6000,exhibiting,демонстрировали,no_equality
6001,exhibiting,выставление,no_equality
6002,exhibiting,обладающее,possédant
6003,exhibiting,проявляет,no_equality
6004,exhibiting,демонстрируют,no_equality
6005,exhibiting,демонстрирует,no_equality
6006,exhibiting,обладающих,présentant
6007,exhibiting,обладающих,possédant
6008,exhibiting,проявлял,no_equality
6009,exhibiting,выставок,no_equality
6010,exhibiting,повышенными,no_equality
6011,exhibiting,демонстрируя,faisant preuve
6012,expedited,ускоренный,accéléré
6013,expedited,ускоренный,accélération
6014,expedited,ускорить,no_equality
6015,expedited,ускорение,no_equality
6016,expedited,ускорено,accéléré
6017,expedited,ускорена,accéléré
6018,expedited,оперативного,rapide
6019,expedited,оперативного,accélérer
6020,expedited,оперативного,rapidement
6021,expedited,упрощенные,no_equality
6022,expedited,ускорился,accélération
6023,readership,круг читателей,lectorat
6024,readership,круг читателей,lecteur
6025,readership,читательская масса,no_equality
6026,readership,читатели,lectorat
6027,readership,читатели,lecteur
6028,readership,читаемость,no_equality
6029,readership,должность преподавателя университета,no_equality
6030,Estonia,эстония,estonie
6031,Estonia,эстония,estonia
6032,Estonia,эстонии,estonie
6033,Estonia,эстонии,estonien
6034,Estonia,эстонии,estonia
6035,Estonia,эстонию,estonie
6036,Estonia,эстонией,estonie
6037,Estonia,эстонской,no_equality
6038,Estonia,эстонская,estonie
6039,Estonia,эстонская,estonien
6040,Estonia,estonia,no_equality
6041,Estonia,эстонского,no_equality
6042,Estonia,эстонское,no_equality
6043,Estonia,эстонских,estonie
6044,Estonia,эстонских,estonien
6045,taken,приняты,adopté
6046,taken,приняты,prendre
6047,taken,приняты,prise
6048,taken,принимаются,adopté
6049,taken,принимаются,prise
6050,taken,принимаются,fait
6051,taken,принятых,adopté
6052,taken,принятые,adopté
6053,taken,принимаемых,adopté
6054,taken,принимаемых,prise
6055,taken,принято,adopté
6056,taken,принято,prise
6057,taken,принять,no_equality
6058,taken,предприняты,adopté
6059,taken,предприняты,entrepris
6060,taken,предприняты,prendre
6061,taken,предприняты,prise
6062,taken,предприняты,fait
6063,taken,принимаемые,adopté
6064,taken,принимаемые,prise
6065,taken,приняло,adopté
6066,taken,предпринятые,no_equality
6067,taken,принял,no_equality
6068,taken,приняла,adopté
6069,taken,принимает,no_equality
6070,taken,меры,no_equality
6071,chromosome,хромосома,chromosome
6072,chromosome,хромосомные,no_equality
6073,chromosome,хромосоме,no_equality
6074,chromosome,хромосомных,no_equality
6075,chromosome,повреждение хромосом,chromosome
6076,chromosome,хромосомную,no_equality
6077,chromosome,х-хромосоме,no_equality
6078,threaded,резьбовой,no_equality
6079,threaded,резьбовым,no_equality
6080,threaded,резьбовыми,no_equality
6081,threaded,резьбовые,no_equality
6082,threaded,резьбового,no_equality
6083,threaded,резьбой,fileté
6084,threaded,резьбовое,no_equality
6085,threaded,threaded,no_equality
6086,threaded,болтом,no_equality
6087,threaded,резьбовая,no_equality
6088,disastrously,катастрофически,catastrophique
6089,resemble,напоминать,ressembler
6090,resemble,похожи на,ressembler
6091,resemble,походить на,ressembler à
6092,resemble,быть похожим,ressembler
6093,resemble,похожа на,ressembler à
6094,resemble,схожи,semblable
6095,resemble,похожих на,no_equality
6096,resemble,был похож,no_equality
6097,resemble,похож на,ressembler à
6098,resemble,похож на,comme
6099,products,средства,produit
6100,connecter,соединитель,connecteur
6101,corrected,исправить,no_equality
6102,corrected,исправлены,corrigé
6103,corrected,исправлены,remédié
6104,corrected,исправление,no_equality
6105,corrected,устранить,no_equality
6106,corrected,исправлена,corrigé
6107,corrected,исправлена,corriger
6108,corrected,исправлено,rectifié
6109,corrected,исправлено,remédié
6110,corrected,устранены,no_equality
6111,corrected,скорректированы,corrigé
6112,corrected,исправлен,no_equality
6113,corrected,исправил,no_equality
6114,corrected,исправленный,corrigé
6115,corrected,корректируются,corrigé
6116,corrected,исправлять,no_equality
6117,corrected,исправляются,no_equality
6118,corrected,скорректированные,no_equality
6119,floaty,плывет,no_equality
6120,floaty,удобных,no_equality
6121,floaty,домик с надувашками,à bouées
6122,padlocks,замками,cadenas
6123,padlocks,висячих замков,no_equality
6124,padlocks,висячие замки,cadenas
6125,manifests,манифесты,manifeste
6126,manifests,манифестов,manifeste
6127,manifests,проявляется,se manifeste
6128,manifests,проявляется,se manifestent
6129,manifests,проявляется,se traduit
6130,manifests,декларации,manifeste
6131,manifests,проявляет,manifeste
6132,manifests,манифестам,no_equality
6133,manifests,проявляются,se manifestent
6134,straining,напряжение,tension
6135,straining,истощает,no_equality
6136,straining,напрягается,no_equality
6137,straining,напряженный момент,no_equality
6138,straining,истощают,no_equality
6139,straining,избегая,no_equality
6140,brasseries,ресторанов,no_equality
6141,copying,копирование,copie
6142,copying,копирование,reproduction
6143,copying,копирование,copiage
6144,copying,копирование,copier
6145,copying,копирование,copiez
6146,copying,копирует,copie
6147,copying,копировать,no_equality
6148,copying,тиражирование,no_equality
6149,copying,копировальный,no_equality
6150,copying,копируя,copiant
6151,copying,копируют,copient
6152,copying,копировальных,no_equality
6153,copying,копировального,no_equality
6154,copying,копировала,no_equality
6155,copying,копирую,no_equality
6156,copying,копировальные,no_equality
6157,excelled,преуспел,no_equality
6158,excelled,преуспели,no_equality
6159,excelled,отличился,no_equality
6160,excelled,отличался,no_equality
6161,excelled,добилась значительных успехов,no_equality
6162,excelled,отличалась,no_equality
6163,excelled,преуспела,no_equality
6164,excelled,превзошли,no_equality
6165,excelled,превзошел,no_equality
6166,excelled,превзошла саму,surpassé
6167,het,хет,no_equality
6168,rat,крыса,no_equality
6169,rat,крысиный,no_equality
6170,exfoliation,расслоение,no_equality
6171,exfoliation,отслоение,no_equality
6172,exfoliation,отшелушивающая процедура,no_equality
6173,redeveloping,перестройка,rénovation
6174,redeveloping,перестройку,réaménagement
6175,scuttles,"бортовые иллюминаторы, расположенные",no_equality
6176,topographically,топографически,no_equality
6177,topographically,с точки зрения топографии,topographie
6178,smudges,пятна,tache
6179,smudges,пятна,trace
6180,smudges,пятен,tache
6181,smudges,пятен,trace
6182,conquests,завоеваний,conquête
6183,conquests,завоеваниями,no_equality
6184,conquests,победы,no_equality
6185,conquests,победах,conquête
6186,conquests,завоевания,conquête
6187,conquests,завоеваниях,no_equality
6188,conquests,победами,no_equality
6189,conquests,побед,conquête
6190,conquests,завоеваниям,no_equality
6191,conquests,похождениях,no_equality
6192,conquests,пассий,no_equality
6193,conquests,трофеи,no_equality
6194,continuousness,сплошность,no_equality
6195,saliency,значимости,no_equality
6196,saliency,значимость,no_equality
6197,saliency,выступ,no_equality
6198,airstrips,взлетно-посадочных полос,pistes d'atterrissage
6199,airstrips,взлетно-посадочных полос,terrains d'aviation
6200,airstrips,взлетно-посадочные полосы,pistes d'atterrissage
6201,airstrips,взлетно-посадочные полосы,aérodrome
6202,airstrips,взлетно-посадочных полосах,pistes d'atterrissage
6203,airstrips,взлетных полос,no_equality
6204,airstrips,аэродромов,no_equality
6205,airstrips,взлетно-посадочными полосами,no_equality
6206,airstrips,взлетные полосы,no_equality
6207,airstrips,аэродромы,pistes d'atterrissage
6208,airstrips,аэродромы,aérodrome
6209,airstrips,аэродромы,terrains d'aviation
6210,partitions,перекрытия,no_equality
6211,dissipate,рассеять,dissiper
6212,dissipate,рассеять,disperser
6213,dissipate,рассеиваться,no_equality
6214,dissipate,рассеивать,dissiper
6215,dissipate,рассеивать,disperser
6216,dissipate,рассеялся,no_equality
6217,dissipate,исчезнут,no_equality
6218,dissipate,истощают,no_equality
6219,dissipate,рассеется,se dissipe
6220,dissipate,рассеется,se dissipera
6221,dissipate,распылять,disperser
6222,dissipate,рассеяться,no_equality
6223,dissipate,быть сведены,no_equality
6224,longer,более длительный,plus long
6225,bronzing,бронзования,no_equality
6226,sketched,намеченный,no_equality
6227,sketched,набросанный,no_equality
6228,sketched,зарисованный,no_equality
6229,stamped,печать,no_equality
6230,stamped,штамп,no_equality
6231,stamped,проштампованы,no_equality
6232,stamped,проштампован,no_equality
6233,stamped,печати,no_equality
6234,stamped,выдавлены,no_equality
6235,stamped,отметка,no_equality
6236,stamped,отпечаталось,no_equality
6237,stamped,искоренена,no_equality
6238,stamped,паспорте,no_equality
6239,stamped,проставляется,no_equality
6240,straplesses,платье без бретелек,no_equality
6241,dibss,чур,no_equality
6242,dibss,бабки,no_equality
6243,dibss,застолбил,no_equality
6244,dibss,застолбила,no_equality
6245,dibss,объявляет,no_equality
6246,dibss,забила,no_equality
6247,dibss,застолбить,no_equality
6248,dibss,объявлять права,no_equality
6249,engraving,гравировка,gravure
6250,engraving,гравировка,gravé
6251,engraving,гравюра,gravure
6252,engraving,гравирование,no_equality
6253,engraving,гравировальный,no_equality
6254,engraving,гравирования,no_equality
6255,engraving,иллюстрирование,no_equality
6256,engraving,матрицы,no_equality
6257,engraving,клише денежных купюр,no_equality
6258,engraving,надпись,inscription
6259,backtracked,отступила,no_equality
6260,ridden,ездил на,no_equality
6261,ridden,катался,monté
6262,ridden,катались,no_equality
6263,ridden,ездила на,no_equality
6264,ridden,ездила верхом,no_equality
6265,ridden,оседлал,no_equality
6266,ridden,водил,no_equality
6267,ridden,поехали на,no_equality
6268,ridden,каталась на,no_equality
6269,ridden,оседлать,no_equality
6270,ridden,проскакали,chevauché
6271,ridden,ездить,no_equality
6272,ridden,ускакали,no_equality
6273,ridden,объезжать,no_equality
6274,leader,лидер,chef
6275,leader,лидер,leader
6276,leader,лидер,dirigeant
6277,leader,лидер,chef de file
6278,leader,лидер,meneur
6279,leader,лидер,meneur d'hommes
6280,leader,вождь,chef
6281,leader,вождь,leader
6282,leader,вождь,meneur
6283,leader,командир,no_equality
6284,leader,деятель,dirigeant
6285,leader,флагман,no_equality
6286,leader,вожатый,no_equality
6287,leader,передовик,no_equality
6288,leader,лидирующий,no_equality
6289,leader,лидерский,no_equality
6290,concretizing,конкретизации,concrétiser
6291,concretizing,конкретизации,concrétisation
6292,concretizing,конкретизировать,concrétiser
6293,concretizing,конкретизация,concrétisation
6294,concretizing,конкретизируя,no_equality
6295,megatons,мегатонн,mégatonne
6296,megatons,мегатонны,no_equality
6297,megatons,мегатоннам,no_equality
6298,coverage,охват,couverture
6299,coverage,охват,portée
6300,coverage,охват,champ d'application
6301,coverage,охват,étendue
6302,coverage,охват,couvrir
6303,coverage,освещение,couverture
6304,coverage,страхование,couverture
6305,coverage,страхование,assurance
6306,coverage,покрытие,couverture
6307,coverage,обслуживание,no_equality
6308,coverage,страховка,no_equality
6309,coverage,репортаж,reportage
6310,coverage,показатель,no_equality
6311,coverage,услуг,no_equality
6312,coverage,населения,no_equality
6313,coverage,масштабов,no_equality
6314,coverage,охвачено,couverture
6315,coverage,охватывает,couvrir
6316,coverage,услугами,no_equality
6317,coverage,масштабы,couverture
6318,coverage,освещение в печати,couverture
6319,ASEANS,асеан,no_equality
6320,ASEANS,ассоциации государств юго-восточной азии,no_equality
6321,ASEANS,asean,no_equality
6322,ASEANS,ассоциация государств юго-восточной азии,no_equality
6323,actable,стол,no_equality
6324,actable,столик,no_equality
6325,actable,таблица,no_equality
6326,actable,таблицу,no_equality
6327,actable,таблицы,no_equality
6328,actable,таблицей,no_equality
6329,ethers,эфиров,polybromés
6330,ethers,эфиров,diphényléthers
6331,ethers,эфиры,éther
6332,ethers,эфиры,polybromés
6333,ethers,эфирам,no_equality
6334,ethers,эфирами,no_equality
6335,ethers,дифенилэфиров,no_equality
6336,senile,старческий,sénile
6337,senile,дряхлый,décrépit
6338,senile,старый,no_equality
6339,senile,престарелый,no_equality
6340,senile,старенький,no_equality
6341,senile,дряхлая,sénile
6342,senile,склероз,no_equality
6343,senile,в маразм,sénile
6344,senile,выжил из ума,no_equality
6345,senile,в маразме,no_equality
6346,senile,старческий маразм,sénile
6347,irresistible,неотразимый,irrésistible
6348,irresistible,непреодолимый,irrésistible
6349,guitarist,гитарист,guitariste
6350,guitarist,гитаристка,guitariste
6351,corvettes,корвета,no_equality
6352,corvettes,корветы,no_equality
6353,corvettes,корветов,no_equality
6354,bigamous,двоеженство,no_equality
6355,obligates,обязывает,oblige
6356,obligates,обязывает,fait obligation aux
6357,obligates,обязует,oblige
6358,obligates,обязывают,oblige
6359,obligates,обязывают,fait obligation aux
6360,ganging,вправду набросились,no_equality
6361,ganging,взъелись,no_equality
6362,ganging,нападаем,no_equality
6363,ganging,ополчились,no_equality
6364,self-aware,самосознание,no_equality
6365,self-aware,осведомлённые,no_equality
6366,self-aware,обладаешь самосознанием,no_equality
6367,vesper,вечерняя звезда,no_equality
6368,vesper,вечерня,no_equality
6369,vesper,веспер,vesper
6370,schemas,схем,schéma
6371,schemas,схемы,schéma
6372,flatulency,напыщенность,no_equality
6373,ruminate,размышлять,ruminer
6374,protean,многообразный,no_equality
6375,protean,протеем,no_equality
6376,invoking,вызывающий,no_equality
6377,invoking,призывающий,appelant
6378,invoking,запустивший,no_equality
6379,invoking,прибегающий,no_equality
6380,invoking,призыв,appel
6381,invoking,привлечение,no_equality
6382,telescoping,телескопического,no_equality
6383,telescoping,телескопический,no_equality
6384,telescoping,телескопическая,no_equality
6385,computational,вычислительный,no_equality
6386,computational,расчетах,no_equality
6387,computational,вычислений,no_equality
6388,computational,расчетов,no_equality
6389,computational,компьютерных,informatique
6390,computational,расчетной,calcul
6391,computational,арифметическими,no_equality
6392,computational,вычислительном,no_equality
6393,computational,компьютерной прогонки,informatique
6394,computational,компьютерной прогонки,ordinateur
6395,bibliographical,библиографический,bibliographique
6396,Strangler,душитель,étrangleur
6397,abnormalities,аномалий,no_equality
6398,abnormalities,отклонения,anomalie
6399,abnormalities,отклонения,trouble
6400,abnormalities,отклонений,anomalie
6401,abnormalities,аномалиями,anomalie
6402,abnormalities,пороки,no_equality
6403,abnormalities,отклонениями от нормы,anomalie
6404,abnormalities,отклонениями от нормы,trouble
6405,abnormalities,патологии,malformation
6406,broomsticks,метлы,no_equality
6407,broomsticks,метлах,no_equality
6408,isomer,изомер,isomère
6409,isomer,изомеру,no_equality
6410,isomer,гамма-изомер,no_equality
6411,isomer,изомером гхг,no_equality
6412,isomer,гамма-изомеру,no_equality
6413,isomer,указанному изомерному,no_equality
6414,ascend,подниматься,monter
6415,ascend,подниматься,remonter
6416,ascend,подниматься,s'élever
6417,ascend,подниматься,gravir
6418,ascend,подниматься,grimper
6419,ascend,возносить,no_equality
6420,ascend,всплывать,no_equality
6421,ascend,подняться вверх,monter
6422,ascend,подняться вверх,grimper
6423,arrogated,присвоили,no_equality
6424,arrogated,присвоило,no_equality
6425,arrogated,узурпировал,no_equality
6426,arrogated,присвоил себе,no_equality
6427,enforced,насильственных,no_equality
6428,enforced,насильственным,forcé
6429,enforced,соблюдение,no_equality
6430,enforced,исполнение,no_equality
6431,enforced,обеспечивается,no_equality
6432,enforced,применение,no_equality
6433,enforced,применяются,no_equality
6434,enforced,применяться,no_equality
6435,enforced,обеспечиваться,no_equality
6436,enforced,применяется,no_equality
6437,enforced,принудительных,forcé
6438,enforced,соблюдаются,no_equality
6439,enforced,жизнь,no_equality
6440,enforced,выполнение,no_equality
6441,enforced,соблюдается,no_equality
6442,Parisian,парижский,no_equality
6443,Parisian,парижанка,parisien
6444,Parisian,парижанин,parisien
6445,Parisian,в париже,parisien
6446,Parisian,французской,français
6447,Parisian,парижа,parisien
6448,Parisian,парижанки,no_equality
6449,employees,работников,employé
6450,employees,работников,salarié
6451,employees,работников,travailleur
6452,employees,работников,personnel
6453,employees,сотрудников,employé
6454,employees,сотрудников,personnel
6455,employees,сотрудников,fonctionnaire
6456,employees,сотрудников,personne
6457,employees,сотрудников,agent
6458,employees,сотрудников,effectif
6459,employees,служащих,employé
6460,employees,служащих,salarié
6461,employees,служащих,travailleur
6462,employees,служащих,personnel
6463,employees,служащих,fonctionnaire
6464,employees,служащих,agent
6465,employees,служащих,préposé
6466,employees,работники,employé
6467,employees,работники,travailleur
6468,employees,работники,personnel
6469,employees,работники,fonctionnaire
6470,employees,работники,agent
6471,employees,сотрудники,employé
6472,employees,сотрудники,travailleur
6473,employees,сотрудники,personnel
6474,employees,сотрудники,fonctionnaire
6475,employees,сотрудники,agent
6476,employees,работникам,employé
6477,employees,работникам,fonctionnaire
6478,employees,работникам,agent
6479,employees,сотрудникам,employé
6480,employees,сотрудникам,salarié
6481,employees,сотрудникам,fonctionnaire
6482,employees,сотрудникам,collaborateur
6483,employees,работниками,employé
6484,employees,работниками,salarié
6485,employees,работниками,travailleur
6486,employees,работниками,personnel
6487,employees,работниками,fonctionnaire
6488,employees,работниками,agent
6489,employees,служащие,no_equality
6490,employees,трудящихся,employé
6491,employees,трудящихся,salarié
6492,employees,трудящихся,travailleur
6493,employees,сотрудниками,employé
6494,employees,сотрудниками,personnel
6495,employees,сотрудниками,fonctionnaire
6496,employees,сотрудниками,collaborateur
6497,employees,служащим,employé
6498,employees,служащим,salarié
6499,employees,служащим,fonctionnaire
6500,employees,служащим,agent
6501,employees,человек,no_equality
6502,employees,работающих,employé
6503,employees,работающих,salarié
6504,employees,работающих,travailleur
6505,employees,работающих,personnel
6506,employees,служащими,employé
6507,employees,служащими,salarié
6508,employees,служащими,fonctionnaire
6509,employees,служащими,agent
6510,employees,служащими,préposé
6511,Americans,американцы,amérique
6512,Americans,американцы,ricain
6513,Americans,американцев,américain
6514,Americans,американцам,no_equality
6515,Americans,американцами,américain
6516,Americans,латиноамериканцев,no_equality
6517,Americans,американцах,américain
6518,Americans,американца,américain
6519,Americans,америки,amérique
6520,Americans,америке,américain
6521,Americans,американец,américain
6522,Americans,американских граждан,no_equality
6523,Americans,јмериканцы,no_equality
6524,Americans,американц,amérique
6525,Americans,американц,ricain
6526,Americans,америка,amérique
6527,Americans,индейцев,indien
6528,commies,коммунисты,communiste
6529,commies,коммунисты,coco
6530,commies,коммунистов,communiste
6531,commies,коммунистами,communiste
6532,commies,коммунистам,communiste
6533,commies,коммуняк,communiste
6534,commies,коммуняк,coco
6535,commies,коммуняками,communiste
6536,commies,коммуняки,communiste
6537,commies,коммунякам,no_equality
6538,initiates,посвященные,no_equality
6539,omnipotent,всемогущий,omnipotent
6540,omnipotent,всемогущий,tout-puissant
6541,omnipotent,всемогущий,tout puissant
6542,omnipotent,всесильный,tout-puissant
6543,omnipotent,всемогущее,no_equality
6544,omnipotent,всемогуща,no_equality
6545,abashed,смешавшийся,no_equality
6546,abashed,растерянный,no_equality
6547,abashed,сконфуженный,no_equality
6548,dizzying,ошеломляющий,no_equality
6549,militaristic,милитаристский,militariste
6550,depraved,развращенный,no_equality
6551,depraved,развратный,dépravé
6552,depraved,порочный,vicieux
6553,quoth,каркнул,no_equality
6554,drips,капает,no_equality
6555,drips,капельницами,no_equality
6556,drips,капель,goutte
6557,drips,стекает,coule
6558,drips,стекает,s'écoule
6559,drips,капельниц,no_equality
6560,drips,капельницы,no_equality
6561,drips,потекла,no_equality
6562,increasingly,все более,toujours plus
6563,increasingly,все более,davantage
6564,increasingly,все более,de plus en plus
6565,increasingly,все более,croissant
6566,increasingly,все более,grandissant
6567,increasingly,все более,accrue
6568,increasingly,все чаще,progressivement
6569,increasingly,все чаще,accrue
6570,increasingly,все больше,davantage
6571,increasingly,все больше,progressivement
6572,increasingly,все больше,de plus en plus
6573,increasingly,все больше,accrue
6574,increasingly,всё более и более,no_equality
6575,increasingly,постепенно,progressivement
6576,increasingly,постепенно,graduellement
6577,increasingly,все больше и больше,toujours plus
6578,increasingly,все больше и больше,de plus en plus
6579,increasingly,всё в большей мере,no_equality
6580,increasingly,во все большей степени,no_equality
6581,increasingly,все шире,toujours plus
6582,increasingly,все шире,davantage
6583,increasingly,все шире,mieux
6584,increasingly,все большее,davantage
6585,increasingly,все большее,croissant
6586,increasingly,все большее,accrue
6587,increasingly,все активнее,davantage
6588,increasingly,все большую,croissant
6589,increasingly,во все большей мере,croissant
6590,increasingly,растет,no_equality
6591,increasingly,растущей,croissant
6592,increasingly,растущей,grandissant
6593,increasingly,в большей мере,davantage
6594,increasingly,в большей мере,mieux
6595,increasingly,в большей степени,davantage
6596,increasingly,в большей степени,mieux
6597,rabidities,способности,capacité
6598,rabidities,способности,aptitude
6599,rabidities,способности,habileté
6600,rabidities,способности,possibilité
6601,rabidities,способности,faculté
6602,rabidities,способности,qualité
6603,rabidities,способности,habilité
6604,rabidities,способностей,capacité
6605,rabidities,способностей,aptitude
6606,rabidities,способностей,compétence
6607,rabidities,способностей,faculté
6608,rabidities,способностей,talent
6609,rabidities,возможностей,capacité
6610,rabidities,возможностей,aptitude
6611,rabidities,возможностей,possibilité
6612,rabidities,способностями,capacité
6613,rabidities,способностями,aptitude
6614,rabidities,способностями,compétence
6615,rabidities,способностями,pouvoir
6616,rabidities,способностями,faculté
6617,rabidities,возможности,capacité
6618,rabidities,возможности,aptitude
6619,rabidities,возможности,possibilité
6620,rabidities,способностям,compétence
6621,rabidities,способностям,pouvoir
6622,rabidities,способностям,talent
6623,rabidities,способностях,capacité
6624,rabidities,способностях,aptitude
6625,rabidities,способностях,pouvoir
6626,rabidities,способностях,faculté
6627,rabidities,способностях,talent
6628,rabidities,возможностями,capacité
6629,rabidities,возможностями,compétence
6630,rabidities,возможностями,possibilité
6631,rabidities,потенциала,capacité
6632,rabidities,потенциала,aptitude
6633,rabidities,способность,capacité
6634,rabidities,способность,aptitude
6635,rabidities,способность,habileté
6636,rabidities,способность,possibilité
6637,rabidities,способность,faculté
6638,rabidities,способность,habilité
6639,rabidities,потенциал,pouvoir
6640,rabidities,навыков,capacité
6641,rabidities,навыков,aptitude
6642,rabidities,навыков,compétence
6643,rabidities,навыков,qualité
6644,rabidities,возможностям,no_equality
6645,rabidities,возможностях,capacité
6646,rabidities,возможностях,aptitude
6647,rabidities,возможностях,possibilité
6648,rabidities,навыки,talent
6649,submersible,погружного,no_equality
6650,submersible,погружной,no_equality
6651,submersible,погружных,no_equality
6652,submersible,подводных,no_equality
6653,submersible,погружным,no_equality
6654,submersible,подлодка,sous-marin
6655,submersible,подводные,submersible
6656,submersible,подводный аппарат,no_equality
6657,submersible,батискафе,sous-marin
6658,submersible,аппарате,no_equality
6659,submersible,погружном,no_equality
6660,arcades,игровых автоматов,arcade
6661,arcades,"""аркады""",no_equality
6662,talkers,болтунов,bavard
6663,talkers,болтуны,no_equality
6664,talkers,дикторов,no_equality
6665,talkers,дикторы,no_equality
6666,subtropics,субтропики,no_equality
6667,subtropics,субтропиков,no_equality
6668,alphabetically,в алфавитном порядке,par ordre alphabétique
6669,alphabetically,в алфавитном порядке,alphabétiquement
6670,alphabetically,в алфавитном порядке,en ordre alphabétique
6671,alphabetically,в алфавитном порядке,dans l'ordre alphabétique
6672,alphabetically,по алфавиту,par ordre alphabétique
6673,alphabetically,по алфавиту,alphabétiquement
6674,alphabetically,по алфавиту,dans l'ordre alphabétique
6675,fistfights,драки,bagarre
6676,fistfights,драк,no_equality
6677,stroking,гладить,caresser
6678,stroking,гладил,no_equality
6679,stroking,гладила,no_equality
6680,stroking,гладит,caresse
6681,stroking,погладить,caresser
6682,stroking,инсульт,attaque
6683,stroking,гладишь,no_equality
6684,stroking,глажу,caresse
6685,stroking,поглаживать,caresser
6686,plasters,контрацептивные пластыри,pansement
6687,compete,конкурировать,concurrencer
6688,compete,конкурировать,rivaliser
6689,compete,конкурировать,concourir
6690,compete,конкурировать,se mesurer
6691,compete,конкурировать,entrer en compétition
6692,compete,соревноваться,concurrencer
6693,compete,соревноваться,rivaliser
6694,compete,соревноваться,se mesurer
6695,compete,соревноваться,lutter
6696,compete,соревноваться,courir
6697,compete,бороться,concourir
6698,compete,бороться,lutter
6699,compete,бороться,se battre
6700,compete,выступать,participer
6701,compete,конкурентный,no_equality
6702,compete,конкурентная борьба,no_equality
6703,terminological,терминологический,terminologique
6704,terminological,терминологический,terminologie
6705,terminological,терминологии,no_equality
6706,terminological,терминов,no_equality
6707,terminological,терминологического характера,terminologique
6708,terminological,терминологическое,no_equality
6709,allude,упоминать,no_equality
6710,allude,ссылаться,faire référence
6711,allude,намекать,no_equality
6712,fluff,пух,duvet
6713,fluff,ерунда,no_equality
6714,fluff,ворс,no_equality
6715,fluff,взбивать,no_equality
6716,fluff,распушить,no_equality
6717,fluff,промазать,no_equality
6718,remote,отдаленный,no_equality
6719,remote,дистанционный,à distance
6720,remote,дистанционный,télécommande
6721,remote,удаленный,à distance
6722,remote,удаленный,distant
6723,remote,труднодоступный,no_equality
6724,remote,пульт,no_equality
6725,remote,удалённому,no_equality
6726,remote,далеко,no_equality
6727,remote,расстоянии,no_equality
6728,remote,глухой,no_equality
6729,remote,далеких,lointain
6730,remote,удалении,no_equality
6731,remote,далеком,lointain
6732,remote,изолированных,isolé
6733,remote,отдаляться,no_equality
6734,remote,неблизкий,no_equality
6735,firm,фирма,entreprise
6736,firm,фирма,cabinet
6737,firm,фирма,société
6738,firm,фирма,firme
6739,firm,фирма,compagnie
6740,firm,фирма,maison
6741,firm,фирма,boîte
6742,firm,решительный,ferme
6743,firm,твердый,no_equality
6744,firm,устойчивый,no_equality
6745,firm,непоколебимый,no_equality
6746,firm,фирменный,no_equality
6747,firm,упругий,no_equality
6748,firm,укреплять,affermir
6749,firm,крепко,fermement
6750,inductance,индуктивности,no_equality
6751,inductance,индуктивность,inductance
6752,inductance,низкоиндуктивные,no_equality
6753,governors,губернаторский корпус,no_equality
6754,meteor,метеорит,météore
6755,meteor,метеорит,météorite
6756,meteor,метеор,météore
6757,meteor,метеор,météorite
6758,meteor,метеор,étoile filante
6759,meteor,метеоритный,météorite
6760,meteor,метеором,no_equality
6761,meteor,метеоритного дождя,no_equality
6762,contemplation,созерцание,no_equality
6763,contemplation,размышления,réflexion
6764,contemplation,размышления,considération
6765,contemplation,созерцательность,no_equality
6766,contemplation,для размышлений,réflexion
6767,contemplation,созерцательности,no_equality
6768,contemplation,созерцанию,no_equality
6769,contemplation,тишине,no_equality
6770,Diogeneses,диоген,no_equality
6771,Diogeneses,диогене,no_equality
6772,Diogeneses,диогена,no_equality
6773,Diogeneses,диогеном,no_equality
6774,superficies,поверхностный,no_equality
6775,superficies,поверхностно,no_equality
6776,superficies,поверхности,no_equality
6777,superficies,неглубокие,no_equality
6778,biophysicss,биофизический,no_equality
6779,biophysicss,биофизического,no_equality
6780,biophysicss,биофизики,no_equality
6781,displaced,перемещенный,no_equality
6782,displaced,вытесненный,no_equality
6783,displaced,смещающийся,no_equality
6784,fetters,кандалы,chaîne
6785,fetters,кандалы,entrave
6786,fetters,кандалы,fer
6787,fetters,кандалах,fer
6788,fetters,пут,entrave
6789,fetters,оков,chaîne
6790,fetters,оков,fer
6791,fetters,оковах,no_equality
6792,fetters,кандалов,chaîne
6793,fetters,перекладиной,no_equality
6794,taxonomic,таксономический,no_equality
6795,taxonomic,таксономии,no_equality
6796,taxonomic,таксономические,no_equality
6797,taxonomic,таксономическим,no_equality
6798,taxonomic,таксономического,no_equality
6799,taxonomic,таксономическую,no_equality
6800,taxonomic,подробная таксономическая,no_equality
6801,taxonomic,таксономическое,no_equality
6802,taxonomic,таксономическом,no_equality
6803,pets,домашних животных,animaux domestiques
6804,pets,домашних животных,chat
6805,pets,домашние животные,animaux de compagnie
6806,pets,домашние питомцы,animaux de compagnie
6807,pets,домашние питомцы,animal de compagnie
6808,pets,домашних питомцев,no_equality
6809,pets,домашними животными,no_equality
6810,pets,питомцами,no_equality
6811,pets,питомцам,no_equality
6812,pets,питомцах,no_equality
6813,pets,любимцами,no_equality
6814,pets,любимцы,no_equality
6815,pets,домашних любимцев,no_equality
6816,pets,зверушек,no_equality
6817,mousetraps,мышеловки,no_equality
6818,infatuated,без ума,entiché
6819,infatuated,без ума,amoureux
6820,infatuated,без ума,entichée
6821,infatuated,влюбилась,no_equality
6822,infatuated,увлечена,épris
6823,infatuated,влюблен,no_equality
6824,infatuated,увлечены,épris
6825,infatuated,до безумия,no_equality
6826,infatuated,безумно влюблена,no_equality
6827,infatuated,втюрилась,no_equality
6828,infatuated,влюблены,amoureux
6829,infatuated,увлекался,no_equality
6830,infatuated,увлечен,épris
6831,infatuated,страсть,no_equality
6832,infatuated,увлекся,no_equality
6833,moratoriums,моратории,no_equality
6834,moratoriums,мораториев,moratoire
6835,moratoriums,моратория,moratoire
6836,moratoriums,мораториями,no_equality
6837,violas,альты,no_equality
6838,violas,альта,alto
6839,grave,серьезный,grave
6840,grave,серьезный,sérieux
6841,grave,серьезный,grand
6842,grave,тяжкий,grave
6843,grave,тяжелый,grave
6844,grave,большой,grand
6845,grave,большой,important
6846,grave,грубо,no_equality
6847,grave,могила,tombe
6848,grave,могила,tombeau
6849,grave,могила,fosse
6850,grave,могила,cimetière
6851,grave,грубых,grave
6852,grave,грубые,grave
6853,grave,серьезного,sérieux
6854,grave,грубым,grave
6855,grave,захоронения,tombe
6856,grave,захоронения,charnier
6857,grave,захоронения,cimetière
6858,grave,грубое,grave
6859,grave,грубыми,grave
6860,grave,грубого,no_equality
6861,grave,огромную,grand
6862,cosmetic,косметический,cosmétique
6863,cosmetic,косметика,cosmétique
6864,cosmetic,косметика,maquillage
6865,cosmetic,косметическое средство,no_equality
6866,advancements,достижений,no_equality
6867,advancements,достижения,no_equality
6868,advancements,прогресс,no_equality
6869,advancements,прогресса,progrès
6870,advancements,прогресса,avancement
6871,advancements,прогресса,développement
6872,advancements,успехи,progrès
6873,advancements,успехи,avancée
6874,advancements,достижениях,no_equality
6875,advancements,сдвигами,no_equality
6876,advancements,успехов,progrès
6877,advancements,успехов,avancée
6878,advancements,достижениями,progrès
6879,advancements,достижениями,avancée
6880,poachers,браконьеры,braconnier
6881,poachers,браконьеров,braconnier
6882,poachers,браконьерами,braconnier
6883,modishly,скромно,no_equality
6884,modishly,незначительно,no_equality
6885,modishly,скромным,no_equality
6886,modishly,умеренно,no_equality
6887,modishly,произошло незначительное,no_equality
6888,modishly,скромного,no_equality
6889,modishly,несколько,no_equality
6890,modishly,скромное,no_equality
6891,modishly,скромнее,no_equality
6892,modishly,скромный вклад,no_equality
6893,modishly,незначительными,no_equality
6894,consistent,последовательный,no_equality
6895,consistent,согласованный,cohérent
6896,consistent,постоянный,constant
6897,consistent,постоянный,régulier
6898,consistent,совместимый,no_equality
6899,consistent,последовательность,no_equality
6900,consistent,согласованность,no_equality
6901,consistent,согласующихся,no_equality
6902,consistent,согласующиеся,concordent
6903,consistent,неизменно,no_equality
6904,consistent,соответствующей,no_equality
6905,consistent,совпадают,concordent
6906,consistent,неизменной,constant
6907,consistent,неизменной,même
6908,consistent,неизменной,stable
6909,consistent,неизменную,constant
6910,winging,экспромт,no_equality
6911,winging,импровизация,improviser
6912,winging,импровизация,improvisation
6913,winging,импровизация,impro
6914,preserve,сохранение,préservation
6915,preserve,сохранение,conservation
6916,preserve,сохранение,maintien
6917,preserve,поддержание,maintien
6918,preserve,защиты,préservation
6919,preserve,заповедник,préservation
6920,preserve,заповедник,réserve
6921,preserve,сохранность,préservation
6922,preserve,сохранность,conservation
6923,preserve,сохранить,préserver
6924,preserve,сохранить,conserver
6925,preserve,сохранить,protéger
6926,preserve,сохранить,maintenir
6927,preserve,сохранить,sauvegarder
6928,preserve,сохранить,garder
6929,preserve,сохранять,préserver
6930,preserve,сохранять,conserver
6931,preserve,сохранять,protéger
6932,preserve,сохранять,maintenir
6933,preserve,сохранять,sauvegarder
6934,preserve,сохранять,garder
6935,preserve,поддерживать,préserver
6936,preserve,поддерживать,conserver
6937,preserve,поддерживать,maintenir
6938,preserve,поддерживать,garder
6939,preserve,охранять,préserver
6940,preserve,охранять,protéger
6941,preserve,охранять,garder
6942,preserve,защитить,préserver
6943,preserve,защитить,protéger
6944,preserve,защитить,sauvegarder
6945,preserve,защитить,garder
6946,preserve,оберегать,préserver
6947,preserve,оберегать,protéger
6948,preserve,сберечь,préserver
6949,preserve,сберечь,protéger
6950,preserve,обеспечивать,préserver
6951,preserve,обеспечивать,protéger
6952,preserve,обеспечивать,maintenir
6953,preserve,сохранении,préserver
6954,preserve,сохранении,conserver
6955,preserve,сохранении,protéger
6956,preserve,сохранении,maintenir
6957,preserve,сохранении,sauvegarder
6958,preserve,сохранении,garder
6959,preserve,сохранении,préservation
6960,preserve,сохранении,conservation
6961,preserve,сохранении,maintien
6962,preserve,охраны,conservation
6963,preserve,законсервировать,no_equality
6964,preserve,сохранять в целости,préserver
6965,preserve,сохранять в целости,conserver
6966,preserve,сохранять в целости,maintenir
6967,preserve,сохранять в целости,garder
6968,humanely,гуманно,avec humanité
6969,tampering,фальсификация,falsification
6970,tampering,фальсификация,fraude
6971,tampering,вмешательство,no_equality
6972,tampering,подделка,falsification
6973,tampering,манипуляции,manipulation
6974,tampering,подкупе,no_equality
6975,tampering,взлома,no_equality
6976,tampering,подкуп,no_equality
6977,tampering,присяжных,no_equality
6978,tampering,факта проникновения,effraction
6979,scratchy,скрипучий,no_equality
6980,scratchy,колючий,no_equality
6981,scratchy,шершавый,rugueux
6982,scratchy,неуклюжий,no_equality
6983,scratchy,неискусный,no_equality
6984,scratchy,царапающий,no_equality
6985,trailer,трейлер,remorque
6986,trailer,трейлер,trailer
6987,trailer,трейлер,caravane
6988,trailer,трейлер,bande-annonce
6989,trailer,трейлер,semi-remorque
6990,trailer,трейлер,roulotte
6991,trailer,трейлер,bande annonce
6992,trailer,трейлер,camion
6993,trailer,трейлер,loge
6994,trailer,трейлер,mobile home
6995,trailer,трейлер,mobil-home
6996,trailer,прицеп,remorque
6997,trailer,прицеп,caravane
6998,trailer,фургон,caravane
6999,trailer,фургон,roulotte
7000,trailer,фургон,camion
7001,trailer,вагончик,remorque
7002,trailer,вагончик,caravane
7003,trailer,вагончик,camion
7004,trailer,автоприцеп,no_equality
7005,emblazoning,украшение,décoration
7006,diffusion,распространение,diffusion
7007,diffusion,распространение,propagation
7008,diffusion,диффузия,diffusion
7009,diffusion,рассеивание,no_equality
7010,diffusion,взаимопроникновение,no_equality
7011,diffusion,диффузионной,no_equality
7012,diffusion,распространять,no_equality
7013,diffusion,освоения,no_equality
7014,anecdotic,примечательный,no_equality
7015,anecdotic,анекдотический,no_equality
7016,caterers,поваров,no_equality
7017,caterers,официантов,no_equality
7018,caterers,поставщики провизии,traiteur
7019,caterers,поставщик,traiteur
7020,caterers,предприятий общественного питания,no_equality
7021,caterers,официанты,serveur
7022,caterers,кейтеринг,no_equality
7023,caterers,поставщиков провизии,traiteur
7024,caterers,поставщиками провизии,no_equality
7025,caterers,кейтерам,no_equality
7026,caterers,поставщиками еды,no_equality
7027,feelings,чувства,sentiment
7028,feelings,чувства,ressenti
7029,feelings,чувств,sentiment
7030,feelings,чувствах,sentiment
7031,feelings,чувствах,émotion
7032,feelings,чувствами,no_equality
7033,feelings,чувство,sentiment
7034,feelings,чувство,ressent
7035,feelings,чувствам,sentiment
7036,feelings,чувствам,émotion
7037,feelings,ощущения,sensation
7038,feelings,эмоции,sentiment
7039,feelings,эмоции,émotion
7040,feelings,чувствую,sensation
7041,feelings,чувствую,ressens
7042,feelings,чувством,sentiment
7043,feelings,чувствуешь,sentiment
7044,feelings,чувствуешь,ressens
7045,feelings,чувствуешь,ressenti
7046,feelings,отношение,no_equality
7047,feelings,переживания,sentiment
7048,feelings,переживания,émotion
7049,feelings,самолюбие,no_equality
7050,feelings,переживаниями,émotion
7051,proletarians,пролетарии,no_equality
7052,proletarians,пролетариев,no_equality
7053,proletarians,пролетариат,prolétariat
7054,Yokohamas,иокогамской,no_equality
7055,Yokohamas,иокогаме,no_equality
7056,Yokohamas,иокогамская,no_equality
7057,Yokohamas,иокогама,no_equality
7058,Yokohamas,йокогамы,no_equality
7059,Yokohamas,иокогамского,no_equality
7060,Yokohamas,иокогамскую,no_equality
7061,Yokohamas,иокогаму,no_equality
7062,Yokohamas,иокогамский,no_equality
7063,Yokohamas,иокогамском,no_equality
7064,Yokohamas,йокогама,no_equality
7065,Yokohamas,yokohama,no_equality
7066,Yokohamas,иокогамских,no_equality
7067,effusions,выпот,no_equality
7068,rounded,округлый,rond
7069,rounded,округлены до,no_equality
7070,rounded,округленно,no_equality
7071,rounded,округлено,no_equality
7072,rounded,округленные,no_equality
7073,rounded,закруглены,no_equality
7074,rounded,закругленными,no_equality
7075,rounded,округлением до,no_equality
7076,rounded,закругленной,no_equality
7077,rounded,закругленным,no_equality
7078,rounded,закругления,no_equality
7079,rounded,округляются до,no_equality
7080,rounded,округляться,no_equality
7081,rounded,окружили,no_equality
7082,rounded,округляется,no_equality
7083,touched,тронутый,touché
7084,touched,коснувшийся,no_equality
7085,touched,умиленный,no_equality
7086,nacre,перламутр,nacre
7087,debasing,снижение качества,no_equality
7088,debasing,подавить,no_equality
7089,debasing,унижение,no_equality
7090,fillings,пломбы,plombage
7091,fillings,пломб,amalgame
7092,fillings,коронки,no_equality
7093,fillings,пломбах,no_equality
7094,fillings,пломбами,no_equality
7095,fillings,начинки,garniture
7096,fillings,начинки,farce
7097,fillings,бризантные,no_equality
7098,fillings,наполнения,no_equality
7099,fillings,коронок нет,no_equality
7100,prophylactic,профилактический,prophylactique
7101,prophylactic,профилактики,prophylaxie
7102,prophylactic,профилактики,prévention
7103,prophylactic,консультируется,no_equality
7104,prophylactic,лечебно-профилактический,prophylactique
7105,chase,погоня,chasse
7106,chase,погоня,poursuite
7107,chase,погоня,course-poursuite
7108,chase,преследования,poursuite
7109,chase,преследовать,chasser
7110,chase,преследовать,poursuivre
7111,chase,преследовать,pourchasser
7112,chase,преследовать,traquer
7113,chase,преследовать,prendre en chasse
7114,chase,гоняться,chasser
7115,chase,гоняться,poursuivre
7116,chase,гоняться,pourchasser
7117,chase,гоняться,traquer
7118,chase,догнать,poursuivre
7119,chase,делу,no_equality
7120,chase,чейз,chase
7121,chase,чейза,chase
7122,chase,чейзом,chase
7123,chase,чейс,chase
7124,chase,чейзу,no_equality
7125,chase,банк,chase
7126,chase,преследование,poursuite
7127,chase,преследование,course-poursuite
7128,chase,гонка,no_equality
7129,chase,поймать,chasser
7130,chase,поймать,traquer
7131,chase,искать,no_equality
7132,chase,гнать,chasser
7133,chase,гонять,no_equality
7134,spiritualities,духовности,spiritualité
7135,refrained,воздерживались,s'abstiennent
7136,refrained,воздержалась,s'est abstenu
7137,refrained,воздержалась,s'est abstenue
7138,refrained,воздержались,s'abstiennent
7139,refrained,воздержались,se sont abstenus
7140,refrained,воздерживался,s'est abstenu
7141,refrained,воздержался,no_equality
7142,refrained,воздерживается,s'est abstenu
7143,refrained,воздерживается,s'abstient
7144,refrained,воздерживаются,s'abstiennent
7145,refrained,воздерживалась,s'est abstenue
7146,refrained,воздерживалась,s'abstenir
7147,refrained,воздерживалось,no_equality
7148,refrained,воздержалось,s'est abstenu
7149,refrained,воздержалось,s'abstenir
7150,refrained,воздержалось,se sont abstenus
7151,refrained,воздержаться,no_equality
7152,refrained,отказываются,no_equality
7153,flunked,завалил,ai foiré
7154,flunked,завалил,a échoué
7155,flunked,завалил,ai échoué
7156,flunked,завалил,ai loupé
7157,flunked,завалил,a raté
7158,flunked,провалил,ai foiré
7159,flunked,провалил,a échoué
7160,flunked,провалил,ai échoué
7161,flunked,провалил,as foiré
7162,flunked,провалил,a raté
7163,flunked,провалила,a échoué
7164,flunked,провалила,ai échoué
7165,flunked,провалила,a raté
7166,flunked,завалила,ai échoué
7167,flunked,завалила,a raté
7168,flunked,провалился,a échoué
7169,flunked,провалился,ai échoué
7170,flunked,провалился,a raté
7171,flunked,выгнали,no_equality
7172,flunked,вылетел,no_equality
7173,flunked,провалилась,a échoué
7174,flunked,провалилась,ai échoué
7175,flunked,провалилась,avez échoué
7176,flunked,провалили,a échoué
7177,fins,ребристый,no_equality
7178,shakiness,шаткость,no_equality
7179,sandy,песчаный,sablonneux
7180,sandy,песчаный,sable
7181,sandy,песчаный,de sable
7182,sandy,рыжеватый,no_equality
7183,sandy,песчанистый,no_equality
7184,sandy,Санди,sandy
7185,sandy,песочно,no_equality
7186,anjous,анжу,no_equality
7187,anjous,анжуйская,no_equality
7188,anjous,анжуйский,no_equality
7189,Siberia,сибирь,sibérie
7190,Siberia,сибирь,siberia
7191,Siberia,сибири,no_equality
7192,Siberia,сибирью,no_equality
7193,Siberia,сибирской,no_equality
7194,misogynic,женоненавистник,no_equality
7195,misogynic,мизогинист,no_equality
7196,misogynic,стыдно,no_equality
7197,misogynic,женофоб,no_equality
7198,misogynic,женоненавистники,no_equality
7199,misogynic,женоненавистничество,no_equality
7200,italicizing,выделение курсивом,no_equality
7201,disengage,развести,no_equality
7202,disengage,разъединить,no_equality
7203,disengage,отцепить,no_equality
7204,disengage,отставить,no_equality
7205,disengage,разблокировать,no_equality
7206,disengage,освобождать,dégager
7207,disengage,расцеплять,no_equality
7208,disengage,отключите,désactiver
7209,disengage,разъединения,no_equality
7210,disengage,отключаются,no_equality
7211,disengage,отключи,no_equality
7212,disengage,отключить,désactiver
7213,disengage,разъединение,no_equality
7214,disengage,отвести,no_equality
7215,disengage,освободиться,se libérer
7216,communist,коммунистический,communiste
7217,communist,коммунист,communiste
7218,communist,коммунисты,communiste
7219,communist,коммунизма,communiste
7220,communist,коммунизма,communisme
7221,communist,коммунисткой,no_equality
7222,involvement,участие,participation
7223,involvement,участие,implication
7224,involvement,участие,engagement
7225,involvement,участие,intervention
7226,involvement,участие,rôle
7227,involvement,участие,contribution
7228,involvement,участие,présence
7229,involvement,участие,concours
7230,involvement,участие,impliqué
7231,involvement,вовлечение,participation
7232,involvement,вовлечение,implication
7233,involvement,вовлечение,engagement
7234,involvement,вовлечение,participent
7235,involvement,привлечение,participation
7236,involvement,привлечение,implication
7237,involvement,привлечение,engagement
7238,involvement,привлечение,intervention
7239,involvement,привлечение,mobilisation
7240,involvement,причастность,participation
7241,involvement,причастность,implication
7242,involvement,причастность,engagement
7243,involvement,причастность,impliqué
7244,involvement,вовлеченность,participation
7245,involvement,вовлеченность,implication
7246,involvement,вовлеченность,engagement
7247,involvement,деятельность,intervention
7248,involvement,деятельность,action
7249,involvement,вмешательство,implication
7250,involvement,вмешательство,intervention
7251,involvement,вмешательство,ingérence
7252,involvement,подключение,participation
7253,involvement,задействование,no_equality
7254,involvement,активность,participation
7255,involvement,взаимодействие,participation
7256,involvement,взаимодействие,engagement
7257,involvement,участвуют,no_equality
7258,involvement,участвует,participation
7259,involvement,участвует,impliqué
7260,involvement,участвует,participent
7261,involvement,участвовали,no_equality
7262,involvement,вовлечены,participé
7263,involvement,вовлечены,impliqué
7264,involvement,вовлечены,participent
7265,enthronement,интронизации,no_equality
7266,enthronement,возведения на,no_equality
7267,enthronement,возведение на престол,no_equality
7268,scribbling,каракули,gribouillage
7269,scribbling,каракули,gribouillis
7270,scribbling,писанина,no_equality
7271,scribbling,набросок,no_equality
7272,scribbling,строчил,no_equality
7273,scribbling,кропать,no_equality
7274,scribbling,чиркать,no_equality
7275,testimonial,свидетельские показания,témoignage
7276,testimonial,характеристика,no_equality
7277,testimonial,свидетельство,témoignage
7278,testimonial,свидетельство,attestation
7279,testimonial,опросах,no_equality
7280,testimonial,показаниями свидетелей,témoignage
7281,plops,плюхается прямо,no_equality
7282,Thurbers,клубней,tubercule
7283,Thurbers,клубни,tubercule
7284,Thurbers,клубнях,no_equality
7285,Thurbers,клубнями,no_equality
7286,Thurbers,клубнеплодов,no_equality
7287,Thurbers,клубнеплоды,no_equality
7288,Thurbers,корнеплоды,no_equality
7289,feeders,кормильцев,no_equality
7290,feeders,кормушки,mangeoire
7291,feeders,кормильцы,no_equality
7292,feeders,загонщики,no_equality
7293,variegation,разновидностях пигментации,no_equality
7294,juveniles,несовершеннолетних,no_equality
7295,juveniles,несовершеннолетние,mineur
7296,juveniles,несовершеннолетние,jeune
7297,juveniles,подростков,mineur
7298,juveniles,подростков,jeune
7299,juveniles,подростков,adolescent
7300,juveniles,подростков,jeunesse
7301,juveniles,подростков,enfant
7302,juveniles,несовершеннолетними,mineur
7303,juveniles,несовершеннолетними,jeune
7304,juveniles,несовершеннолетним,mineur
7305,juveniles,несовершеннолетним,adolescent
7306,juveniles,подростки,no_equality
7307,juveniles,подросткам,jeune
7308,juveniles,подростками,mineur
7309,juveniles,подростками,jeune
7310,juveniles,подростками,adolescent
7311,juveniles,несовершеннолетнего,jeune
7312,juveniles,несовершеннолетнего,enfant
7313,juveniles,несовершеннолетнего,mineure
7314,juveniles,малолетних преступников,no_equality
7315,juveniles,молодежи,mineur
7316,juveniles,молодежи,jeune
7317,juveniles,молодежи,adolescent
7318,juveniles,молодежи,jeunesse
7319,juveniles,молодежи,enfant
7320,juveniles,несовершеннолетний,mineur
7321,juveniles,молоди,juvénile
7322,juveniles,молодых людей,mineur
7323,juveniles,молодых людей,jeune
7324,juveniles,молодых людей,adolescent
7325,juveniles,молодых людей,jeunesse
7326,juveniles,несовершеннолетнему,mineur
7327,institutional,институциональный,institutionnel
7328,institutional,институциональный,institutionnalisé
7329,institutional,организационный,institutionnel
7330,institutional,организационный,organisation
7331,institutional,институционный,no_equality
7332,institutional,учрежденческий,no_equality
7333,institutional,учреждений,institutionnel
7334,institutional,учреждений,institution
7335,institutional,учреждений,établissement
7336,institutional,учреждений,organisation
7337,institutional,учреждений,organisme
7338,institutional,институтов,institutionnel
7339,institutional,институтов,institution
7340,institutional,институтов,établissement
7341,institutional,институтов,organisme
7342,institutional,организаций,institution
7343,institutional,организаций,établissement
7344,institutional,организаций,organisation
7345,institutional,организаций,organisme
7346,institutional,учреждения,institution
7347,institutional,учреждения,établissement
7348,institutional,учреждения,organisme
7349,institutional,учреждениях,institution
7350,institutional,учреждениях,établissement
7351,institutional,учреждениях,organisation
7352,institutional,учреждениях,organisme
7353,institutional,общеорганизационных,no_equality
7354,institutional,общеорганизационном,no_equality
7355,institutional,ведомственных,no_equality
7356,institutional,детских,no_equality
7357,institutional,общеорганизационному,no_equality
7358,institutional,институционным,no_equality
7359,IAEAS,идеи,no_equality
7360,IAEAS,идеями,no_equality
7361,IAEAS,идеям,no_equality
7362,IAEAS,соображения,no_equality
7363,IAEAS,идеях,no_equality
7364,IAEAS,мнениями,no_equality
7365,IAEAS,мысли,no_equality
7366,IAEAS,предложения,no_equality
7367,IAEAS,предложений,no_equality
7368,IAEAS,концепций,no_equality
7369,IAEAS,соображений,no_equality
7370,IAEAS,мыслями,no_equality
7371,IAEAS,соображениями,no_equality
7372,IAEAS,мыслей,no_equality
7373,IAEAS,мнений,no_equality
7374,descending,нисходящий,descendant
7375,descending,опускающийся,no_equality
7376,descending,убывающий,no_equality
7377,descending,убывание,no_equality
7378,descending,спуск,descente
7379,descending,спуск,descendre
7380,descending,спуск,pente
7381,wackily,к счастью,no_equality
7382,wackily,по счастью,no_equality
7383,wackily,"повезло, что",no_equality
7384,wackily,"хорошо, что",no_equality
7385,wackily,какое счастье,no_equality
7386,wackily,ксчастью,no_equality
7387,wackily,слава богу,no_equality
7388,turmoils,потрясений,no_equality
7389,stitcher,сшивальщик,no_equality
7390,invests,инвестирует,investit
7391,invests,инвестирует,investissent
7392,invests,инвестирует,investira
7393,invests,вкладывает средства,investit
7394,invests,выделяет,consacre
7395,invests,выделяет,finance
7396,invests,вложит,no_equality
7397,invests,прикладывает,no_equality
7398,invests,прилагает,no_equality
7399,rambled,накатала,no_equality
7400,snob,сноб,snob
7401,snob,выскочка,no_equality
7402,snob,зазнайка,no_equality
7403,baptismal,крещения,no_equality
7404,baptismal,крещении,no_equality
7405,baptismal,крестинный,no_equality
7406,baptismal,купель,no_equality
7407,draftees,новобранец,no_equality
7408,nosher,кошерный,casher
7409,nosher,кошерный,kosher
7410,nosher,кошерные,no_equality
7411,nosher,кошерной,no_equality
7412,nosher,кошер,casher
7413,nosher,кошерными,no_equality
7414,nosher,некошерный,no_equality
7415,nosher,кошерна,no_equality
7416,nosher,кошерном,casher
7417,nosher,кошерном,kasher
7418,nosher,кошерном,kascher
7419,nosher,ведь кошерную пищу ешь,no_equality
7420,levied,взимаемых,facturés
7421,levied,взимаются,taxe
7422,levied,взимается,no_equality
7423,levied,взиматься,no_equality
7424,levied,взимаемые,no_equality
7425,levied,взимаемый,no_equality
7426,levied,взимает,no_equality
7427,levied,взимал,no_equality
7428,levied,налогов,no_equality
7429,levied,налог,no_equality
7430,levied,взимать,no_equality
7431,levied,которыми облагаются,no_equality
7432,levied,взимание,no_equality
7433,embossing,чеканка,no_equality
7434,embossing,тиснение,no_equality
7435,embossing,для ротационного тиснения,no_equality
7436,profaned,осквернены,no_equality
7437,governorships,губернаторов,no_equality
7438,governorships,губернаторских,no_equality
7439,choristers,певчих,chanteur
7440,choristers,певчие,no_equality
7441,choristers,хористов,no_equality
7442,choristers,хористы,no_equality
7443,onerousness,тягостность,no_equality
7444,bioengineerings,биоинженерия,no_equality
7445,bioengineerings,биотехнологии,biotechnologie
7446,nickered,задел,no_equality
7447,nickered,стащил,no_equality
7448,nickered,украли,no_equality
7449,nickered,украл,no_equality
7450,nickered,порезал,no_equality
7451,nickered,спёр,no_equality
7452,nickered,угнал,no_equality
7453,nickered,стащила,no_equality
7454,nickered,арестован,no_equality
7455,nickered,стащили,no_equality
7456,nickered,сперла,no_equality
7457,nickered,пробила,no_equality
7458,nickered,стырил,no_equality
7459,nickered,сперли,no_equality
7460,Andorrans,андоррцы,no_equality
7461,Andorrans,андоррцев,no_equality
7462,Andorrans,граждане андорры,no_equality
7463,Andorrans,жители андорры,no_equality
7464,pipettes,пипетки,no_equality
7465,dredging,дноуглубительный,no_equality
7466,dredging,землечерпательный,no_equality
7467,dredging,дноуглубительные работы,no_equality
7468,dredging,выемка грунта,saisie
7469,dredging,драгирование,dragage
7470,dredging,грунт,no_equality
7471,dredging,углубление дна,no_equality
7472,utilities,коммунальные услуги,services publics
7473,utilities,коммунальные услуги,utilité
7474,utilities,коммунальные услуги,équipements collectifs
7475,utilities,коммунальные услуги,facture
7476,utilities,коммунальных услуг,services publics
7477,utilities,коммунальных услуг,équipements collectifs
7478,utilities,утилиты,no_equality
7479,utilities,коммунальные службы,services publics
7480,utilities,коммунальное обслуживание,services publics
7481,utilities,утилит,no_equality
7482,utilities,коммунальные предприятия,no_equality
7483,utilities,коммунальными услугами,services publics
7484,utilities,коммунальное хозяйство,no_equality
7485,utilities,коммунальных услугах,no_equality
7486,utilities,компании,no_equality
7487,utilities,предприятия коммунального обслуживания,services publics
7488,utilities,предприятия коммунального обслуживания,installation
7489,utilities,предприятия коммунального обслуживания,entreprise
7490,utilities,энергопредприятий,compagnies d'électricité
7491,utilities,общего пользования,no_equality
7492,utilities,удобства,installation
7493,utilities,удобства,commodité
7494,praetorial,претория,pretoria
7495,praetorial,претории,pretoria
7496,praetorial,преторийского,no_equality
7497,praetorial,преторийское,no_equality
7498,praetorial,преторию,pretoria
7499,praetorial,преторийском,pretoria
7500,praetorial,преторийским,pretoria
7501,praetorial,преторийскому,pretoria
7502,praetorial,преторийский,pretoria
7503,praetorial,преторийских,no_equality
7504,praetorial,преторийской,no_equality
7505,alluded,сослался,a mentionné
7506,alluded,упомянул о,a mentionné
7507,alluded,упоминалось,no_equality
7508,alluded,упоминал о,fait référence
7509,alluded,упоминал о,a mentionné
7510,alluded,намекал,a fait allusion
7511,alluded,ссылались,no_equality
7512,alluded,ссылался,a fait allusion
7513,alluded,ссылался,a mentionné
7514,alluded,ссылается,fait référence
7515,alluded,о котором говорится,évoqué
7516,alluded,ссылка,no_equality
7517,alluded,упомянутым,no_equality
7518,pea,горошина,no_equality
7519,pea,горох,pois
7520,pea,гороховый,no_equality
7521,pea,горошинка,no_equality
7522,pea,горошек,pois
7523,pea,пи,no_equality
7524,pea,гвр,no_equality
7525,pea,малышка,no_equality
7526,gambles,делает ставки,no_equality
7527,gambles,играет в азартные игры,no_equality
7528,gambles,рискует,no_equality
7529,dynamism,динамизм,dynamisme
7530,dynamism,динамизм,dynamique
7531,dynamism,динамизм,élan
7532,dynamism,динамика,dynamisme
7533,dynamism,динамика,dynamique
7534,dynamism,динамика,élan
7535,dynamism,динамичность,dynamisme
7536,dynamism,динамичного развития,dynamisme
7537,dynamism,динамичного развития,dynamiser
7538,dynamism,активности,dynamisme
7539,dynamism,динамичное развитие,dynamisme
7540,dynamism,динамичному развитию,dynamisme
7541,dynamism,динамично,no_equality
7542,laxity,слабость,no_equality
7543,laxity,расхлябанность,no_equality
7544,laxity,распущенности,no_equality
7545,laxity,попустительством,no_equality
7546,laxity,небрежности,no_equality
7547,skews,искажает,faux
7548,skews,искажает,faussent
7549,Babylonians,вавилоняне,no_equality
7550,Babylonians,жители вавилона,no_equality
7551,Babylonians,вавилонян,no_equality
7552,transducers,датчики,transducteur
7553,transducers,датчики,capteur
7554,transducers,датчики,détecteur
7555,transducers,преобразователи,capteur
7556,transducers,датчиков,capteur
7557,transducers,преобразователей,convertisseur
7558,transducers,датчика,capteur
7559,transducers,датчика,détecteur
7560,transducers,преобразователям,no_equality
7561,transducers,преобразователями,convertisseur
7562,transducers,соответствовать заданной,no_equality
7563,transducers,трансдукторам,no_equality
7564,underestimation,недооценка,sous-estimation
7565,underestimation,недооценка,sous-évaluation
7566,underestimation,занижение,sous-estimation
7567,underestimation,занижение,sous-évaluation
7568,underestimation,недооценкой,sous-estimation
7569,underestimation,занижены,no_equality
7570,underestimation,заниженные оценки,no_equality
7571,underestimation,заниженными,no_equality
7572,underestimation,заниженной оценке,no_equality
7573,underestimation,заниженная оценка,no_equality
7574,ushered,возвестил,no_equality
7575,ushered,ознаменовал,a marqué
7576,ushered,возвестила,no_equality
7577,ushered,возвестили о,no_equality
7578,ushered,возвестило,no_equality
7579,ushered,ознаменовали начало,no_equality
7580,ushered,повлекло,no_equality
7581,ushered,ознаменовало собой,a marqué
7582,ushered,распахнувшего двери,no_equality
7583,Elysiums,элизиум,élysée
7584,Elysiums,элизиум,elysium
7585,Elysiums,элизий,no_equality
7586,Elysiums,элизиуме,élysée
7587,Elysiums,elysium,no_equality
7588,Elysiums,элизиума,élysée
7589,Elysiums,элизиуму,élysée
7590,Elysiums,элизиуму,elysium
7591,clinicians,врачей,cliniciens
7592,clinicians,врачей,médecin
7593,clinicians,врачей,praticien
7594,clinicians,клиницисты,no_equality
7595,clinicians,клиницистов,no_equality
7596,clinicians,практикующие врачи,no_equality
7597,clinicians,врачей-консультантов,médecin
7598,clinicians,врачи-клиницисты,médecin
7599,clinicians,клинические врачи,médecin
7600,clinicians,лечащими врачами,médecin
7601,clades,кладес,no_equality
7602,poetise,точный,no_equality
7603,poetise,конкретный,précis
7604,poetise,конкретный,spécifique
7605,poetise,четкий,no_equality
7606,poetise,точно,exact
7607,poetise,точность,no_equality
7608,poetise,конкретно,précis
7609,Indianas,индейцев,no_equality
7610,Indianas,индейцы,no_equality
7611,Indianas,индийцы,no_equality
7612,Indianas,индийцев,no_equality
7613,Indianas,индейцами,no_equality
7614,Indianas,индейцам,no_equality
7615,Indianas,индусы,no_equality
7616,Indianas,индусов,no_equality
7617,Indianas,индийцам,no_equality
7618,Indianas,индийцами,no_equality
7619,Indianas,индии,no_equality
7620,Indianas,индейцах,no_equality
7621,bewitching,очаровательно,no_equality
7622,bewitching,околдовывают,no_equality
7623,bewitching,околдовала,no_equality
7624,Karachis,карачи,karachi
7625,self-governments,органы самоуправления,administrations autonomes
7626,self-governments,органы самоуправления,gouvernements autonomes
7627,self-governments,органов самоуправления,administrations autonomes
7628,self-governments,органов самоуправления,gouvernements autonomes
7629,self-governments,органам самоуправления,no_equality
7630,self-governments,органами самоуправления,no_equality
7631,self-governments,самоуправлений,no_equality
7632,self-governments,самоуправление,autogestion
7633,emboldened,поощряет,no_equality
7634,emboldened,придает смелости,enhardi
7635,emboldened,вдохновленные,no_equality
7636,emboldened,смелость,no_equality
7637,emboldened,способствует распространению,no_equality
7638,emboldened,смелее,no_equality
7639,emboldened,развязывает руки,no_equality
7640,emboldened,придали смелости,enhardi
7641,emboldened,побудило,no_equality
7642,emboldened,обнаглели,no_equality
7643,emboldened,осмелеет,no_equality
7644,emboldened,подтолкнуло,no_equality
7645,emboldened,ободренный,no_equality
7646,emboldened,воодушевили,no_equality
7647,emboldened,осмелевший,no_equality
7648,mildly,слегка,légèrement
7649,mildly,слегка,doucement
7650,mildly,слегка,légère
7651,mildly,немного,légèrement
7652,mildly,мягко,légèrement
7653,mildly,мягко,doucement
7654,mildly,мягко,douceur
7655,mildly,умеренно,modérément
7656,mildly,умеренная,no_equality
7657,mildly,легкой,no_equality
7658,mildly,слабо сказано,no_equality
7659,herds,стада,troupeau
7660,herds,стад,troupeau
7661,herds,скота,troupeau
7662,herds,скота,cheptel
7663,herds,скота,animal
7664,herds,скота,bête
7665,herds,стадами,troupeau
7666,herds,стадах,no_equality
7667,herds,стадам,no_equality
7668,herds,стаями,no_equality
7669,herds,стадо,troupeau
7670,herds,стадо,harde
7671,herds,стадо,horde
7672,complement,дополнять,compléter
7673,complement,дополнять,accompagner
7674,complement,дополнять,suppléer
7675,complement,дополнять,seconder
7676,complement,комплектовать,no_equality
7677,complement,служить дополнением,compléter
7678,complement,дополнение,complément
7679,complement,дополнение,complémentaire
7680,complement,комплект,no_equality
7681,complement,комплемент,no_equality
7682,complement,поразрядное дополнение,no_equality
7683,complement,дополнительный,no_equality
7684,clocked,засек,no_equality
7685,clocked,ударил,no_equality
7686,clocked,засекла,no_equality
7687,clocked,засекли,no_equality
7688,clocked,вырубил,no_equality
7689,clocked,врезал,no_equality
7690,clocked,запомнили,no_equality
7691,clocked,вырубила,no_equality
7692,clocked,втащил,no_equality
7693,clocked,отметилась,no_equality
7694,clocked,отметились,no_equality
7695,trot,рысь,no_equality
7696,trot,трусца,no_equality
7697,trot,Трот,trot
7698,trot,быстрый шаг,no_equality
7699,trot,идти рысью,no_equality
7700,trot,спешить,no_equality
7701,trot,трусить,no_equality
7702,trot,подбежать,no_equality
7703,trot,пойти рысью,no_equality
7704,trot,щеголять,no_equality
7705,moisturise,увлажнять,hydrater
7706,hastiness,поспешность,précipitation
7707,hastiness,поспешность,hâte
7708,hastiness,поспешность,empressement
7709,hastiness,необдуманность,no_equality
7710,hastiness,вспыльчивость,no_equality
7711,contravention,нарушение,violation
7712,contravention,нарушение,contravention
7713,contravention,нарушение,infraction
7714,contravention,нарушение,contraire
7715,contravention,нарушение,non-respect
7716,contravention,нарушение,transgression
7717,contravention,противоречит,violation
7718,contravention,противоречит,viole
7719,contravention,противоречат,no_equality
7720,contravention,противоречие,contraire
7721,contravention,противоречие,encontre
7722,contravention,противоречащие,no_equality
7723,contravention,идет вразрез,no_equality
7724,contravention,нарушает,viole
7725,nitwits,кретинов,no_equality
7726,nitwits,кретины,idiot
7727,nitwits,придурков,idiot
7728,nitwits,придурков,imbécile
7729,stringency,строгость,rigueur
7730,stringency,строгость,sévérité
7731,stringency,строгость,austérité
7732,stringency,жесткость,rigueur
7733,stringency,обязательных требований,no_equality
7734,stringency,жесткости требований,rigueur
7735,stringency,жесткости требований,sévérité
7736,stringency,жесткости требований,exigence
7737,stringency,жесткий характер,no_equality
7738,stringency,ужесточение,no_equality
7739,stringency,жестких,no_equality
7740,stringency,ограничивающее действие,no_equality
7741,stringency,жесткие,no_equality
7742,polemic,полемика,no_equality
7743,polemic,полемист,no_equality
7744,polemic,полемические,no_equality
7745,irony,ирония,ironie
7746,irony,ирония,ironiquement
7747,nears,приближается к,approche
7748,nears,приближается к,se rapproche
7749,nears,приближается,s'approche
7750,nears,приближается,se rapproche
7751,nears,приблизится к,no_equality
7752,nears,приближения к,approche
7753,nears,приближаться,no_equality
7754,nears,подходит к,no_equality
7755,nears,приближением,no_equality
7756,wood,древесина,bois
7757,wood,дерево,bois
7758,wood,дрова,bois
7759,wood,лес,no_equality
7760,wood,леса,no_equality
7761,wood,доски,bois
7762,wood,древесный,no_equality
7763,wood,деревянный,en bois
7764,wood,лесной,no_equality
7765,wood,древесную,no_equality
7766,wood,вуд,no_equality
7767,wood,дровяной,de bois
7768,wood,древесном,no_equality
7769,wood,древесными,no_equality
7770,wood,досок,no_equality
7771,wood,вудом,no_equality
7772,perpendicularity,перпендикулярность,no_equality
7773,squirming,корчившийся,no_equality
7774,egression,регрессия,no_equality
7775,egression,регресс,no_equality
7776,egression,регрессионный,no_equality
7777,egression,регрессивного,no_equality
7778,egression,регрессию,no_equality
7779,egression,регрессионные,no_equality
7780,egression,регрессионная,no_equality
7781,egression,спада,no_equality
7782,detainees,военнопленные,no_equality
7783,varieties,разновидностей,variété
7784,varieties,сортов,no_equality
7785,varieties,сорта,variété
7786,varieties,сорта,cultivar
7787,varieties,сорта,sorte
7788,varieties,разновидности,variété
7789,varieties,видов,espèce
7790,varieties,видов,sorte
7791,varieties,видов,type
7792,varieties,видов,forme
7793,varieties,культур,variété
7794,varieties,культур,diversité
7795,varieties,разновидностям,variété
7796,varieties,виды,espèce
7797,varieties,виды,sorte
7798,varieties,виды,type
7799,varieties,виды,forme
7800,varieties,сортами,variété
7801,varieties,разновидностях,no_equality
7802,varieties,сортах,variété
7803,varieties,разновидностями,variété
7804,varieties,растений,variété
7805,varieties,растений,espèce
7806,varieties,сортам,no_equality
7807,varieties,пород,espèce
7808,varieties,пород,essence
7809,varieties,пород,race
7810,sectors,секторах,secteur
7811,sectors,секторах,domaine
7812,sectors,секторах,branche
7813,sectors,секторах,service
7814,sectors,секторов,secteur
7815,sectors,секторов,branche
7816,sectors,секторов,milieu
7817,sectors,секторов,service
7818,sectors,сектора,secteur
7819,sectors,сектора,milieu
7820,sectors,сектора,service
7821,sectors,секторами,secteur
7822,sectors,секторы,secteur
7823,sectors,секторам,secteur
7824,sectors,слоев,no_equality
7825,sectors,секторе,secteur
7826,sectors,секторе,domaine
7827,sectors,секторе,service
7828,sectors,отраслях,secteur
7829,sectors,отраслях,domaine
7830,sectors,отраслях,branche
7831,sectors,областях,domaine
7832,sectors,отраслей,secteur
7833,sectors,отраслей,domaine
7834,sectors,отраслей,branche
7835,sectors,слои,secteur
7836,sectors,слои,couche
7837,sectors,слои,groupe
7838,sectors,слои,catégorie
7839,sectors,сферах,no_equality
7840,sectors,сектор,secteur
7841,sectors,сектор,branche
7842,sectors,сектор,service
7843,sectors,отрасли,secteur
7844,sectors,отрасли,branche
7845,whacked,замочили,no_equality
7846,whacked,ударил,no_equality
7847,whacked,замочить,tuer
7848,whacked,замочил,no_equality
7849,whacked,ударила,no_equality
7850,whacked,побили,no_equality
7851,whacked,прикончили,no_equality
7852,whacked,пришить,tuer
7853,whacked,пришили,no_equality
7854,whacked,пулю,tuer
7855,whacked,убили,tuer
7856,whacked,убирали,no_equality
7857,whacked,ударили,no_equality
7858,whacked,замочат,no_equality
7859,whacked,бил,no_equality
7860,weightlessness,невесомость,apesanteur
7861,scalability,масштабируемость,no_equality
7862,scalability,расширяемость,no_equality
7863,scalability,масштабируемости,no_equality
7864,scalability,свободу маневра,no_equality
7865,scalability,универсальности,no_equality
7866,eradicating,искоренение,éliminer
7867,eradicating,искоренение,éradiquer
7868,eradicating,искоренение,lutte contre
7869,eradicating,искоренение,mettre fin
7870,eradicating,искоренение,faire disparaître
7871,eradicating,искоренение,lutter contre
7872,eradicating,ликвидации,éliminer
7873,eradicating,ликвидации,éradiquer
7874,eradicating,ликвидации,supprimer
7875,eradicating,ликвидации,mettre fin
7876,eradicating,ликвидации,lutter contre
7877,eradicating,ликвидации,suppression
7878,eradicating,ликвидация,suppression
7879,eradicating,искоренить,éliminer
7880,eradicating,искоренить,éradiquer
7881,eradicating,искоренить,supprimer
7882,eradicating,искоренить,faire disparaître
7883,eradicating,устранение,suppression
7884,eradicating,ликвидировать,éliminer
7885,eradicating,ликвидировать,éradiquer
7886,eradicating,ликвидировать,supprimer
7887,eradicating,искоренять,éliminer
7888,eradicating,искоренять,éradiquer
7889,eradicating,покончить,éliminer
7890,eradicating,покончить,éradiquer
7891,eradicating,покончить,supprimer
7892,eradicating,покончить,mettre fin
7893,eradicating,пресечения,éliminer
7894,eradicating,пресечения,mettre fin
7895,eradicating,пресечения,lutter contre
7896,eradicating,пресечения,enrayer
7897,eradicating,уничтожение,éliminer
7898,components,комплектующие,no_equality
7899,components,комплектующие изделия,no_equality
7900,freckles,веснушки,taches de rousseur
7901,freckles,веснушки,freckles
7902,freckles,веснушка,taches de rousseur
7903,freckles,веснушка,ma grande
7904,freckles,веснушка,punky
7905,freckles,веснушка,frimousse
7906,freckles,веснушек,taches de rousseur
7907,freckles,веснушками,taches de rousseur
7908,freckles,веснушках,no_equality
7909,freckles,родинки,no_equality
7910,freckles,конопатая,no_equality
7911,freckles,могу дать ему умереть,no_equality
7912,alimentary,пищеварительный,digestif
7913,alimentary,пищевой,alimentaire
7914,alimentary,питательный,no_equality
7915,alimentary,продовольственных,alimentaire
7916,alimentary,вызванных пищевыми,no_equality
7917,reporting,отчетность,rapport
7918,reporting,отчетность,communication
7919,reporting,отчетность,notification
7920,reporting,отчетность,information
7921,reporting,отчетность,présentation
7922,reporting,отчетность,rendre compte
7923,reporting,представление информации,notification
7924,reporting,представление информации,information
7925,reporting,составление отчетов,déclaration
7926,reporting,составление отчетов,rapport
7927,reporting,оповещение,notification
7928,reporting,сообщающий,no_equality
7929,reporting,отчитывающийся,no_equality
7930,reporting,подчиняющийся,no_equality
7931,reporting,докладывающий,no_equality
7932,reporting,отчетный,rapport
7933,reporting,отчетный,notification
7934,prosecutes,преследует,no_equality
7935,prosecutes,осуществляет судебное преследование,no_equality
7936,prosecutes,привлекает к ответственности,no_equality
7937,prosecutes,возбуждает дело,no_equality
7938,prosecutes,преследуются,no_equality
7939,Tibetan,тибетский,tibétain
7940,Tibetan,тибетец,tibétain
7941,Tibetan,тибета,tibétain
7942,Tibetan,тибетский язык,tibétain
7943,Tibetan,тибетскими,no_equality
7944,Tibetan,тибетскому,no_equality
7945,IC,ик,no_equality
7946,IC,мс,no_equality
7947,IC,ки,no_equality
7948,IC,пп,no_equality
7949,IC,"""интерсити""",no_equality
7950,IC,международных конференциях,no_equality
7951,IC,ic,no_equality
7952,IC,пс,no_equality
7953,IC,ник,no_equality
7954,IC,казкоммерц-полис,no_equality
7955,IC,ск,no_equality
7956,IC,отчеты об ис,no_equality
7957,IC,являются ваши имущественные интересы,no_equality
7958,peaking,пике,no_equality
7959,peaking,пик,no_equality
7960,peaking,достигнув своего пика,no_equality
7961,peaking,достиг максимального уровня,no_equality
7962,peaking,достигли своего пика,no_equality
7963,peaking,достигнув максимальной величины,no_equality
7964,peaking,достигла своего пика,no_equality
7965,peaking,обострением,no_equality
7966,faithfulness,верность,fidélité
7967,faithfulness,верность,loyauté
7968,faithfulness,верность,foi
7969,faithfulness,добросовестность,no_equality
7970,faithfulness,достоверность,no_equality
7971,coder,кодер,no_equality
7972,coder,программист,codeur
7973,coder,программист,programmeur
7974,expropriations,экспроприации,expropriation
7975,expropriations,экспроприацию,expropriation
7976,expropriations,экспроприация,expropriation
7977,expropriations,экспроприацией,expropriation
7978,expropriations,экспроприациям,expropriation
7979,mechanisation,механизация,no_equality
7980,stockpiling,накопление запасов,stockage
7981,stockpiling,накопление запасов,accumulation
7982,stockpiling,накопление запасов,stocker
7983,stockpiling,накопление запасов,constitution de stocks
7984,stockpiling,хранение,stockage
7985,stockpiling,хранение,entreposage
7986,stockpiling,накопления запасов,stockage
7987,stockpiling,накопления запасов,accumulation
7988,stockpiling,запасы,stock
7989,stockpiling,запас,stock
7990,stockpiling,создание запасов,stockage
7991,stockpiling,создания запасов,stockage
7992,stockpiling,создания запасов,stock
7993,stockpiling,создания запасов,réserve
7994,stockpiling,складирования,stockage
7995,stockpiling,складирования,entreposage
7996,stockpiling,накоплению,accumulation
7997,stockpiling,накоплением запасов,stockage
7998,stockpiling,накоплением запасов,accumulation
7999,stockpiling,накоплении запасов,stockage
8000,stockpiling,накоплении запасов,accumulation
8001,stockpiling,накоплении запасов,stock
8002,stockpiling,накоплении запасов,réserve
8003,stockpiling,создании запасов,stock
8004,stockpiling,создании запасов,réserve
8005,stockpiling,накапливать,no_equality
8006,journalists,журналистов,journaliste
8007,journalists,журналистов,journalists
8008,journalists,журналистов,presse
8009,journalists,журналистов,média
8010,journalists,журналистов,journalisme
8011,journalists,журналисты,journaliste
8012,journalists,журналисты,presse
8013,journalists,журналистам,journaliste
8014,journalists,журналистами,journaliste
8015,journalists,журналиста,no_equality
8016,journalists,журналистских,journalisme
8017,journalists,журналистских,journalistique
8018,journalists,женщин-журналистов,no_equality
8019,journalists,журналист,journaliste
8020,journalists,журналист,journalisme
8021,journalists,журналистики,journalisme
8022,journalists,журналистах,no_equality
8023,journalists,журналистской,no_equality
8024,journalists,женщины-журналисты,no_equality
8025,journalists,радиожурналистов,journaliste
8026,journalists,журналистского,no_equality
8027,won't,вряд ли,no_equality
8028,won't,ведь,no_equality
8029,won't,не,ni
8030,won't,отказывается,refusent
8031,won't,равно,no_equality
8032,won't,правда,hein
8033,won't,ненадолго,no_equality
8034,won't,недолго,no_equality
8035,won't,нелегко,no_equality
8036,won't,скоро,no_equality
8037,won't,же,no_equality
8038,won't,верно,n'est-ce pas
8039,won't,верно,hein
8040,won't,невозможно,no_equality
8041,won't,перестанет,no_equality
8042,won't,разве,hein
8043,affirmer,подтвердил,no_equality
8044,affirmer,подтвердили,no_equality
8045,affirmer,подтвердила,no_equality
8046,affirmer,подтверждает,no_equality
8047,affirmer,заявил,no_equality
8048,affirmer,подтверждается,no_equality
8049,affirmer,заявили,no_equality
8050,affirmer,подтвердило,no_equality
8051,affirmer,заявила,no_equality
8052,affirmer,было подтверждено,no_equality
8053,affirmer,подтверждены,no_equality
8054,affirmer,утверждает,no_equality
8055,affirmer,утверждается,no_equality
8056,affirmer,подтвержден,no_equality
8057,affirmer,заявляет,no_equality
8058,refresh,обновлять,actualiser
8059,refresh,обновлять,renouveler
8060,refresh,освежать,rafraîchir
8061,refresh,освежиться,no_equality
8062,refresh,подкрепить,no_equality
8063,refresh,восстанавливать,no_equality
8064,refresh,оживить,raviver
8065,refresh,обновление,actualisation
8066,refresh,регенерация,régénération
8067,refresh,освежительный напиток,no_equality
8068,tonelessly,неустанно,no_equality
8069,tonelessly,неустанные усилия,no_equality
8070,tonelessly,без устали,no_equality
8071,tonelessly,неутомимо,no_equality
8072,tonelessly,покладая рук,no_equality
8073,tonelessly,неустанной,no_equality
8074,tonelessly,безустанно,no_equality
8075,tonelessly,неустанную работу,no_equality
8076,behalves,имени,no_equality
8077,entire,целый,entier
8078,entire,целых,entier
8079,entire,полный,entier
8080,entire,полный,complet
8081,entire,полный,total
8082,entire,полный,intégral
8083,entire,всей,tout
8084,entire,всей,entier
8085,entire,всему,ensemble du
8086,entire,целое,no_equality
8087,entire,целую,entier
8088,entire,общей,global
8089,entire,всего,no_equality
8090,entire,протяжении,no_equality
8091,specialiser,специализированный,no_equality
8092,specialiser,специальный,no_equality
8093,specialiser,специалистов,no_equality
8094,specialiser,специальное,no_equality
8095,specialiser,специализирующихся,no_equality
8096,specialiser,специализация,no_equality
8097,specialiser,специализируется,no_equality
8098,specialiser,специализирующиеся,no_equality
8099,specialiser,специализируются,no_equality
8100,specialiser,специализирующимися,no_equality
8101,specialiser,специалистами,no_equality
8102,specialiser,специализирующейся,no_equality
8103,specialiser,специализирующегося,no_equality
8104,specialiser,специализирующийся,no_equality
8105,specialiser,специализирующимся,no_equality
8106,turtler,черепаха,no_equality
8107,turtler,черепашка,no_equality
8108,turtler,черепахи,no_equality
8109,turtler,черепаший,no_equality
8110,turtler,черепашко,no_equality
8111,turtler,тёртл,no_equality
8112,edging,торможение,no_equality
8113,edging,обрамление,bordure
8114,edging,выживут,no_equality
8115,edging,обрезные,no_equality
8116,passage,проход,passage
8117,passage,проход,couloir
8118,passage,прохождение,passage
8119,passage,пассаж,passage
8120,passage,переход,passage
8121,passage,переход,adoption
8122,passage,переход,traversée
8123,passage,проезд,passage
8124,passage,принятие,adoption
8125,passage,принятие,promulgation
8126,passage,ход,no_equality
8127,passage,течение,no_equality
8128,passage,канал,conduit
8129,passage,канал,canal
8130,passage,переезд,passage
8131,passage,переправа,traversée
8132,passage,перевал,no_equality
8133,passage,место,passage
8134,passage,путь,passage
8135,passage,проходная,no_equality
8136,passage,пролив,no_equality
8137,passage,абзац,passage
8138,passage,место Писания,no_equality
8139,diversions,утечки,détournement
8140,diversions,перенаправления,détournement
8141,diversions,утечек,no_equality
8142,diversions,диверсий,no_equality
8143,diversions,переключения,no_equality
8144,diversions,уверток,no_equality
8145,diversions,развлечения,divertissement
8146,diversions,отклонений,déviation
8147,diversions,организовать утечку,détournement
8148,diversions,ответвлениям,no_equality
8149,diversions,отвлекающие манёвры,no_equality
8150,diversions,отступления,no_equality
8151,projectionist,киномеханик,projectionniste
8152,projectionist,киномехаником,no_equality
8153,bribes,взятки,pots de vin
8154,bribes,взятки,corruption
8155,bribes,взятки,dessous de table
8156,bribes,взятки,soudoyer
8157,bribes,взятки,corrompu
8158,bribes,взяток,pot-de-vin
8159,bribes,взяток,pots de vin
8160,bribes,взяток,corruption
8161,bribes,взяток,paiements illicites
8162,bribes,взятках,no_equality
8163,bribes,подкупает,no_equality
8164,bribes,взятками,no_equality
8165,bribes,взяточничество,pot-de-vin
8166,bribes,взяточничество,corruption
8167,bribes,подкуп,corruption
8168,bribes,взяточничества,pot-de-vin
8169,bribes,взяточничества,corruption
8170,alkenes,иностранцев,no_equality
8171,alkenes,иностранцы,no_equality
8172,alkenes,иностранцам,no_equality
8173,alkenes,пришельцы,no_equality
8174,alkenes,иностранцами,no_equality
8175,alkenes,пришельцев,no_equality
8176,alkenes,инопланетяне,no_equality
8177,alkenes,инопланетян,no_equality
8178,alkenes,пришельцами,no_equality
8179,alkenes,иностранных граждан,no_equality
8180,alkenes,иностранца,no_equality
8181,alkenes,инопланетянами,no_equality
8182,alkenes,иностранные граждане,no_equality
8183,alkenes,пришельцах,no_equality
8184,alkenes,иностранец,no_equality
8185,portrait,портрет,portrait
8186,portrait,портрет,tableau
8187,portrait,портрет,photo
8188,portrait,изображение,no_equality
8189,portrait,описание,portrait
8190,portrait,портретный,no_equality
8191,portrait,портретной,no_equality
8192,portrait,портретная,no_equality
8193,portrait,книжную,no_equality
8194,portrait,портретную,no_equality
8195,portrait,потрет,no_equality
8196,portrait,картину,portrait
8197,portrait,картину,tableau
8198,portrait,картину,photo
8199,portrait,картину,fresque
8200,obscures,скрывает,masque
8201,obscures,скрывает,cache
8202,obscures,скрывает,dissimule
8203,obscures,затушевывает,no_equality
8204,obscures,затмевает,no_equality
8205,obscures,затемняет,no_equality
8206,obscures,закрывает,no_equality
8207,obscures,затеняет,no_equality
8208,obscures,маскирует,masque
8209,obscures,маскирует,cache
8210,obscures,скрываются,no_equality
8211,knit,связать,tricoter
8212,knit,вязать,tricoter
8213,knit,вязать,tricot
8214,knit,вязаная,no_equality
8215,knit,вязали,no_equality
8216,knit,вязаной,no_equality
8217,knit,вязаную,no_equality
8218,knit,вязание,no_equality
8219,knit,вязаного,no_equality
8220,knit,изнаночная,no_equality
8221,manifolds,коллекторы,collecteur
8222,manifolds,коллекторов,no_equality
8223,manifolds,коллектор,collecteur
8224,manifolds,туннелей,no_equality
8225,manifolds,коллекторами,no_equality
8226,extradition,выдача,extradition
8227,extradition,выдача,extrader
8228,extradition,экстрадиция,extradition
8229,extradition,высылки,extradition
8230,extradition,высылки,expulsion
8231,extradition,высылка,expulsion
8232,extradition,о выдаче,extradition
8233,extradition,об экстрадиции,extradition
8234,extradition,о высылке,expulsion
8235,extradition,выдавать,no_equality
8236,extradition,выдать,no_equality
8237,ascribing,приписывание,no_equality
8238,booklets,буклеты,brochure
8239,booklets,буклеты,livret
8240,booklets,буклеты,plaquette
8241,booklets,буклеты,fascicule
8242,booklets,буклеты,dépliant
8243,booklets,буклеты,prospectus
8244,booklets,брошюр,brochure
8245,booklets,брошюр,plaquette
8246,booklets,брошюр,fascicule
8247,booklets,брошюр,dépliant
8248,booklets,брошюр,prospectus
8249,booklets,брошюры,brochure
8250,booklets,брошюры,livret
8251,booklets,брошюры,plaquette
8252,booklets,брошюры,fascicule
8253,booklets,брошюры,dépliant
8254,booklets,брошюры,prospectus
8255,booklets,буклетов,brochure
8256,booklets,буклетов,livret
8257,booklets,буклетов,plaquette
8258,booklets,буклетов,fascicule
8259,booklets,буклетов,dépliant
8260,booklets,буклетов,prospectus
8261,booklets,брошюрах,brochure
8262,booklets,брошюрах,fascicule
8263,booklets,буклетах,no_equality
8264,booklets,памятки,dépliant
8265,booklets,проспектов,brochure
8266,booklets,проспектов,prospectus
8267,Oscars,оскар,oscar
8268,Oscars,оскаре,oscar
8269,Oscars,оскаров,oscar
8270,Oscars,оскары,oscar
8271,Oscars,"""оскара""",no_equality
8272,rationing,нормирование,rationnement
8273,rationing,нормирование,rationner
8274,rationing,нормированием,no_equality
8275,rationing,талонов,no_equality
8276,rationing,продовольственных карточек,rationnement
8277,rationing,распределения пайков,no_equality
8278,rationing,рационированию,no_equality
8279,rationing,дисциплину,no_equality
8280,rationing,нормированного распределения,no_equality
8281,rationing,нормируется,no_equality
8282,rationing,нормированию лекарств,no_equality
8283,rationing,нормированному распределению,no_equality
8284,rationing,хлеб нормировали,no_equality
8285,shied,бросать,no_equality
8286,Lynch,линчевать,lyncher
8287,Lynch,самосуд,lynchage
8288,Lynch,Линч,lynch
8289,digested,усваиваемый,no_equality
8290,digested,переваренный,no_equality
8291,digested,переваривающийся,no_equality
8292,digested,сброженный,no_equality
8293,butchers,мясники,bouchers
8294,butchers,мясников,no_equality
8295,butchers,мясниками,no_equality
8296,butchers,мясник,boucher
8297,butchers,палачей,no_equality
8298,butchers,убийц,bouchers
8299,butchers,мясникам,no_equality
8300,butchers,бойщики,no_equality
8301,butchers,бутчер,no_equality
8302,compact,компактный,compact
8303,compact,плотный,compact
8304,compact,кучный,no_equality
8305,compact,соглашение,accord
8306,compact,соглашение,contrat
8307,compact,соглашение,pacte
8308,compact,пакт,pacte
8309,compact,пудреница,poudrier
8310,compact,компакт,no_equality
8311,compact,компактность,no_equality
8312,compact,сжатый,concis
8313,compact,уплотнять,no_equality
8314,compact,сжать,no_equality
8315,compact,компактно,no_equality
8316,feudal,феодальный,no_equality
8317,feudal,феодальную,no_equality
8318,feudal,феодалов,féodal
8319,feudal,феодальному,no_equality
8320,feudal,феодал,no_equality
8321,civilisations,цивилизаций,civilisation
8322,civilisations,цивилизациями,civilisation
8323,civilisations,цивилизациях,civilisation
8324,consistence,последовательность,no_equality
8325,consistence,консистенция,consistance
8326,consistence,последовательности,cohérence
8327,consistence,соответствии,no_equality
8328,ceases,перестает,perd
8329,ceases,перестает,s'arrête
8330,ceases,прекращается,cesse
8331,ceases,прекращается,prend fin
8332,ceases,прекращается,cessent
8333,ceases,прекращается,s'arrête
8334,ceases,прекращается,s'éteint
8335,ceases,прекращает,cesse
8336,ceases,прекращает,cessera
8337,ceases,прекращает,prend fin
8338,ceases,прекращения,cessation
8339,ceases,перестанет,s'arrête
8340,ceases,перестают,cessent
8341,ceases,прекратит,cesse
8342,ceases,прекратит,cessera
8343,ceases,прекратит,cessent
8344,ceases,прекратит,s'arrête
8345,ceases,прекратит,cesserait
8346,ceases,прекратится,cesse
8347,ceases,прекратится,cessera
8348,ceases,прекратится,cessent
8349,ceases,прекратится,s'arrête
8350,ceases,прекращаются,cessent
8351,ceases,прекращаются,s'arrête
8352,ceases,устает,no_equality
8353,detaching,сбрасывание,no_equality
8354,detaching,отделение,séparation
8355,cemeteries,кладбищ,cimetière
8356,cemeteries,кладбища,cimetière
8357,cemeteries,кладбищах,cimetière
8358,cemeteries,кладбищам,no_equality
8359,cemeteries,кладбищами,no_equality
8360,cemeteries,могилами,tombe
8361,cemeteries,кладбище,cimetière
8362,cemeteries,кладбище,tombe
8363,beg,умолять,no_equality
8364,beg,просить,supplier
8365,beg,просить,implorer
8366,beg,просить,demander
8367,beg,просить,prier
8368,beg,просить подаяния,supplier
8369,beg,просить подаяния,demander
8370,beg,просить подаяния,prier
8371,beg,выпрашивать,supplier
8372,beg,выпрашивать,mendier
8373,beg,выпрашивать,quémander
8374,beg,стану умолять,supplier
8375,beg,стану умолять,mendier
8376,beg,стану умолять,implorer
8377,beg,станет просить,supplier
8378,beg,станет просить,demander
8379,beg,станет просить,prier
8380,beg,взмолить,no_equality
8381,clearness,ясность,clarté
8382,clearness,ясность,lucidité
8383,clearness,чистота,no_equality
8384,ascendancy,господство,suprématie
8385,ascendancy,господство,domination
8386,ascendancy,господство,prédominance
8387,ascendancy,власть,no_equality
8388,ascendancy,влияние,emprise
8389,ascendancy,влияние,domination
8390,ascendancy,возвышение,ascension
8391,ascendancy,доминирующее влияние,no_equality
8392,abduct,похищать,enlever
8393,abduct,похищать,kidnapper
8394,abduct,увозить,no_equality
8395,IUDS,внутриматочная спираль,stérilet
8396,IUDS,внутриматочные спирали,stérilet
8397,IUDS,внутриматочные спирали,dispositifs intra-utérins
8398,IUDS,внутриматочные средства,dispositifs intra-utérins
8399,IUDS,спиралей,no_equality
8400,IUDS,вмс,stérilet
8401,IUDS,внутриматочные противозачаточные средства,stérilet
8402,attests,свидетельствует о,atteste
8403,attests,свидетельствует о,témoigne
8404,attests,свидетельствует о,témoignent
8405,attests,свидетельствует о,illustre
8406,attests,подтверждает,atteste
8407,attests,подтверждает,témoigne
8408,attests,подтверждает,confirme
8409,attests,подтверждает,prouve
8410,attests,подтверждает,montre
8411,attests,подтверждает,démontre
8412,attests,подтверждает,illustre
8413,attests,свидетельствует об,atteste
8414,attests,свидетельствует об,témoigne
8415,attests,свидетельствует об,attestent
8416,attests,свидетельствует об,démontre
8417,attests,свидетельствует об,illustre
8418,attests,свидетельствуют о,témoigne
8419,attests,свидетельствуют о,témoignent
8420,attests,свидетельствуют о,attestent
8421,attests,свидетельствуют о,illustre
8422,attests,является свидетельством,atteste
8423,attests,является свидетельством,témoigne
8424,attests,является свидетельством,témoignent
8425,attests,является свидетельством,prouve
8426,attests,является свидетельством,montre
8427,attests,является свидетельством,démontre
8428,attests,является свидетельством,illustre
8429,saps,псп,programmes d'ajustement structurel
8430,saps,юапс,no_equality
8431,saps,псюа,no_equality
8432,saps,отнимает,no_equality
8433,saps,болванам,no_equality
8434,saps,олухи,no_equality
8435,saps,юпс,no_equality
8436,roughly,примерно,environ
8437,roughly,примерно,à peu près
8438,roughly,примерно,approximativement
8439,roughly,примерно,sensiblement
8440,roughly,грубо,grossièrement
8441,roughly,грубо,rudement
8442,roughly,грубо,brutalement
8443,roughly,резко,sensiblement
8444,roughly,резко,brutalement
8445,roughly,резко,brusquement
8446,roughly,небрежно,no_equality
8447,roughly,бурно,no_equality
8448,roughly,неровно,no_equality
8449,roughly,в общих чертах,en gros
8450,roughly,в общих чертах,grosso modo
8451,roughly,невежливо,no_equality
8452,protects,защищает,protège
8453,protects,защищает,protéger
8454,protects,защищает,protégeant
8455,protects,защищает,protègent
8456,protects,защищает,garantit
8457,protects,защищает,protection
8458,protects,защищает,préserve
8459,protects,защищает,défend
8460,protects,защищает,protégera
8461,protects,защищает,protégé
8462,protects,защищает,protégeait
8463,protects,защищает,protecteur
8464,protects,обеспечивает защиту,protège
8465,protects,охраняет,protège
8466,protects,охраняет,préserve
8467,protects,защитит,protège
8468,protects,защитит,protéger
8469,protects,защитит,protégera
8470,protects,защищают,protège
8471,protects,защищают,protéger
8472,protects,защищают,protégeant
8473,protects,защищают,protègent
8474,protects,защищают,protégé
8475,protects,защищают,protecteur
8476,protects,защите,protéger
8477,protects,защите,protection
8478,protects,предусматривает защиту,no_equality
8479,protects,защитить,protéger
8480,protects,защитить,protection
8481,protects,защищающего,protégeant
8482,protects,гарантирует,protège
8483,protects,гарантирует,garantit
8484,protects,гарантирует,assure
8485,protects,защищать,no_equality
8486,protects,защищаются,protège
8487,protects,защищаются,protégeait
8488,protects,защищающий,protecteur
8489,protects,обеспечивается защита,protection
8490,protects,оберегает,protège
8491,protects,оберегает,protecteur
8492,extemporaneous,спонтанная,no_equality
8493,steroidal,стероидный,no_equality
8494,catalyses,выступает катализатором,no_equality
8495,catalyses,стимулирует,no_equality
8496,catalyses,катализирует,no_equality
8497,privilege,привилегия,privilège
8498,privilege,честь,privilège
8499,privilege,честь,honneur
8500,privilege,конфиденциальность,no_equality
8501,privilege,удовольствие,privilège
8502,privilege,удовольствие,honneur
8503,privilege,иммунитет,immunité
8504,privilege,преимущество,privilège
8505,privilege,льгота,no_equality
8506,privilege,большой честью,privilège
8507,privilege,привелегий,no_equality
8508,privilege,привилегированное положение,no_equality
8509,privilege,привелегия,privilège
8510,privilege,доводилось,no_equality
8511,weigh,весить,peser
8512,weigh,взвесить,peser
8513,weigh,взвесить,évaluer
8514,weigh,взвешивать,peser
8515,weigh,взвешивать,soupeser
8516,weigh,взвешивать,pondérer
8517,weigh,вес,no_equality
8518,weigh,оценить,évaluer
8519,weigh,оценить,mesurer
8520,weigh,оценить,apprécier
8521,weigh,оценивать,évaluer
8522,weigh,оценивать,mesurer
8523,weigh,оценивать,apprécier
8524,weigh,сопоставить,comparer
8525,weigh,взвешивания,no_equality
8526,weigh,весом,no_equality
8527,weigh,весили,no_equality
8528,estimators,статистических оценок,estimation
8529,estimators,оценщиков,no_equality
8530,estimators,калиброванные оценки,estimation
8531,estimators,опережающих оценок,estimation
8532,melted,расплавленный,fondu
8533,melted,растаявший,no_equality
8534,melted,оплавившийся,no_equality
8535,melted,топленый,no_equality
8536,melted,талый,no_equality
8537,melted,плавленый,fondu
8538,melted,жидкий,no_equality
8539,galvanizer,оцинкованной,no_equality
8540,galvanizer,оцинкованная,no_equality
8541,galvanizer,оцинкованных,no_equality
8542,galvanizer,активизировала,no_equality
8543,galvanizer,побудил,no_equality
8544,galvanizer,мобилизовали,no_equality
8545,galvanizer,оцинкованного,no_equality
8546,galvanizer,подтолкнуло,no_equality
8547,galvanizer,мобилизовал,no_equality
8548,galvanizer,побудили,no_equality
8549,galvanizer,мобилизовало,no_equality
8550,galvanizer,способствовал тому,no_equality
8551,galvanizer,побудила,no_equality
8552,galvanizer,стимулировало,no_equality
8553,galvanizer,активизировать деятельность,no_equality
8554,rubbing,трение,frottement
8555,rubbing,трение,friction
8556,rubbing,натирание,no_equality
8557,rubbing,затирание,no_equality
8558,rubbing,потертости,no_equality
8559,rubbing,притирание,no_equality
8560,rubbing,затирка,no_equality
8561,rubbing,трущийся,no_equality
8562,complexifier,сложности,no_equality
8563,complexifier,сложностей,no_equality
8564,complexifier,сложность,no_equality
8565,complexifier,трудности,no_equality
8566,complexifier,сложностями,no_equality
8567,complexifier,трудностей,no_equality
8568,complexifier,сложный характер,no_equality
8569,complexifier,сложностях,no_equality
8570,complexifier,сложного характера,no_equality
8571,complexifier,сложных вопросов,no_equality
8572,complexifier,трудностями,no_equality
8573,complexifier,сложностью,no_equality
8574,complexifier,сложные проблемы,no_equality
8575,complexifier,сложных проблем,no_equality
8576,complexifier,сложностям,no_equality
8577,watchers,наблюдателей,no_equality
8578,watchers,наблюдатели,observateur
8579,watchers,наблюдатели,guetteur
8580,watchers,наблюдателями,observateur
8581,watchers,наблюдателями,spectateur
8582,watchers,онивабан,no_equality
8583,phonated,пожертвовал,no_equality
8584,phonated,пожертвовала,no_equality
8585,phonated,пожертвовали,no_equality
8586,phonated,подарил,no_equality
8587,phonated,предоставил,no_equality
8588,phonated,предоставила,no_equality
8589,phonated,предоставили,no_equality
8590,phonated,выделило,no_equality
8591,phonated,предоставило,no_equality
8592,phonated,пожертвовано,no_equality
8593,phonated,пожертвованные,no_equality
8594,phonated,пожертвованы,no_equality
8595,phonated,пожертвована,no_equality
8596,phonated,предоставленные,no_equality
8597,phonated,предоставлены,no_equality
8598,kiwis,киви,kiwi
8599,kiwis,новозеландцы,no_equality
8600,great,большой,grand
8601,great,большой,beaucoup
8602,great,большой,très
8603,great,большой,important
8604,great,великий,grand
8605,great,великий,super
8606,great,великий,génial
8607,great,отличный,super
8608,great,отличный,excellent
8609,great,отличный,beau
8610,great,отличный,idéal
8611,great,отличный,superbe
8612,great,отличный,formidable
8613,great,огромный,grand
8614,great,огромный,beaucoup
8615,great,огромный,super
8616,great,огромный,important
8617,great,огромный,formidable
8618,great,значительный,grand
8619,great,значительный,beaucoup
8620,great,значительный,important
8621,great,значительный,forte
8622,great,замечательный,super
8623,great,замечательный,excellent
8624,great,замечательный,beau
8625,great,замечательный,superbe
8626,great,замечательный,formidable
8627,great,замечательный,très bien
8628,great,классный,super
8629,great,классный,bon
8630,great,классный,beau
8631,great,классный,chouette
8632,great,великолепный,super
8633,great,великолепный,génial
8634,great,великолепный,bon
8635,great,великолепный,excellent
8636,great,великолепный,beau
8637,great,великолепный,superbe
8638,great,отлично,no_equality
8639,great,здорово,super
8640,great,здорово,génial
8641,great,здорово,bien
8642,great,здорово,beau
8643,great,здорово,chouette
8644,great,здорово,formidable
8645,great,здорово,très bien
8646,great,очень,beaucoup
8647,great,очень,bien
8648,great,очень,très
8649,great,замечательно,bon
8650,great,замечательно,beau
8651,great,замечательно,très bien
8652,great,прекрасно,bon
8653,great,прекрасно,beau
8654,great,прекрасно,très bien
8655,great,великолепно,super
8656,great,великолепно,génial
8657,great,великолепно,excellent
8658,great,великолепно,beau
8659,great,великолепно,formidable
8660,great,великолепно,très bien
8661,great,великих,grand
8662,great,гениальный,génial
8663,great,важнейший,grand
8664,commemorative,памятный,commémoratif
8665,commemorative,торжественных,commémoratives
8666,commemorative,торжественных,célébration
8667,commemorative,юбилейной,commémorative
8668,commemorative,юбилейных,commémoratives
8669,commemorative,торжественные,commémoratives
8670,commemorative,торжественные,célébration
8671,commemorative,юбилейного,no_equality
8672,commemorative,юбилейные,no_equality
8673,commemorative,празднования,commémoration
8674,commemorative,юбилейном,no_equality
8675,commemorative,юбилейная,no_equality
8676,commemorative,торжественной,no_equality
8677,commemorative,юбилейное,no_equality
8678,commemorative,мемориальных,commémoratives
8679,toads,жаб,crapaud
8680,toads,жаб,grenouille
8681,toads,жабы,crapaud
8682,toads,лягушек,crapaud
8683,toads,лягушек,grenouille
8684,toads,жабами,no_equality
8685,toads,жабах,no_equality
8686,milkmaids,доярок,no_equality
8687,interchangeable,сменный,no_equality
8688,interchangeable,взаимозаменяемый,no_equality
8689,interchangeable,заменяемый,no_equality
8690,styles,стили,style
8691,styles,стилей,style
8692,styles,стилях,style
8693,styles,стиля,style
8694,styles,стиля,mode
8695,styles,стиль,style
8696,styles,стиль,genre
8697,styles,стилями,style
8698,styles,стайлз,no_equality
8699,styles,стилям,no_equality
8700,styles,стайлс,no_equality
8701,infuriates,бесит,no_equality
8702,infuriates,злит,rend furieuse
8703,infuriates,злит,rend furieux
8704,courageous,мужественный,courageux
8705,courageous,мужественный,vaillant
8706,courageous,мужественный,courage
8707,courageous,мужественный,valeureux
8708,courageous,мужественный,brave
8709,courageous,смелый,courageux
8710,courageous,смелый,audacieux
8711,courageous,смелый,courage
8712,courageous,смелый,courageusement
8713,courageous,смелый,brave
8714,courageous,отважный,courageux
8715,courageous,отважный,audacieux
8716,courageous,отважный,vaillant
8717,courageous,отважный,valeureux
8718,courageous,отважный,brave
8719,courageous,храбрый,courageux
8720,courageous,храбрый,vaillant
8721,courageous,храбрый,courage
8722,courageous,храбрый,valeureux
8723,courageous,храбрый,brave
8724,courageous,мужество,no_equality
8725,courageous,смело,courageux
8726,courageous,смело,audacieux
8727,courageous,решительные,no_equality
8728,courageous,самоотверженные,courageux
8729,courageous,смелость,no_equality
8730,complies,соответствует,respecte
8731,complies,соответствует,satisfait
8732,complies,соответствует,répond
8733,complies,соблюдает,respecte
8734,complies,соблюдает,respectent
8735,complies,соблюдает,applique
8736,complies,выполняет,respecte
8737,complies,выполняет,se conforme
8738,complies,выполняет,remplit
8739,complies,выполняет,applique
8740,complies,отвечает,satisfait
8741,complies,отвечает,répond
8742,complies,отвечает,remplit
8743,complies,отвечает,correspond
8744,complies,отвечает,répondent
8745,complies,соответствие,répondent
8746,complies,соответствия,soit conforme
8747,complies,соответствия,répondent
8748,complies,согласуется,no_equality
8749,complies,соответствовал,soit conforme
8750,complies,удовлетворяет,satisfait
8751,complies,удовлетворяет,répond
8752,complies,удовлетворяет,remplit
8753,complies,удовлетворяет,répondent
8754,complies,удовлетворяет,satisfont
8755,complies,удовлетворяет,satisfasse
8756,complies,соответствовало,soit conforme
8757,complies,выполнит,se conforme
8758,complies,соответствовала,soit conforme
8759,complies,требованиям,no_equality
8760,complies,придерживается,respecte
8761,complies,придерживается,applique
8762,centrists,центристов,centriste
8763,centrists,центристы,no_equality
8764,stroll,прогулка,promenade
8765,stroll,прогулка,ballade
8766,stroll,прогуляться,se promener
8767,stroll,прогуляться,marcher
8768,stroll,прогуляться,se balader
8769,stroll,прогуливаться,se promener
8770,stroll,прогуливаться,se balader
8771,stroll,гулять,se promener
8772,stroll,гулять,marcher
8773,stroll,гулять,se balader
8774,separate,отдельный,séparé
8775,separate,отдельный,distinct
8776,separate,отдельный,propre
8777,separate,отдельный,spécifique
8778,separate,разный,différent
8779,separate,сепаратный,no_equality
8780,separate,отделять,séparer
8781,separate,отделять,dissocier
8782,separate,отделять,isoler
8783,separate,разлучать,séparer
8784,separate,разъединять,no_equality
8785,separate,разойтись,se séparer
8786,separate,разделение,séparation
8787,separate,отделение,séparation
8788,separate,отдельность,no_equality
8789,separate,отдельно,séparer
8790,bounty,награда,prime
8791,bounty,награда,récompense
8792,bounty,щедрость,générosité
8793,bounty,вознаграждение,prime
8794,bounty,вознаграждение,récompense
8795,bounty,премия,prime
8796,bounty,премия,récompense
8797,bounty,подарок,don
8798,bounty,изобилие,abondance
8799,bounty,дар,don
8800,bounty,награду за,no_equality
8801,bounty,богатства,no_equality
8802,jackdaws,галок,choucas
8803,thespians,театралки,no_equality
8804,pits,ямы,fosse
8805,pits,ямах,no_equality
8806,pits,ям,fosse
8807,pits,ям,trou
8808,pits,резервуаров,no_equality
8809,pits,подмышки,aisselle
8810,pits,шахт,puits
8811,pits,шахт,mine
8812,pits,резервуары,no_equality
8813,pits,косточками,no_equality
8814,pits,боксы,no_equality
8815,pits,шурфов,puits
8816,pits,котлованы,no_equality
8817,pits,колодцев,puits
8818,pits,шахты,mine
8819,mergers,слияний,no_equality
8820,mergers,слияния,fusion
8821,mergers,слияния,fusionner
8822,mergers,слияниях,fusion
8823,mergers,слияниях,fusions-acquisitions
8824,mergers,слияниями,fusion
8825,mergers,слияниям,fusion
8826,mergers,слияние,fusion
8827,mergers,слияние,fusionner
8828,mergers,объединения,fusion
8829,mergers,объединения,fusionner
8830,mergers,слиянию компаний,fusion
8831,mergers,слиянию компаний,fusionner
8832,mergers,слиянием,fusion
8833,walruses,моржи,no_equality
8834,walruses,моржей появилась толстая жировая прослойка,no_equality
8835,spaceships,космические корабли,engins spatiaux
8836,spaceships,космических кораблей,engins spatiaux
8837,spaceships,космических кораблей,vaisseau spatial
8838,spaceships,космический корабль,astronef
8839,spaceships,космический корабль,vaisseau spatial
8840,spaceships,космическими кораблями,vaisseaux spatiaux
8841,spaceships,космических кораблях,vaisseau spatial
8842,spaceships,звездолёты,no_equality
8843,Malaysia,Малайзия,malaisie
8844,Malaysia,Малайзия,malaysia
8845,Malaysia,малазийский,no_equality
8846,holiness,святость,sainteté
8847,holiness,ваше святейшество,no_equality
8848,holiness,святейшества,sainteté
8849,holiness,святейшеству,sainteté
8850,holiness,святейшеством,no_equality
8851,holiness,преосвященство,no_equality
8852,holiness,святейший,no_equality
8853,yawls,роулз,no_equality
8854,yawls,роулзу,no_equality
8855,yawls,роулс,no_equality
8856,yawls,роулза,no_equality
8857,yawls,роулсом,no_equality
8858,yawls,ролс,no_equality
8859,yawls,с роулзом,no_equality
8860,yawls,ролза,no_equality
8861,yawls,ролз,no_equality
8862,yawls,роулса,no_equality
8863,microeconomist,микроэкономический,no_equality
8864,microeconomist,микроэкономическим,no_equality
8865,microeconomist,микроэкономическую,no_equality
8866,microeconomist,макроэкономической,no_equality
8867,projecting,прогнозирования,no_equality
8868,projecting,прогнозирование,no_equality
8869,projecting,проектирование,no_equality
8870,projecting,прогнозирует,no_equality
8871,projecting,проецирует,no_equality
8872,projecting,проецирования,projection
8873,projecting,проецировать,no_equality
8874,projecting,прогнозируют,no_equality
8875,projecting,прогнозируя,no_equality
8876,projecting,предсказывают,no_equality
8877,projecting,проецируешь,projection
8878,projecting,выступающие,no_equality
8879,prefecture,префектура,préfecture
8880,prefecture,округа,no_equality
8881,prefecture,номе,nome
8882,prefecture,котто,no_equality
8883,allot,выделять,no_equality
8884,allot,распределить,no_equality
8885,allot,распределять,attribuer
8886,allot,распределять,allouer
8887,ooze,слизь,no_equality
8888,ooze,жидкость,no_equality
8889,ooze,желе,no_equality
8890,ooze,тина,no_equality
8891,ooze,сочиться,no_equality
8892,ooze,ил,no_equality
8893,ooze,болота,no_equality
8894,ooze,истеку,no_equality
8895,satisfaction,удовлетворение,satisfaction
8896,satisfaction,удовлетворение,satisfait
8897,satisfaction,удовлетворение,plaisir
8898,satisfaction,удовлетворение,réparation
8899,satisfaction,удовлетворение,félicite
8900,satisfaction,удовлетворение,satisfaite
8901,satisfaction,удовлетворение,satisfaire
8902,satisfaction,удовлетворенность,satisfaction
8903,satisfaction,сатисфакция,satisfaction
8904,satisfaction,удовольствие,satisfaction
8905,satisfaction,удовольствие,plaisir
8906,satisfaction,погашение,no_equality
8907,satisfaction,признательность,satisfaction
8908,satisfaction,признательность,satisfait
8909,satisfaction,признательность,félicite
8910,satisfaction,клиентов,no_equality
8911,satisfaction,удовлетворением отмечает,no_equality
8912,satisfaction,удовлетворены,satisfaction
8913,satisfaction,удовлетворены,satisfait
8914,satisfaction,удовлетворен,satisfait
8915,satisfaction,компенсации,réparation
8916,satisfaction,удовлетворительным,no_equality
8917,satisfaction,радость,satisfaction
8918,satisfaction,радость,plaisir
8919,satisfaction,связи,no_equality
8920,satisfaction,довольны,no_equality
8921,tolling,толлинг,no_equality
8922,desertions,случаев дезертирства,désertion
8923,desertions,дезертирство,désertion
8924,desertions,случаях дезертирства,désertion
8925,desertions,случаи дезертирства,désertion
8926,desertions,дезертиров,no_equality
8927,desertions,дезертировали,no_equality
8928,remunerating,выплаты им вознаграждения,rémunération
8929,remunerating,вознаграждение,rémunération
8930,remunerating,оплаты труда,rémunération
8931,sashes,яркого ситца,no_equality
8932,warehouser,склад,no_equality
8933,warehouser,хранилище,no_equality
8934,warehouser,пакгауз,no_equality
8935,warehouser,складских,no_equality
8936,warehouser,складской,no_equality
8937,warehouser,складирования,no_equality
8938,warehouser,хранения,no_equality
8939,warehouser,пакгауза,no_equality
8940,warehouser,хранилищем,no_equality
8941,warehouser,пакгаузе,no_equality
8942,warehouser,складское помещение,no_equality
8943,warehouser,товарный склад,no_equality
8944,warehouser,складском помещении,no_equality
8945,warehouser,кладовщика,no_equality
8946,warehouser,ангаре,no_equality
8947,suffragette,суфражистка,suffragette
8948,suffragette,суфражистку,no_equality
8949,suffragette,суфражисткой,no_equality
8950,suffragette,суфражисток,no_equality
8951,Sivas,сивас,no_equality
8952,Sivas,сивас,no_equality
8953,coalescency,соединение,no_equality
8954,coalescency,объединения,no_equality
8955,Davy,Дэви,davy
8956,Davy,Дэви,david
8957,cosmetically,косметически,no_equality
8958,cosmetically,косметический,no_equality
8959,sifted,просеял,no_equality
8960,sifted,отсевки,no_equality
8961,sniffs,нюхает,no_equality
8962,sniffs,шмыгает носом,sniffs
8963,sniffs,нюхачи,no_equality
8964,sniffs,принюхивается,no_equality
8965,sniffs,вдыхает,no_equality
8966,sniffs,всхлипывает,no_equality
8967,sniffs,вдохов,reniflement
8968,sniffs,сопит,no_equality
8969,sniffs,гюнтер,no_equality
8970,abashment,унижение,no_equality
8971,coffeehouses,кофейни,café
8972,coffeehouses,кофейнях,no_equality
8973,coffeehouses,кофейнями,no_equality
8974,Hawaiian,гавайский,hawaïen
8975,Hawaiian,гавайских,hawaï
8976,Hawaiian,гавайских,hawaiien
8977,Hawaiian,гавайи,hawaïen
8978,Hawaiian,гавайи,hawaï
8979,Hawaiian,гаваец,hawaïen
8980,Hawaiian,гавайка,no_equality
8981,Hawaiian,гавайев,hawaï
8982,Hawaiian,гавайях,hawaï
8983,attesters,свидетельствует о,no_equality
8984,attesters,свидетельствуют о,no_equality
8985,attesters,подтверждается,no_equality
8986,attesters,о чем свидетельствует,no_equality
8987,attesters,подтверждают,no_equality
8988,attesters,подтвердили,no_equality
8989,attesters,подтверждено,no_equality
8990,attesters,свидетельствует об,no_equality
8991,attesters,заверенный,no_equality
8992,attesters,о чем свидетельствуют,no_equality
8993,attesters,подтвердил,no_equality
8994,attesters,заверенная,no_equality
8995,scorning,презрение,mépriser
8996,scorning,презрение,mépris
8997,scorning,презрение,dédain
8998,guacamoles,гуакамоле,guacamole
8999,guacamoles,гуакомоле,no_equality
9000,guacamoles,гуакамоля,guacamole
9001,characterizes,характеризует,caractérise
9002,characterizes,характеризует,caractérisent
9003,characterizes,характеризует,définit
9004,characterizes,характеризует,qualifie
9005,characterizes,характеризуется,no_equality
9006,characterizes,характерен для,caractéristique
9007,characterizes,характеризующее,no_equality
9008,characterizes,характерна для,caractérise
9009,characterizes,характерна для,caractérisent
9010,characterizes,характерна для,caractéristique
9011,characterizes,квалифицирует,qualifie
9012,characterizes,квалифицирует,érige
9013,characterizes,характерно для,caractérisent
9014,characterizes,характерное для,no_equality
9015,representing,представляющий,représentant
9016,representing,представляющий,qui représente
9017,representing,представляющий,représentera
9018,representing,изображающий,no_equality
9019,representing,отображающий,no_equality
9020,representing,представляющий собой,qui représente
9021,representing,символизирующий,no_equality
9022,representing,являющийся,no_equality
9023,representing,предоставляющий,no_equality
9024,representing,представляющий интересы,no_equality
9025,representing,представление,représentation
9026,strewing,усыпание,no_equality
9027,tacker,тэкер,no_equality
9028,herenesses,аркан,harnais
9029,herenesses,арканов,harnais
9030,herenesses,жгуты,no_equality
9031,herenesses,ремни безопасности,no_equality
9032,herenesses,жгутов,no_equality
9033,herenesses,арканы,no_equality
9034,clicks,кликов,clic
9035,clicks,щелкает,no_equality
9036,clicks,щелчки,clic
9037,clicks,щелчки,cliquetis
9038,clicks,км,kilomètre
9039,clicks,км,borne
9040,clicks,километрах,clic
9041,clicks,километрах,kilomètre
9042,clicks,километров,kilomètre
9043,clicks,километров,borne
9044,clicks,щелчков,no_equality
9045,clicks,щелчок,clic
9046,clicks,щелчок,click
9047,clicks,щелчок,claquement
9048,clicks,щелчок,déclic
9049,clicks,щелчок,cliquer
9050,clicks,щелчка,clic
9051,clicks,щелчка,déclic
9052,clicks,нажимает,clique
9053,clicks,кликах,no_equality
9054,clicks,клики,clique
9055,Tourer,турист,no_equality
9056,campers,отдыхающих,campeur
9057,campers,отдыхающие,no_equality
9058,campers,туристы,campeur
9059,campers,туристов,campeur
9060,campers,ребят,no_equality
9061,campers,отдыхающими,campeur
9062,campers,отдыхающим,no_equality
9063,campers,туристами,no_equality
9064,campers,участники лагеря,no_equality
9065,campers,ребятки,no_equality
9066,chronicled,освещено,no_equality
9067,meteorological,метеорологический,météorologique
9068,meteorological,метеорологический,météorologie
9069,meteorological,метеорологический,météo
9070,meteorological,метеорологический,météorologique-est
9071,meteorological,метеорологический,météorologique-ouest
9072,blandly,вежливо,no_equality
9073,slippages,сбои,no_equality
9074,slippages,срывов,no_equality
9075,slippages,сбоев,no_equality
9076,slippages,отставаний по срокам,no_equality
9077,slippages,отставание,no_equality
9078,cheer,подбодрить,no_equality
9079,cheer,развеселить,no_equality
9080,cheer,поднять,no_equality
9081,cheer,приободрить,no_equality
9082,cheer,поддержать,encourager
9083,cheer,поддержать,soutenir
9084,cheer,взбодрит,no_equality
9085,cheer,порадовать,no_equality
9086,cheer,болеть,encourager
9087,cheer,болеть,applaudir
9088,cheer,подбадривать,encourager
9089,cheer,настроение,no_equality
9090,cheer,радость,joie
9091,cheer,радость,gaieté
9092,cheer,радость,heureux
9093,cheer,ободрить,no_equality
9094,cheer,приветствовать,encourager
9095,cheer,приветствовать,applaudir
9096,cheer,радуются,no_equality
9097,fussiness,нервозность,no_equality
9098,pettily,мелкий,no_equality
9099,pettily,мелочный,no_equality
9100,pettily,петти,no_equality
9101,pettily,жалкие,no_equality
9102,pettily,мелочи,no_equality
9103,pettily,незначительных,no_equality
9104,resurrects,воскрешает,ressuscite
9105,drizzling,слегка моросит,no_equality
9106,drizzling,моросит дождь,no_equality
9107,allegations,утверждения,allégation
9108,allegations,утверждения,affirmation
9109,allegations,утверждений,allégation
9110,allegations,утверждений,accusation
9111,allegations,утверждений,affirmation
9112,allegations,обвинения,allégation
9113,allegations,обвинения,accusation
9114,allegations,обвинений,allégation
9115,allegations,обвинений,accusation
9116,allegations,заявления,plainte
9117,allegations,заявления,affirmation
9118,allegations,заявлений,allégation
9119,allegations,заявлений,accusation
9120,allegations,заявлений,plainte
9121,allegations,заявлений,affirmation
9122,allegations,сообщений,allégation
9123,allegations,сообщений,plainte
9124,allegations,сообщений,cas
9125,allegations,утверждениям,allégation
9126,allegations,утверждениям,affirmation
9127,allegations,утверждениям,allégué
9128,allegations,обвинениями,allégation
9129,allegations,обвинениями,accusation
9130,allegations,жалоб,allégation
9131,allegations,жалоб,plainte
9132,allegations,жалоб,grief
9133,allegations,жалоб,cas
9134,allegations,заявлениям,allégation
9135,allegations,заявлениям,dénonciation
9136,allegations,утверждениях,allégation
9137,allegations,утверждениях,affirmation
9138,allegations,жалобы,allégation
9139,allegations,жалобы,plainte
9140,allegations,жалобы,cas
9141,allegations,обвинениям,allégation
9142,allegations,обвинениям,accusation
9143,allegations,заявлениями,allégation
9144,cosmogonical,космогонический,no_equality
9145,wooly,шерстистый,no_equality
9146,wooly,шерстяной,laine
9147,wooly,шерстяной свитер,laine
9148,riles,райлс,no_equality
9149,riles,райли,no_equality
9150,riles,райлз,no_equality
9151,bewitchery,околдовала,no_equality
9152,bewitchery,околдован,no_equality
9153,bewitchery,околдовал,no_equality
9154,bewitchery,заколдовал,no_equality
9155,bewitchery,околдована,no_equality
9156,bewitchery,заколдовали,no_equality
9157,bewitchery,околдованный,no_equality
9158,bewitchery,колдунья,no_equality
9159,bewitchery,зачарованных,no_equality
9160,bewitchery,колдунью,no_equality
9161,bewitchery,bewitched,no_equality
9162,bewitchery,околдовали,no_equality
9163,bewitchery,заколдован,no_equality
9164,bewitchery,околдованы,no_equality
9165,bewitchery,моя жена меня приворожила,no_equality
9166,wasted,впустую,no_equality
9167,wasted,потраченный впустую,gâché
9168,wasted,потраченный впустую,pour rien
9169,wasted,истощенный,no_equality
9170,wasted,бесполезный,inutile
9171,wasted,изможденный,no_equality
9172,paradigmatic,хрестоматийный,no_equality
9173,paradigmatic,парадигматический,no_equality
9174,paradigmatic,парадигматическими,no_equality
9175,contending,борьба,no_equality
9176,contending,сражающийся,no_equality
9177,abort,аборт,no_equality
9178,abort,прерывание,interruption
9179,abort,аварийное завершение,no_equality
9180,abort,преждевременное прекращение,no_equality
9181,abort,прекращать,annuler
9182,abort,прекращать,abandonner
9183,abort,прекращать,interrompre
9184,abort,прервать,no_equality
9185,abort,отменить,annuler
9186,abort,отменить,abandonner
9187,abort,выкинуть,no_equality
9188,abort,абортировать,no_equality
9189,abort,аварийно завершать,no_equality
9190,abort,аварийный,no_equality
9191,inured,привыкли,no_equality
9192,waned,ослабевает,no_equality
9193,waned,ослабла,no_equality
9194,waned,ослаб,no_equality
9195,waned,утрачена,no_equality
9196,waned,ослабло,no_equality
9197,waned,развеялись,no_equality
9198,waned,наступила,no_equality
9199,waned,убыль,no_equality
9200,fibers,ворсинки,no_equality
9201,fibers,волокнистые материалы,no_equality
9202,conglomerates,конгломератов,conglomérat
9203,conglomerates,конгломераты,conglomérat
9204,conglomerates,конгломератами,conglomérat
9205,de-escalations,де,no_equality
9206,de-escalations,ди,no_equality
9207,de-escalations,de,no_equality
9208,de-escalations,эскалации,escalade
9209,de-escalations,допуски,no_equality
9210,de-escalations,обострение ситуации,no_equality
9211,de-escalations,эскалация,escalade
9212,memorize,запомнить,mémoriser
9213,memorize,запомнить,retenir
9214,memorize,запоминать,mémoriser
9215,memorize,запоминать,retenir
9216,memorize,выучить,mémoriser
9217,memorize,заучить,no_equality
9218,memorize,вызубрить,mémoriser
9219,memorize,выучи,apprends
9220,memorize,заучивать,no_equality
9221,bibliographer,библиограф,no_equality
9222,catchphrases,броские фразы,no_equality
9223,forebears,предки,ancêtre
9224,forebears,предки,aïeul
9225,forebears,предков,ancêtre
9226,forebears,предков,aïeul
9227,forebears,предков,père
9228,forebears,предшественников,prédécesseur
9229,forebears,предшественники,prédécesseur
9230,forebears,предкам,ancêtre
9231,delivering,поставляющий,no_equality
9232,delivering,обеспечивающий,no_equality
9233,delivering,доставляющий,no_equality
9234,delivering,избавляющий,no_equality
9235,delivering,развозящий,no_equality
9236,delivering,доставка,livraison
9237,delivering,доставка,livrer
9238,delivering,передача,no_equality
9239,delivering,достижение,réalisation
9240,delivering,освобождение,délivrance
9241,inaugurally,инаугурационный,inaugural
9242,inaugurally,первой,no_equality
9243,inaugurally,первом,no_equality
9244,inaugurally,первого,no_equality
9245,inaugurally,первую,no_equality
9246,inaugurally,учредительной,constitutive
9247,inaugurally,открытии,ouverture
9248,inaugurally,вступительной,no_equality
9249,inaugurally,вступительном,no_equality
9250,inaugurally,первая,no_equality
9251,inaugurally,первых,no_equality
9252,inaugurally,учредительное,no_equality
9253,digital,цифровой,numérique
9254,digital,цифровой,digital
9255,digital,цифровой,numérisé
9256,digital,цифровой,numérisation
9257,digital,цифровой,électronique
9258,digital,электронный,numérique
9259,digital,электронный,électronique
9260,digital,компьютерной,informatique
9261,digital,digital,no_equality
9262,digital,компьютерного,informatique
9263,digital,электронно-цифрового,numérique
9264,digital,электронно-цифрового,digital
9265,guts,мужество,tripe
9266,guts,мужество,courage
9267,theorisation,теоретизация,no_equality
9268,shivs,заточек,couteau
9269,shivs,ножей,lame
9270,shivs,заточки,no_equality
9271,shivs,заточками,no_equality
9272,tasked,поручено,no_equality
9273,tasked,возложена задача,no_equality
9274,tasked,поручил,no_equality
9275,tasked,поставлена задача,chargé
9276,tasked,поставлена задача,pour mandat
9277,tasked,поручили,no_equality
9278,tasked,поручила,mandaté
9279,tasked,поручить,no_equality
9280,tasked,поручило,no_equality
9281,tasked,задачей,no_equality
9282,tasked,поручается,no_equality
9283,tasked,поручена задача,confié
9284,tasked,поручена задача,chargé
9285,tasked,задачу,no_equality
9286,tasked,возложены задачи,confié
9287,tasked,задание,no_equality
9288,tasked,задачи которого входит,no_equality
9289,GOPS,идет,no_equality
9290,GOPS,пойдет,no_equality
9291,GOPS,выходит,no_equality
9292,GOPS,ходит,no_equality
9293,GOPS,происходит,no_equality
9294,GOPS,проходит,no_equality
9295,GOPS,уходит,no_equality
9296,GOPS,пройдет,no_equality
9297,GOPS,касается,no_equality
9298,GOPS,продолжается,no_equality
9299,GOPS,говорит,no_equality
9300,GOPS,уйдет,no_equality
9301,GOPS,едет,no_equality
9302,GOPS,отправляется,no_equality
9303,GOPS,идут,no_equality
9304,beastliness,свинство,no_equality
9305,beastliness,гадость,no_equality
9306,aphorize,санкционировать,autoriser
9307,aphorize,санкционировать,autorisation
9308,aphorize,санкционировать,approuver
9309,aphorize,разрешить,autoriser
9310,aphorize,разрешить,autorisation
9311,aphorize,разрешить,permettre
9312,aphorize,разрешить,accorder
9313,aphorize,уполномочить,autoriser
9314,aphorize,уполномочить,habiliter
9315,aphorize,разрешать,autoriser
9316,aphorize,разрешать,permettre
9317,aphorize,уполномочивать,no_equality
9318,aphorize,поручить,autoriser
9319,aphorize,утвердить,approuver
9320,aphorize,допускать,autoriser
9321,aphorize,допускать,permettre
9322,aphorize,разрешения,no_equality
9323,aphorize,санкционирования,no_equality
9324,aphorize,дать разрешение,no_equality
9325,aphorize,санкционировании,no_equality
9326,aphorize,разрешается,autorisation
9327,aphorize,разрешается,permet
9328,aphorize,давать разрешение,permettre
9329,aphorize,авторизировать,no_equality
9330,aphorize,легализовать,no_equality
9331,aphorize,дает,no_equality
9332,facile,легкий,facile
9333,facile,легкий,facilement
9334,facile,поверхностный,superficiel
9335,facile,поспешный,no_equality
9336,brushy,кустистый,no_equality
9337,appeared,как представляется,semblait
9338,appeared,как представляется,semblaient
9339,appeared,как представляется,semblent
9340,appeared,по-видимому,semblent
9341,appeared,по-видимому,apparaît
9342,appeared,появился,est apparu
9343,appeared,появился,apparaît
9344,appeared,появился,apparut
9345,appeared,появились,apparaissent
9346,appeared,появились,apparition
9347,appeared,появилась,est apparu
9348,appeared,появилась,apparut
9349,appeared,появилась,est apparue
9350,appeared,всей видимости,semble
9351,appeared,всей видимости,semblent
9352,appeared,всей видимости,apparaît
9353,appeared,появилось,est apparu
9354,appeared,появилось,est apparue
9355,appeared,появилось,apparition
9356,appeared,казалось,semble
9357,appeared,казалось,semblait
9358,appeared,казалось,semblaient
9359,appeared,оказалось,no_equality
9360,appeared,очевидно,no_equality
9361,appeared,судя,semble
9362,appeared,судя,semblent
9363,appeared,явился,est apparu
9364,appeared,фигурирует,apparaît
9365,appeared,предстали,ont comparu
9366,appeared,создается впечатление,semblent
9367,bawdiness,опоздание,no_equality
9368,bawdiness,медлительность,no_equality
9369,bawdiness,задержки,no_equality
9370,bawdiness,задержка,no_equality
9371,bawdiness,опаздывать,no_equality
9372,medalist,медалист,médaillé
9373,medalist,медалистка,médaillé
9374,medalist,чемпиона,no_equality
9375,medalist,призер,no_equality
9376,medalist,медалиста,no_equality
9377,cicatrix,шрам,cicatrice
9378,masturbator,онанист,no_equality
9379,masturbator,мастурбатор,no_equality
9380,masturbator,мастурбатора,no_equality
9381,meritable,настоящий,no_equality
9382,meritable,подлинный,no_equality
9383,meritable,истинный,no_equality
9384,meritable,подлинно,no_equality
9385,meritable,настоящим,no_equality
9386,meritable,поистине,no_equality
9387,fuelled,подпитываются,alimentent
9388,fuelled,подпитываются,alimenter
9389,fuelled,подпитывается,no_equality
9390,fuelled,работающих,fonctionnant
9391,fuelled,причиной,no_equality
9392,fuelled,способствовали,encouragé
9393,fuelled,подогреваются,no_equality
9394,fuelled,подпитывали,no_equality
9395,fuelled,работающие,fonctionnant
9396,fuelled,подпитываемых,no_equality
9397,fuelled,подпитываемая,no_equality
9398,fuelled,топливом,no_equality
9399,fuelled,разжиганию,alimenter
9400,fuelled,разжигает,alimentent
9401,fuelled,разжигает,nourrit
9402,fuelled,разжигает,nourrissent
9403,fuelled,подогревается,no_equality
9404,fuelled,питают,alimentent
9405,fuelled,питают,nourrissent
9406,divestiture,разукрупнение,démantèlement
9407,divestiture,разоблачение,no_equality
9408,divestiture,изъятие активов,no_equality
9409,divestiture,отказ от участия,no_equality
9410,divestiture,разгосударствления,no_equality
9411,divestiture,приватизации,privatisation
9412,pulsating,пульсирующий,no_equality
9413,pulsating,пульсационный,no_equality
9414,pulsating,пульсация,no_equality
9415,givens,гивенса,givens
9416,givens,гивенсу,no_equality
9417,skirmishing,перестрелка,no_equality
9418,skirmishing,стычки,escarmouche
9419,ejaculates,эякуляции,no_equality
9420,hindquarters,огузок,no_equality
9421,hindquarters,пса,no_equality
9422,bounding,ограничивающий,no_equality
9423,bounding,скачущий,no_equality
9424,bounding,граничный,no_equality
9425,ours,наш,no_equality
9426,exuberated,перечисленных,no_equality
9427,exuberated,перечисленные,no_equality
9428,exuberated,перечислены,énumérait
9429,exuberated,перечисленными,énoncées
9430,exuberated,перечисленными,visée
9431,exuberated,перечислил,no_equality
9432,exuberated,перечисленным,visé
9433,exuberated,перечисленным,énoncées
9434,exuberated,перечисленным,mentionnés
9435,exuberated,перечисляются,no_equality
9436,exuberated,указанных,énoncé
9437,exuberated,указанных,visé
9438,exuberated,указанных,énoncées
9439,exuberated,указанных,mentionnés
9440,exuberated,указанных,visée
9441,exuberated,закрепленных,no_equality
9442,exuberated,перечисляет,no_equality
9443,exuberated,перечислила,no_equality
9444,exuberated,изложенные,énoncé
9445,exuberated,изложенные,énoncées
9446,exuberated,указанные,énoncé
9447,exuberated,указанные,visé
9448,exuberated,указанные,énoncées
9449,exuberated,указанные,mentionnés
9450,exuberated,указанные,visée
9451,exuberated,указанные,citées
9452,exuberated,перепись,no_equality
9453,anomaly,аномалия,anomalie
9454,anomaly,отклонение от нормы,no_equality
9455,anomaly,ненормальное положение,anomalie
9456,anomaly,аномальное явление,no_equality
9457,anomaly,аномального,no_equality
9458,anomaly,аномальным,anormal
9459,anomaly,аномальную ситуацию,no_equality
9460,anomaly,аномальная ситуация,anormal
9461,anomaly,ненормального положения,anomalie
9462,anomaly,аномальной ситуации,no_equality
9463,mitigate,смягчить,atténuer
9464,mitigate,смягчить,réduire
9465,mitigate,смягчить,limiter
9466,mitigate,смягчить,remédier
9467,mitigate,смягчить,alléger
9468,mitigate,смягчить,amortir
9469,mitigate,смягчить,apaiser
9470,mitigate,смягчить,soulager
9471,mitigate,уменьшить,no_equality
9472,mitigate,смягчать,no_equality
9473,mitigate,ослабить,atténuer
9474,mitigate,ослабить,réduire
9475,mitigate,ослабить,limiter
9476,mitigate,ослабить,diminuer
9477,mitigate,ослабить,alléger
9478,mitigate,ослабить,soulager
9479,mitigate,снизить,atténuer
9480,mitigate,снизить,réduire
9481,mitigate,снизить,limiter
9482,mitigate,снизить,diminuer
9483,mitigate,снизить,alléger
9484,mitigate,снизить,minimiser
9485,mitigate,снизить,soulager
9486,mitigate,сократить,atténuer
9487,mitigate,сократить,réduire
9488,mitigate,сократить,limiter
9489,mitigate,сократить,diminuer
9490,mitigate,сократить,alléger
9491,mitigate,облегчить,atténuer
9492,mitigate,облегчить,réduire
9493,mitigate,облегчить,alléger
9494,mitigate,облегчить,apaiser
9495,mitigate,облегчить,soulager
9496,mitigate,уменьшать,atténuer
9497,mitigate,уменьшать,réduire
9498,mitigate,уменьшать,diminuer
9499,mitigate,уменьшать,alléger
9500,mitigate,уменьшать,amoindrir
9501,mitigate,смягчения,no_equality
9502,mitigate,смягчению,no_equality
9503,mitigate,уменьшения,no_equality
9504,mitigate,снижения,no_equality
9505,mitigate,уменьшению,no_equality
9506,mitigate,ослабления,no_equality
9507,mitigate,сокращения,no_equality
9508,messiness,беспорядок,désordre
9509,messiness,неряшливость,no_equality
9510,boundlessness,безграничность,no_equality
9511,cumulate,накапливать,cumuler
9512,cumulate,кумулировать,no_equality
9513,flabbiness,вялость,no_equality
9514,potheads,болваны,no_equality
9515,fibber,врунишка,menteur
9516,fibber,выдумщик,no_equality
9517,fibber,выдумщица,no_equality
9518,counteracts,противодействует,s'oppose
9519,buzzed,навеселе,pompette
9520,buzzed,впустить,no_equality
9521,buzzed,жужжали,no_equality
9522,buzzed,жужжал,no_equality
9523,buzzed,впустила,no_equality
9524,buzzed,впустил,no_equality
9525,buzzed,слови кайф,no_equality
9526,buzzed,звонила в домофон,interphone
9527,automation,автоматизация,automatisation
9528,wardership,попечительство,no_equality
9529,wardership,опека,no_equality
9530,franchised,франшизных,franchisage
9531,hilarious,смешной,hilarant
9532,hilarious,смешной,drôle
9533,hilarious,смешной,amusant
9534,hilarious,смешной,comique
9535,hilarious,смешной,marrant
9536,hilarious,уморительный,no_equality
9537,hilarious,веселый,hilarant
9538,hilarious,веселый,drôle
9539,hilarious,веселый,amusant
9540,hilarious,веселый,marrant
9541,hilarious,весело,hilarant
9542,hilarious,весело,drôle
9543,hilarious,весело,amusant
9544,hilarious,весело,marrant
9545,hilarious,умора,no_equality
9546,hilarious,забавным,drôle
9547,hilarious,забавным,amusant
9548,hilarious,забавным,marrant
9549,hilarious,уморительным,hilarant
9550,hilarious,забавный,drôle
9551,hilarious,забавный,amusant
9552,hilarious,забавный,marrant
9553,hilarious,прикольно,drôle
9554,hilarious,прикольно,marrant
9555,exultant,ликующий,no_equality
9556,exultant,торжествующий,no_equality
9557,extras,массовка,no_equality
9558,extras,дополнительные услуги,extras
9559,extras,дополнительные услуги,services supplémentaires
9560,extras,статистов,no_equality
9561,extras,массовки,figurant
9562,extras,массовку,no_equality
9563,extras,статисты,no_equality
9564,extras,лишние,no_equality
9565,extras,опциями,no_equality
9566,extras,навара,no_equality
9567,extras,реквизитом,accessoire
9568,extras,запасные,no_equality
9569,extras,extras,no_equality
9570,extras,дополнений,supplément
9571,extras,дополнений,ajout
9572,extras,дополнений,complément
9573,extras,массовкой,figurant
9574,extras,статисток,no_equality
9575,cleanups,подчистка,nettoyage
9576,progress,прогресс,no_equality
9577,progress,успех,progrès
9578,progress,ход,évolution
9579,progress,ход,déroulement
9580,progress,ход,marche
9581,progress,успехи,progrès
9582,progress,успехи,avancée
9583,progress,успехи,acquis
9584,progress,достижение,progrès
9585,progress,достижение,avancée
9586,progress,достижение,acquis
9587,progress,достижения,progrès
9588,progress,достижения,acquis
9589,progress,развитие,progrès
9590,progress,развитие,progression
9591,progress,развитие,évolution
9592,progress,развитие,déroulement
9593,progress,продвижение,progrès
9594,progress,продвижение,avancement
9595,progress,продвижение,progression
9596,progress,продвижение,avance
9597,progress,продвижение,avancée
9598,progress,продвижение,voie
9599,progress,продвигаться,progresser
9600,progress,продвигаться,avancer
9601,progress,продвигаться,évoluer
9602,progress,развиваться,progresser
9603,progress,развиваться,avancer
9604,progress,развиваться,évoluer
9605,progress,прогрессировать,progresser
9606,progress,ходе работы,no_equality
9607,progress,результаты,progrès
9608,progress,достигнутый,no_equality
9609,progress,работа,no_equality
9610,progress,подвижка,no_equality
9611,progress,результатов,progrès
9612,progress,поступательное движение,no_equality
9613,progress,успеваемость,progrès
9614,billiard,бильярдный,no_equality
9615,billiard,бильярд,billard
9616,billiard,бильярдными,no_equality
9617,billiard,бильярдном,no_equality
9618,billiard,billiard,no_equality
9619,billiard,бильярдная,no_equality
9620,billiard,бильярды,no_equality
9621,billiard,бильярдным шаром,no_equality
9622,buy back,выкупать,racheter
9623,buy-back,обратный выкуп,rachat
9624,joysticks,джойстики,no_equality
9625,joysticks,джойстиками,no_equality
9626,joysticks,джойстиков,no_equality
9627,pumas,пумы,puma
9628,oppositely,противоположно,l'opposé
9629,oppositely,наоборот,l'opposé
9630,daisies,маргаритки,marguerite
9631,daisies,ромашки,pâquerette
9632,daisies,маргариток,no_equality
9633,daisies,ромашками,no_equality
9634,daisies,герберы,no_equality
9635,daisies,ромашек,no_equality
9636,daisies,лютики,no_equality
9637,daisies,цветочки,fleur
9638,daisies,маргаритками,no_equality
9639,proximal,проксимальный,no_equality
9640,proximal,проксимальных,no_equality
9641,proximal,проксимальном,no_equality
9642,proximal,проксимальные,no_equality
9643,proximal,проксимального,no_equality
9644,proximal,проксимальная,no_equality
9645,proximal,плечевой,no_equality
9646,designate,назначить,désigner
9647,designate,назначить,nommer
9648,designate,назначить,charger
9649,designate,назначить,choisir
9650,designate,назначить,confier
9651,designate,назначать,désigner
9652,designate,назначать,nommer
9653,designate,назначать,attribuer
9654,designate,определить,indiquer
9655,designate,определять,désigner
9656,designate,определять,indiquer
9657,designate,определять,choisir
9658,designate,поручить,désigner
9659,designate,поручить,charger
9660,designate,поручить,confier
9661,designate,объявить,déclarer
9662,designate,провозгласить,déclarer
9663,designate,обозначить,désigner
9664,designate,обозначить,indiquer
9665,designate,назначении,no_equality
9666,designate,назначения,no_equality
9667,designate,указать,désigner
9668,designate,указать,indiquer
9669,designate,указывать,désigner
9670,designate,указывать,indiquer
9671,designate,указывать,inscrire
9672,designate,обозначать,no_equality
9673,designate,называть,nommer
9674,designate,называть,qualifier
9675,designate,назначению,no_equality
9676,emperors,императоров,empereur
9677,emperors,императоры,empereur
9678,emperors,императорами,empereur
9679,emperors,императорам,no_equality
9680,emperors,императора,empereur
9681,marooned,высадили,no_equality
9682,marooned,затеряны,no_equality
9683,marooned,брошен,abandonné
9684,marooned,дикарями,no_equality
9685,marooned,застряли,no_equality
9686,universalize,универсализации,no_equality
9687,universalize,универсального характера,no_equality
9688,universalize,универсализацию,no_equality
9689,universalize,универсализацией,no_equality
9690,universalize,обеспечению универсальности,no_equality
9691,universalize,обеспечению всеобщего,universaliser
9692,universalize,обеспечению всеобщего,généraliser
9693,universalize,обеспечения всеобщего характера,universaliser
9694,universalize,обеспечения всеобщего характера,universalisation
9695,universalize,обеспечения всеобщего характера,généraliser
9696,universalize,универсализация,no_equality
9697,universalize,универсальной,no_equality
9698,universalize,сделать всеобщим,no_equality
9699,sobrieties,общества,société
9700,sobrieties,общества,communauté
9701,sobrieties,общества,social
9702,sobrieties,обществ,no_equality
9703,sobrieties,обществах,société
9704,sobrieties,обществах,communauté
9705,sobrieties,странах,société
9706,sobrieties,странах,pays
9707,sobrieties,общество,société
9708,sobrieties,общество,association
9709,sobrieties,общество,communauté
9710,sobrieties,общество,sociale
9711,sobrieties,общество,social
9712,sobrieties,обществе,société
9713,sobrieties,обществе,communauté
9714,sobrieties,обществе,social
9715,sobrieties,стран,société
9716,sobrieties,стран,pays
9717,sobrieties,обществами,société
9718,sobrieties,обществами,association
9719,sobrieties,обществам,société
9720,sobrieties,страны,pays
9721,sobrieties,обществу,société
9722,sobrieties,обществом,association
9723,sobrieties,обществом,communauté
9724,sobrieties,обществом,sociale
9725,sobrieties,обществом,social
9726,sobrieties,сообществ,société
9727,sobrieties,сообществ,communauté
9728,sobrieties,странам,société
9729,sobrieties,сообщества,no_equality
9730,occupant,обитатель,habitant
9731,occupant,жилец,no_equality
9732,occupant,житель,habitant
9733,occupant,водителя или пассажира,occupant
9734,occupant,водителя или пассажира,passager
9735,occupant,водителей и пассажиров,occupant
9736,occupant,водителя и пассажиров,no_equality
9737,occupant,водителем или пассажиром,occupant
9738,occupant,водителем или пассажиром,passager
9739,occupant,одного жильца,locataire
9740,occupant,оккупанта,no_equality
9741,occupant,водитель или пассажир,no_equality
9742,occupant,транспортном средстве,no_equality
9743,occupant,салон,no_equality
9744,occupant,удерживающих,no_equality
9745,occupant,пассажира или водителя,passager
9746,equippings,оснащение,équipement
9747,equippings,оснащение,équiper
9748,equippings,оборудование,équipement
9749,equippings,оборудование,aménagement
9750,equippings,снаряжения,équipement
9751,equippings,оборудовать,no_equality
9752,submission,представления,présentation
9753,submission,представления,soumission
9754,submission,представления,demande
9755,submission,представления,communication
9756,submission,представления,dépôt
9757,submission,представления,soumis
9758,submission,представления,rapport
9759,submission,представление,présentation
9760,submission,представление,soumission
9761,submission,представление,demande
9762,submission,представление,communication
9763,submission,представление,exposé
9764,submission,представление,soumis
9765,submission,документ,communication
9766,submission,документ,projet
9767,submission,документ,rapport
9768,submission,подача,présentation
9769,submission,подача,soumission
9770,submission,подача,dépôt
9771,submission,подчинение,soumission
9772,submission,внесение,présentation
9773,submission,внесение,dépôt
9774,submission,направления,communication
9775,submission,направления,transmission
9776,submission,направления,envoi
9777,submission,представлен,présentation
9778,submission,представлен,soumis
9779,submission,представлен,présenté
9780,submission,представлены,présentation
9781,submission,представлены,soumis
9782,submission,представлены,présenté
9783,submission,сообщении,communication
9784,submission,сообщении,exposé
9785,submission,сообщении,rapport
9786,submission,передачи,communication
9787,submission,передачи,transmission
9788,submission,бюджете,no_equality
9789,submission,предложении,proposition
9790,submission,представленных,proposition
9791,submission,представленных,présenté
9792,submission,сообщения,présentation
9793,submission,сообщения,communication
9794,submission,сообщения,exposé
9795,submission,сообщения,rapport
9796,tormentor,мучитель,no_equality
9797,governmentally,назначенных правительствами,no_equality
9798,rubbery,резиновые,caoutchouteux
9799,rubbery,растягивающийся,no_equality
9800,repeatedly,неоднократно,à plusieurs reprises
9801,repeatedly,неоднократно,à maintes reprises
9802,repeatedly,неоднократно,plusieurs fois
9803,repeatedly,неоднократно,régulièrement
9804,repeatedly,неоднократно,souvent
9805,repeatedly,неоднократно,constamment
9806,repeatedly,неоднократно,à de nombreuses reprises
9807,repeatedly,неоднократно,à diverses reprises
9808,repeatedly,неоднократно,répété
9809,repeatedly,постоянно,régulièrement
9810,repeatedly,постоянно,souvent
9811,repeatedly,постоянно,constamment
9812,repeatedly,постоянно,sans cesse
9813,repeatedly,многократно,à plusieurs reprises
9814,repeatedly,многократно,à maintes reprises
9815,repeatedly,многократно,maintes fois
9816,repeatedly,многократно,plusieurs fois
9817,repeatedly,многократно,à de nombreuses reprises
9818,repeatedly,несколько раз,plusieurs fois
9819,repeatedly,неизменно,régulièrement
9820,repeatedly,повторно,no_equality
9821,repeatedly,неоднократные,no_equality
9822,repeatedly,неоднократным,no_equality
9823,repeatedly,часто,no_equality
9824,repeatedly,неоднократного,répété
9825,repeatedly,неоднократное,façon répétée
9826,repeatedly,неоднократных,no_equality
9827,repeatedly,неоднократной,no_equality
9828,repeatedly,неоднократному,no_equality
9829,repeatedly,повторный,no_equality
9830,bogeymen,страшилища,no_equality
9831,bogeymen,бугимен,croque-mitaine
9832,karats,карат,carat
9833,karats,карата,carat
9834,karats,каратов,carat
9835,cutter,каттер,cutter
9836,cutter,каттера,cutter
9837,cutter,резак,cutter
9838,cutter,резчик,no_equality
9839,cutter,нож,cutter
9840,cutter,нож,couteau
9841,cutter,нож,lame
9842,cutter,катер,no_equality
9843,cutter,резец,no_equality
9844,cutter,аттер,no_equality
9845,cutter,каттером,cutter
9846,cutter,каттеру,no_equality
9847,cutter,каттере,cutter
9848,Smiths,smiths,no_equality
9849,Smiths,смиты,no_equality
9850,Smiths,кузнецов,forgeron
9851,Smiths,смитс,no_equality
9852,Smiths,смитов,no_equality
9853,Smiths,кузнецы,forgeron
9854,Smiths,со смитами,no_equality
9855,Smiths,смитах,no_equality
9856,antisemitism,антисемитизм,antisémitisme
9857,antisemitism,юдофобия,no_equality
9858,paused,сделал паузу,no_equality
9859,paused,приостановлен,no_equality
9860,paused,на паузу,en pause
9861,paused,приостановлены,no_equality
9862,paused,сделала паузу,no_equality
9863,paused,замолчал,no_equality
9864,paused,запнулся,no_equality
9865,paused,останавливался,no_equality
9866,paused,замешкался,no_equality
9867,paused,остановилась,no_equality
9868,paused,остановил,no_equality
9869,paused,приостановлена,no_equality
9870,paused,приостановленные,no_equality
9871,paused,паузе,en pause
9872,paused,приостановился,no_equality
9873,reeling,наматывание,no_equality
9874,reeling,раскачивание,no_equality
9875,reeling,шатающийся,no_equality
9876,reeling,оправившийся,no_equality
9877,reeling,намоточный,no_equality
9878,subsidisation,субсидирования,subvention
9879,subsidisation,субсидирования,subventionnement
9880,subsidisation,дотации,subvention
9881,boggles,уму,no_equality
9882,liquidator,ликвидатор,liquidateur
9883,liquidator,ликвидатор,syndic
9884,Bangladeshes,бангладеш,no_equality
9885,enthralling,увлекательный,fascinant
9886,enthralling,захватывающий,passionnant
9887,enthralling,захватывающий,fascinant
9888,schedule,график,calendrier
9889,schedule,график,horaire
9890,schedule,график,programme
9891,schedule,график,planning
9892,schedule,график,tableau
9893,schedule,график,emploi du temps
9894,schedule,график,échéancier
9895,schedule,график,agenda
9896,schedule,графика,calendrier
9897,schedule,графика,horaire
9898,schedule,графика,programme
9899,schedule,графика,planning
9900,schedule,графика,emploi du temps
9901,schedule,графика,échéancier
9902,schedule,графика,retard
9903,schedule,расписание,calendrier
9904,schedule,расписание,horaire
9905,schedule,расписание,programme
9906,schedule,расписание,planning
9907,schedule,расписание,emploi du temps
9908,schedule,расписание,agenda
9909,schedule,таблица,tableau
9910,schedule,расписания,calendrier
9911,schedule,расписания,horaire
9912,schedule,расписания,planning
9913,schedule,расписания,emploi du temps
9914,schedule,приложение,no_equality
9915,schedule,список,tableau
9916,schedule,список,liste
9917,schedule,план,programme
9918,schedule,план,échéancier
9919,schedule,запланировать,programmer
9920,schedule,запланировать,planifier
9921,schedule,запланировать,prévoir
9922,schedule,назначить,programmer
9923,schedule,срок,no_equality
9924,schedule,шкала,barème
9925,schedule,перечень,liste
9926,schedule,приложения,no_equality
9927,schedule,программа,programme
9928,schedule,программа,agenda
9929,schedule,режим,no_equality
9930,schedule,распорядок,horaire
9931,schedule,распорядок,planning
9932,schedule,распорядок,emploi du temps
9933,schedule,распорядок,agenda
9934,schedule,календарный план,calendrier
9935,yielding,приносит,no_equality
9936,yielding,приносят,no_equality
9937,yielding,дают,no_equality
9938,yielding,биологической,no_equality
9939,yielding,уступая,cédant
9940,yielding,поддаваясь,no_equality
9941,yielding,биологическую продуктивность,no_equality
9942,yielding,уступает,no_equality
9943,yielding,что привело,no_equality
9944,yielding,приносящих,générant
9945,metaled,metal,no_equality
9946,hire,нанять,engager
9947,hire,нанять,embaucher
9948,hire,нанять,louer
9949,hire,нанять,recruter
9950,hire,нанять,employer
9951,hire,нанять,payer
9952,hire,нанять,réembaucher
9953,hire,нанимать,engager
9954,hire,нанимать,embaucher
9955,hire,нанимать,louer
9956,hire,нанимать,recruter
9957,hire,нанимать,employer
9958,hire,взять,no_equality
9959,hire,арендовать,louer
9960,hire,наем,location
9961,hire,наем,embauche
9962,hire,наем,recrutement
9963,hire,аренда,location
9964,hire,прокат,location
9965,hire,вербовать,recruter
9966,hire,арендной,no_equality
9967,hire,берут,no_equality
9968,cursedly,проклятый,no_equality
9969,cursedly,проклял,no_equality
9970,cursedly,прокляла,no_equality
9971,cursedly,прокляли,no_equality
9972,cursedly,проклятие,no_equality
9973,cursedly,проклятье,no_equality
9974,cursedly,проклинал,no_equality
9975,cursedly,проклинали,no_equality
9976,bushelling,обстрел,no_equality
9977,bushelling,артобстрел,bombardement
9978,bushelling,артиллерийского обстрела,bombardement
9979,bushelling,артиллерийского обстрела,pilonnage
9980,bushelling,артиллерийского обстрела,tir
9981,bushelling,артиллерийских обстрелов,bombardement
9982,bushelling,артиллерийские обстрелы,bombardement
9983,bushelling,артиллерийских обстрелах,no_equality
9984,bushelling,обстреливать,no_equality
9985,bushelling,артобстрелу,no_equality
9986,bushelling,йонпхёндо,no_equality
9987,bushelling,артиллерийскому обстрелу,no_equality
9988,transactions,операций,opération
9989,transactions,операций,activité
9990,transactions,сделок,transaction
9991,transactions,сделок,opération
9992,transactions,сделки,affaire
9993,transactions,сделки,marché
9994,transactions,операциях,transaction
9995,transactions,операциях,opération
9996,transactions,операциях,activité
9997,transactions,сделках,transaction
9998,transactions,сделках,opération
9999,transactions,сделкам,transaction
10000,transactions,операциями,transaction
10001,transactions,операциями,opération
10002,transactions,операциями,activité
10003,transactions,операциями,commerce
10004,transactions,операциям,transaction
10005,transactions,операциям,opération
10006,transactions,транзакций,transaction
10007,transactions,сделками,transaction
10008,transactions,сделками,opération
10009,transactions,транзакциях,no_equality
10010,transactions,финансовые операции,no_equality
10011,transactions,транзакциями,no_equality
10012,transactions,переводов,transfert
10013,transactions,переводы,transfert
10014,transactions,труды,no_equality
10015,matures,мере становления,no_equality
10016,matures,взрослеет,grandit
10017,matures,созревает,no_equality
10018,matures,мере совершенствования,no_equality
10019,matures,созреет,no_equality
10020,matures,становится более зрелым,no_equality
10021,disciplined,дисциплинированный,discipliné
10022,disciplined,дисциплина,no_equality
10023,disciplined,дисциплинированы,no_equality
10024,disciplined,наказаны,puni
10025,disciplined,наложено дисциплинарное взыскание,no_equality
10026,disciplined,дисциплинированно,no_equality
10027,jabbering,бормотать,no_equality
10028,jabbering,бормочет,no_equality
10029,parochial,приходских,paroisse
10030,parochial,узких,étroit
10031,parochial,узких,égoïstes
10032,parochial,местнические,no_equality
10033,parochial,приходские,no_equality
10034,parochial,приходским,no_equality
10035,parochial,местническим,no_equality
10036,parochial,молельных,no_equality
10037,parochial,приходской,no_equality
10038,parochial,местнической,no_equality
10039,parochial,приходскую,no_equality
10040,parochial,ограниченными,no_equality
10041,parochial,местнических,no_equality
10042,parochial,приходская,no_equality
10043,parochial,узким,étroit
10044,tenuity,напряженное состояние,no_equality
10045,countermands,отменяет,no_equality
10046,pheromones,феромоны,phéromones
10047,pheromones,феромонов,no_equality
10048,pheromones,феромонами,phéromones
10049,Tanzania,танзания,tanzanie
10050,Tanzania,танзания,tanzania
10051,Tanzania,танзании,tanzanie
10052,Tanzania,танзании,tanzanien
10053,Tanzania,танзанию,tanzanie
10054,Tanzania,танзанией,no_equality
10055,Tanzania,танзанийской,no_equality
10056,Tanzania,танзанийская,no_equality
10057,Tanzania,танзанийский,no_equality
10058,Tanzania,танзанийского,no_equality
10059,Tanzania,танзанийское,no_equality
10060,Tanzania,тан-зания,tanzanie
10061,Tanzania,тан-зания,tanzania
10062,Tanzania,танзанийских,tanzanie
10063,Tanzania,танзанийских,tanzanien
10064,Tanzania,танзанийскую,no_equality
10065,reworded,изменена,no_equality
10066,reworded,изложить,no_equality
10067,reworded,сформулировать заново,no_equality
10068,reworded,перефразировать,no_equality
10069,reworded,измененный,no_equality
10070,reworded,переформулировано,no_equality
10071,reworded,изменено,no_equality
10072,reworded,переформулирован,no_equality
10073,reworded,изменить формулировку,no_equality
10074,reworded,переформулировать,no_equality
10075,reworded,изменен,reformulé
10076,reworded,изменен,remanié
10077,brines,соляных рассолов,no_equality
10078,brines,соляные растворы,no_equality
10079,subways,метро,no_equality
10080,subways,подземке,no_equality
10081,subways,подземки,métro
10082,subways,подземные переходы,no_equality
10083,subways,подземка,métro
10084,sublimating,возвышение,no_equality
10085,sublimating,сублимировала,no_equality
10086,time-outs,тайм-аутов,no_equality
10087,global,глобальный,mondial
10088,global,глобальный,global
10089,global,глобальный,international
10090,global,глобальный,planétaire
10091,global,глобальный,mondialisation
10092,global,мировой,mondial
10093,global,мировой,international
10094,global,мировой,planétaire
10095,global,всемирный,mondial
10096,global,всемирный,universel
10097,global,общемировой,mondial
10098,global,общемировой,universel
10099,global,общий,global
10100,global,общий,général
10101,global,общий,ensemble
10102,global,общий,synthétique
10103,global,мира,no_equality
10104,global,всем мире,no_equality
10105,global,международного,mondial
10106,global,международного,international
10107,global,международного,monde
10108,global,международной,mondial
10109,global,международной,international
10110,global,международной,monde
10111,global,международных,mondial
10112,global,международных,international
10113,global,международном,mondial
10114,global,международном,international
10115,global,международном,monde
10116,global,всеобщего,mondial
10117,global,всеобщего,global
10118,global,всеобщего,général
10119,global,всеобщего,universel
10120,global,планеты,mondial
10121,global,планеты,planétaire
10122,global,планеты,monde
10123,global,планеты,planète
10124,global,планеты,globe
10125,global,всеобщей,no_equality
10126,global,global,global
10127,redistribute,перераспределить,redistribuer
10128,redistribute,перераспределить,redistribution
10129,redistribute,перераспределять,redistribuer
10130,redistribute,перераспределения,no_equality
10131,redistribute,перераспределению,no_equality
10132,redistribute,перераспределение,no_equality
10133,redistribute,перераспределении,no_equality
10134,redistribute,перераспределяют,no_equality
10135,Commissioner,комиссар,commissaire
10136,Commissioner,комиссар,préfet
10137,Commissioner,комиссар,commissioner
10138,Commissioner,комиссар,directeur
10139,Commissioner,член комиссии,commissaire
10140,Commissioner,член комиссии,commissionnaire
10141,Commissioner,комиссия,no_equality
10142,Commissioner,комиссионер,commissaire
10143,Commissioner,уполномоченный,commissaire
10144,Commissioner,уполномоченный,délégué
10145,Commissioner,уполномоченный,chargé
10146,Commissioner,уполномоченный,commissioner
10147,Commissioner,уполномоченный,habilité
10148,appears,как представляется,paraît
10149,appears,как представляется,semblent
10150,appears,как представляется,semble-t-il
10151,appears,по-видимому,apparaît
10152,appears,по-видимому,paraît
10153,appears,по-видимому,semblent
10154,appears,по-видимому,semble-t-il
10155,appears,кажется,no_equality
10156,appears,похоже,semblent
10157,appears,появляется,apparaît
10158,appears,появляется,s'affiche
10159,appears,появляется,apparaissent
10160,appears,появляется,surgit
10161,appears,всей видимости,semble
10162,appears,всей видимости,apparaît
10163,appears,всей видимости,paraît
10164,appears,всей видимости,semblent
10165,appears,оказывается,semble
10166,appears,очевидно,no_equality
10167,appears,приводится,figure
10168,appears,выглядит,semble
10169,appears,выглядит,paraît
10170,appears,появится,apparaît
10171,appears,фигурирует,apparaît
10172,appears,фигурирует,figure
10173,appears,содержится,figure
10174,appears,оказалось,no_equality
10175,appears,явствует,no_equality
10176,warehousings,складирования,no_equality
10177,radially,радиально,no_equality
10178,radially,радиальном направлении,no_equality
10179,radially,радиусу,no_equality
10180,decaying,распад,no_equality
10181,decaying,развал,délabrement
10182,decaying,разложение,décomposition
10183,decaying,затухание,no_equality
10184,decaying,разлагающаяся,no_equality
10185,decaying,гниющие,no_equality
10186,decaying,гниющая,no_equality
10187,decaying,сходящей,no_equality
10188,decaying,разлагаться,no_equality
10189,decaying,разлагающихся,no_equality
10190,decaying,разлагается,no_equality
10191,decaying,гниющее,no_equality
10192,decaying,разлагающийся,no_equality
10193,decaying,приходящих в упадок,no_equality
10194,decaying,загнивает,no_equality
10195,decaying,истлевшие,no_equality
10196,ably,столь умело,habilement
10197,ably,столь умело,avec compétence
10198,ably,столь умело,avec talent
10199,ably,умелое,no_equality
10200,ably,компетентно,avec compétence
10201,ably,компетентно,manière compétente
10202,ably,успешно,bien
10203,ably,успешно,efficacement
10204,ably,квалифицированно,no_equality
10205,ably,под умелым,no_equality
10206,ably,искусно,habilement
10207,ably,искусно,habileté
10208,ably,умелую,no_equality
10209,ably,компетентную,no_equality
10210,ably,компетентное руководство,no_equality
10211,ably,эффективным образом,efficacement
10212,bashing,трепка,no_equality
10213,bashing,избиение,tabassage
10214,bashing,бился,no_equality
10215,bashing,республиканцев,no_equality
10216,bashing,на буша,no_equality
10217,bashing,проломить,no_equality
10218,fiber_optics,оптоволокно,no_equality
10219,fiber_optics,волоконной оптике,fibre optique
10220,fiber_optics,волоконной оптики,no_equality
10221,fiber_optics,волоконную оптику,no_equality
10222,fiber_optics,волоконной оптикой,no_equality
10223,accuser,обвинитель,accusateur
10224,accuser,обвиняющего,no_equality
10225,accuser,обвинителе,no_equality
10226,accuser,обвиняет,no_equality
10227,roadsides,обочин,no_equality
10228,roadsides,вдоль дорог,no_equality
10229,roadsides,обочинах дорог,route
10230,roadsides,обочинах дорог,chemin
10231,roadsides,обочинах автодорог,route
10232,premonitions,предчувствия,prémonition
10233,premonitions,предчувствия,pressentiment
10234,premonitions,предчувствие,pressentiment
10235,premonitions,предчувствий,no_equality
10236,premonitions,предчувствиях,no_equality
10237,premonitions,предсказания,no_equality
10238,premonitions,видений,prémonition
10239,premonitions,вещих снов,no_equality
10240,premonitions,предвидением,no_equality
10241,shekels,шекелей,shekels
10242,shekels,шекели,no_equality
10243,shekels,шекеля,no_equality
10244,pinching,щипать,no_equality
10245,pinching,щипал,no_equality
10246,pinching,щипаю,pince
10247,pinching,щипали,no_equality
10248,pinching,жмут,pincent
10249,pinching,сдавливание,no_equality
10250,pinching,зажимание,no_equality
10251,pinching,щипание,no_equality
10252,pinching,щиплется,no_equality
10253,pinching,щипаться,no_equality
10254,incorporating,включение,no_equality
10255,incorporating,учет,intégrer
10256,incorporating,учет,intégration
10257,incorporating,учет,inclusion
10258,incorporating,включающий,incorporant
10259,incorporating,включающий,comprenant
10260,incorporating,включающий,intégrant
10261,incorporating,включающий,comportant
10262,incorporating,включающий,contenant
10263,incorporating,включающий,incluant
10264,incorporating,включить,incorporer
10265,incorporating,включить,intégrer
10266,incorporating,включив,no_equality
10267,incorporating,интеграции,no_equality
10268,incorporating,инкорпорации,intégrant
10269,incorporating,инкорпорации,incorporation
10270,incorporating,инкорпорации,incorporer
10271,incorporating,включает,no_equality
10272,incorporating,включающих,comprenant
10273,incorporating,включающих,intégrant
10274,incorporating,включающих,comportant
10275,incorporating,включающих,incluant
10276,incorporating,включать,incorporer
10277,incorporating,включать,intégrer
10278,incorporating,инкорпорирования,incorporation
10279,incorporating,инкорпорирования,incorporer
10280,incorporating,включающие,incorporant
10281,incorporating,включающие,comprenant
10282,incorporating,включающие,comportant
10283,incorporating,включающие,contenant
10284,incorporating,включающие,incluant
10285,incorporating,включающей,comprenant
10286,incorporating,включающей,intégrant
10287,incorporating,включающей,incluant
10288,incorporating,включающего,incorporant
10289,incorporating,включающего,comprenant
10290,incorporating,включающего,intégrant
10291,incorporating,включающего,incluant
10292,incorporating,инкорпорирование,incorporation
10293,emigrants,эмиграция,émigration
10294,emigrants,иммигранты,immigrant
10295,emigrants,иммигранты,migrant
10296,emigrants,иммигранты,immigré
10297,essayist,эссеист,no_equality
10298,essayist,очеркист,no_equality
10299,essayist,эссеистка,no_equality
10300,essayist,очеркистка,no_equality
10301,essayist,эссеиста,no_equality
10302,groupings,групп,groupement
10303,groupings,групп,groupe
10304,groupings,групп,catégorie
10305,groupings,групп,association
10306,groupings,группировок,groupement
10307,groupings,группировок,groupe
10308,groupings,группировки,groupe
10309,groupings,группы,groupe
10310,groupings,группы,catégorie
10311,groupings,группы,association
10312,groupings,группировками,groupement
10313,groupings,группировками,groupe
10314,groupings,группировками,regroupement
10315,groupings,группами,groupement
10316,groupings,группами,groupe
10317,groupings,группами,catégorie
10318,groupings,группами,association
10319,groupings,группам,groupe
10320,groupings,объединений,groupement
10321,groupings,объединений,groupe
10322,groupings,объединений,association
10323,groupings,группировкам,no_equality
10324,groupings,объединения,association
10325,groupings,объединения,regrouper
10326,groupings,категорий,groupe
10327,groupings,категорий,catégorie
10328,groupings,объединениями,groupement
10329,groupings,объединениями,groupe
10330,groupings,объединениями,association
10331,groupings,группах,groupement
10332,groupings,группах,groupe
10333,groupings,группах,catégorie
10334,groupings,группировках,groupe
10335,groupings,объединениям,groupement
10336,semantics,семантика,sémantique
10337,semantics,игра слов,no_equality
10338,semantics,пустые слова,no_equality
10339,semantics,семантик,sémantique
10340,semantics,семантикой,no_equality
10341,semantics,семантические,no_equality
10342,semantics,семантических правилах,no_equality
10343,semantics,терминологии,no_equality
10344,semantics,семантическим ухищрениям,no_equality
10345,bloom,цветок,fleur
10346,bloom,цветение,no_equality
10347,bloom,цвести,fleurir
10348,bloom,цвести,éclore
10349,bloom,цвести,s'épanouir
10350,bloom,расцвести,s'épanouir
10351,bloom,блум,bloom
10352,bloom,блума,bloom
10353,bloom,блумом,bloom
10354,bloom,блюм,bloom
10355,bloom,расцвет,fleur
10356,bloom,расцвет,épanouissement
10357,bloom,расцветать,no_equality
10358,bloom,зацвести,no_equality
10359,bloom,распускаются,no_equality
10360,bloom,блуму,bloom
10361,messagings,сообщений,no_equality
10362,messagings,обмена сообщениями,no_equality
10363,messagings,сообщения,no_equality
10364,messagings,messaging,no_equality
10365,messagings,обмен сообщениями,no_equality
10366,messagings,рассылки,no_equality
10367,assibilated,ассимилировали,no_equality
10368,assibilated,ассимилированы,no_equality
10369,assibilated,ассимиляции,no_equality
10370,assibilated,отнесены,no_equality
10371,assibilated,ассимилировать,no_equality
10372,assibilated,ассимилируются,no_equality
10373,assibilated,приравнены,no_equality
10374,assibilated,приравнять,no_equality
10375,assibilated,ассимилировала,no_equality
10376,assibilated,ассимилирована,no_equality
10377,assibilated,приравнивается,no_equality
10378,assibilated,ассимилировалась,no_equality
10379,assibilated,ассимилировались,no_equality
10380,assibilated,ассимилироваться,no_equality
10381,assibilated,приравниваться,no_equality
10382,filenames,имена файлов,no_equality
10383,filenames,именами файлов,fichier
10384,filenames,именах файлов,no_equality
10385,filenames,файла,fichier
10386,musicians,музыкантов,musicien
10387,musicians,музыканты,musicien
10388,musicians,музыкантами,musicien
10389,musicians,музыкантам,no_equality
10390,musicians,музыканта,musicien
10391,abjectly,крайне,no_equality
10392,righteous,праведный,juste
10393,righteous,праведный,vertueux
10394,righteous,справедливый,juste
10395,righteous,правый,droit
10396,righteous,оправданный,justifié
10397,smoothness,гладкость,no_equality
10398,smoothness,сглаженность,no_equality
10399,smoothness,ровность,no_equality
10400,unwillingness,нежелание,refus
10401,unwillingness,нежелание,réticence
10402,unwillingness,нежелание,mauvaise volonté
10403,unwillingness,нежелание,hésitation
10404,unwillingness,неготовность,no_equality
10405,unwillingness,отсутствие готовности,manque de volonté
10406,unwillingness,отсутствие готовности,absence de volonté
10407,unwillingness,не желает,refuse
10408,unwillingness,не желает,ne voulait pas
10409,applesauces,яблочный соус,compote de pommes
10410,applesauces,насест,no_equality
10411,applesauces,яблочное пюре,de la compote
10412,applesauces,яблочным пюре,de la compote
10413,applesauces,яблочного пюре,no_equality
10414,applesauces,под яблочным соусом,de la compote
10415,applesauces,жидкий стул,no_equality
10416,leviathans,левиафаны,no_equality
10417,Montgomerys,монтгомери,montgomery
10418,laboriously,таким трудом удалось,no_equality
10419,Vesuviuses,везувий,vésuve
10420,Vesuviuses,везувий,vesuvius
10421,Vesuviuses,везувия,vésuve
10422,Vesuviuses,везувия,vesuvius
10423,Vesuviuses,везуви,vésuve
10424,Vesuviuses,везуви,vesuvius
10425,Vesuviuses,везувию,vésuve
10426,Vesuviuses,везувием,no_equality
10427,trustworthiness,надежность,fiabilité
10428,trustworthiness,надежность,crédibilité
10429,trustworthiness,добросовестность,no_equality
10430,trustworthiness,доверие к,crédibilité
10431,trustworthiness,кредитоспособность,crédibilité
10432,trustworthiness,благонадёжность,no_equality
10433,trustworthiness,достоверности,fiabilité
10434,trustworthiness,достоверности,crédibilité
10435,trustworthiness,достоверности,véracité
10436,trustworthiness,доверия к,crédibilité
10437,ds,сержант,sergent
10438,ds,сержант,inspecteur
10439,ds,детектив,sergent
10440,ds,детектив,inspecteur
10441,ds,сержанта,sergent
10442,ds,детектив-сержант,no_equality
10443,ds,ds,no_equality
10444,ds,сержантом,sergent
10445,ds,детектива,inspecteur
10446,ds,детективом,inspecteur
10447,ds,дс,ds
10448,ds,дсв,no_equality
10449,ds,детектива-сержанта,no_equality
10450,yellowing,желтеющий,no_equality
10451,yellowing,пожелтение,no_equality
10452,yellowing,желтение,no_equality
10453,consistencies,несоответствий,no_equality
10454,predetermines,предопределяет,prédétermine
10455,predetermines,предопределяет,préjuge
10456,regrouping,перегруппировка,regroupement
10457,regrouping,перегруппирование,no_equality
10458,regrouping,перегруппировать,no_equality
10459,regrouping,перегруппировались,no_equality
10460,regrouping,сосредоточении,regroupement
10461,regrouping,перевод подразделений,no_equality
10462,regrouping,перегруппировываются,no_equality
10463,regrouping,передислокации,no_equality
10464,regrouping,перегруппировок,no_equality
10465,regrouping,перегруппировываемся,no_equality
10466,reproaches,упреки,no_equality
10467,reproaches,упреков,reproche
10468,reproaches,надо упрёков,no_equality
10469,reproaches,попреками,no_equality
10470,reproaches,упрекает,reproche
10471,displays,отображает,affiche
10472,displays,показывает,affiche
10473,displays,показывает,montre
10474,displays,показывает,indique
10475,displays,отображение,affiche
10476,displays,отображение,afficher
10477,displays,отображается,no_equality
10478,displays,дисплеев,no_equality
10479,displays,дисплеи,no_equality
10480,displays,отображаются,no_equality
10481,displays,демонстрирует,montre
10482,displays,проявления,manifestation
10483,displays,экспозиции,exposition
10484,displays,выводит,affiche
10485,displays,выставки,exposition
10486,displays,дисплеях,no_equality
10487,displays,показов,exposition
10488,displays,открывает,no_equality
10489,reactionary,реакционный,réactionnaire
10490,reactionary,реакционер,réactionnaire
10491,reactionary,ретроград,no_equality
10492,reactionary,реакционное,réactionnaire
10493,reactionary,реакционным,no_equality
10494,reactionary,консервативных,no_equality
10495,reactionary,реакционера,no_equality
10496,provinces,провинциях,province
10497,provinces,провинциях,région
10498,provinces,провинциях,provincial
10499,provinces,провинциях,gouvernorat
10500,provinces,провинций,province
10501,provinces,провинций,région
10502,provinces,провинций,provincial
10503,provinces,провинций,gouvernorat
10504,provinces,провинциями,province
10505,provinces,провинциям,gouvernorat
10506,provinces,областях,no_equality
10507,provinces,областей,région
10508,provinces,земель,province
10509,provinces,землях,province
10510,provinces,краев,no_equality
10511,provinces,мухафазах,province
10512,provinces,мухафазах,provincial
10513,provinces,мухафазах,gouvernorat
10514,provinces,землями,no_equality
10515,provinces,префектурах,no_equality
10516,provinces,останах,no_equality
10517,provinces,губерний,no_equality
10518,provinces,илах,no_equality
10519,moistening,увлажнение,humidification
10520,moistening,увлажняющий,no_equality
10521,affixation,постановка,fixation
10522,nesting,вложенность,no_equality
10523,nesting,вложение,no_equality
10524,nesting,гнездование,no_equality
10525,nesting,раскрой,no_equality
10526,nesting,скворечник,no_equality
10527,nesting,гнездящийся,no_equality
10528,nesting,вложенный,no_equality
10529,nesting,гнездовой,no_equality
10530,libraries,библиотек,bibliothèque
10531,libraries,библиотек,bibliothécaire
10532,libraries,библиотеки,bibliothèque
10533,libraries,библиотеки,librairie
10534,libraries,библиотеках,bibliothèque
10535,libraries,библиотеками,bibliothèque
10536,libraries,библиотекам,bibliothèque
10537,libraries,библиотечного дела,bibliothèque
10538,libraries,библиотечные,bibliothèque
10539,libraries,библиотечные,bibliothécaire
10540,libraries,библиотеки-депозитарии,no_equality
10541,libraries,библиотека,bibliothèque
10542,libraries,библиотека,librairie
10543,libraries,библиотеку,bibliothèque
10544,libraries,библиотеку,librairie
10545,outgrew,перерос,ai dépassé
10546,outgrew,переросла,ai dépassé
10547,outgrew,выросла из,no_equality
10548,disinterested,незаинтересованный,no_equality
10549,disinterested,бескорыстный,désintéressé
10550,disinterested,равнодушный,no_equality
10551,usually,обычно,généralement
10552,usually,обычно,habituellement
10553,usually,обычно,d'habitude
10554,usually,обычно,souvent
10555,usually,обычно,en général
10556,usually,обычно,normalement
10557,usually,обычно,ordinairement
10558,usually,обычно,toujours
10559,usually,обычно,en règle générale
10560,usually,обычно,couramment
10561,usually,обычно,en principe
10562,usually,обычно,usuellement
10563,usually,обычно,communément
10564,usually,как правило,généralement
10565,usually,как правило,habituellement
10566,usually,как правило,d'habitude
10567,usually,как правило,en général
10568,usually,как правило,normalement
10569,usually,как правило,en règle générale
10570,usually,как правило,en principe
10571,usually,всегда,souvent
10572,usually,всегда,toujours
10573,usually,чаще всего,généralement
10574,usually,часто,no_equality
10575,usually,основном,no_equality
10576,usually,зачастую,généralement
10577,usually,зачастую,souvent
10578,usually,зачастую,toujours
10579,usually,зачастую,plupart
10580,usually,большинстве случаев,généralement
10581,usually,вообще-то,normalement
10582,usually,бывает,souvent
10583,usually,обычной,no_equality
10584,usually,обычный,no_equality
10585,usually,редко,no_equality
10586,usually,традиционно,généralement
10587,usually,традиционно,habituellement
10588,Victorian,викторианский,victorien
10589,Victorian,штата виктория,no_equality
10590,Victorian,виктории,no_equality
10591,Victorian,викторианском стиле,style
10592,Victorian,по-викториански,no_equality
10593,Victorian,викторианской эпохи,victorien
10594,distastefully,неприятный,no_equality
10595,distastefully,неприятно,no_equality
10596,distastefully,противный,no_equality
10597,distastefully,отвратительным,no_equality
10598,distastefully,унизительно,no_equality
10599,distastefully,отвратительное,no_equality
10600,constancy,постоянство,constance
10601,constancy,констанция,constance
10602,constancy,констанций,no_equality
10603,placeholders,местозаполнителей,substituant
10604,placeholders,местозаполнителями,substituant
10605,placeholders,местозаполнители,no_equality
10606,placeholders,шаблоны,no_equality
10607,placeholders,метки-заполнители,marqueur
10608,placeholders,использованием меток-заполнителей,no_equality
10609,embarking,начала,no_equality
10610,embarking,вступаем,engageons
10611,embarking,вступаем,entamons
10612,embarking,вступая,no_equality
10613,embarking,приступили к осуществлению,no_equality
10614,embarking,приступают к осуществлению,no_equality
10615,embarking,встать,no_equality
10616,embarking,приступая к,no_equality
10617,embarking,приступаем к,no_equality
10618,embarking,вступает,entame
10619,bubonic,бубонная,bubonique
10620,bubonic,бубонной,bubonique
10621,bubonic,бубонной,peste
10622,bubonic,бубонную,bubonique
10623,bubonic,чумной,no_equality
10624,bubonic,чумного,no_equality
10625,defamation,диффамация,diffamation
10626,defamation,клевета,diffamation
10627,defamation,клевета,calomnie
10628,defamation,клевета,diffamatoire
10629,defamation,дискредитация,no_equality
10630,defamation,о клевете,no_equality
10631,defamation,оскорбление,dénigrement
10632,defamation,поношение,no_equality
10633,defamation,дефамации,no_equality
10634,defamation,распространение порочащих сведений,no_equality
10635,defamation,клеветнических,diffamation
10636,defamation,распространении порочащих сведений,no_equality
10637,whisper,шептать,chuchoter
10638,whisper,шептать,murmurer
10639,whisper,прошептать,chuchoter
10640,whisper,прошептать,murmurer
10641,whisper,шептаться,chuchoter
10642,whisper,шепот,murmure
10643,whisper,шепот,chuchotement
10644,whisper,шепотом,murmurer
10645,whisper,нашептывать,chuchoter
10646,whisper,слух,rumeur
10647,whisper,шепни,no_equality
10648,hear,слышать,no_equality
10649,hear,услышать,entendre
10650,hear,услышать,écouter
10651,hear,услышать,savoir
10652,hear,услышать,apprendre
10653,hear,услышать,connaître
10654,hear,услышать,entendre parler
10655,hear,услышать,avoir
10656,hear,услышать,entendre dire
10657,hear,послушать,entendre
10658,hear,послушать,écouter
10659,hear,послушать,savoir
10660,hear,послушать,voir
10661,hear,слушать,entendre
10662,hear,слушать,écouter
10663,hear,слушать,savoir
10664,hear,выслушать,entendre
10665,hear,выслушать,écouter
10666,hear,выслушать,connaître
10667,hear,узнать,entendre
10668,hear,узнать,savoir
10669,hear,узнать,apprendre
10670,hear,узнать,connaître
10671,hear,узнать,voir
10672,hear,узнать,avoir
10673,hear,знать,entendre
10674,hear,знать,savoir
10675,hear,знать,dire
10676,hear,знать,apprendre
10677,hear,знать,connaître
10678,hear,знать,voir
10679,hear,знать,courant
10680,hear,заслушать,entendre
10681,hear,заслушать,écouter
10682,hear,рассматривать,connaître
10683,hear,рассматривать,voir
10684,hear,расслышать,entendre
10685,hear,заслушивать,entendre
10686,hear,прослушать,écouter
10687,hear,слышно,no_equality
10688,hear,говорят,dire
10689,hear,узнавать,apprendre
10690,hear,узнавать,connaître
10691,hear,прослушивать,écouter
10692,hear,прослышать,no_equality
10693,hear,заслушиваться,no_equality
10694,interchanges,развязок,échangeur
10695,interchanges,взаимообменов,no_equality
10696,interchanges,обмены,no_equality
10697,interchanges,развязках,no_equality
10698,interchanges,обменов,no_equality
10699,interchanges,взаимообмены,no_equality
10700,interchanges,транспортные развязки,échangeur
10701,cheerily,весело,joyeusement
10702,formulates,формулирует,no_equality
10703,formulates,разрабатывает,formule
10704,formulates,разрабатывает,définit
10705,formulates,сформулированы,définit
10706,formulates,сформулированы,énonce
10707,formulates,вырабатывает,formule
10708,formulates,вырабатывает,élabore
10709,formulates,формулируется,no_equality
10710,formulates,занимается разработкой,no_equality
10711,formulates,готовит,élabore
10712,formulates,формулируются,no_equality
10713,jerks,придурки,con
10714,jerks,придурки,crétin
10715,jerks,придурки,abruti
10716,jerks,придурки,idiot
10717,jerks,придурки,imbécile
10718,jerks,придурки,connard
10719,jerks,придурки,salaud
10720,jerks,придурки,débile
10721,jerks,придурки,enfoiré
10722,jerks,придурков,con
10723,jerks,придурков,crétin
10724,jerks,придурков,abruti
10725,jerks,придурков,idiot
10726,jerks,придурков,imbécile
10727,jerks,придурков,connard
10728,jerks,придурков,salaud
10729,jerks,придурков,débile
10730,jerks,придурками,crétin
10731,jerks,придурками,abruti
10732,jerks,придурками,idiot
10733,jerks,придурками,imbécile
10734,jerks,придурками,connard
10735,jerks,придурками,enfoiré
10736,jerks,козлы,con
10737,jerks,козлы,crétin
10738,jerks,козлы,abruti
10739,jerks,козлы,connard
10740,jerks,козлы,salaud
10741,jerks,козлы,débile
10742,jerks,козлы,enfoiré
10743,jerks,уроды,con
10744,jerks,уроды,abruti
10745,jerks,уроды,connard
10746,jerks,уроды,salaud
10747,jerks,уроды,enfoiré
10748,jerks,уродов,no_equality
10749,jerks,придуркам,idiot
10750,jerks,придуркам,salaud
10751,jerks,сволочи,con
10752,jerks,сволочи,salaud
10753,jerks,засранцы,con
10754,jerks,засранцы,connard
10755,jerks,засранцы,salaud
10756,jerks,засранцы,enfoiré
10757,jerks,мудаки,con
10758,jerks,мудаки,abruti
10759,jerks,мудаки,connard
10760,jerks,мудаки,enfoiré
10761,jerks,козлов,con
10762,jerks,козлов,idiot
10763,jerks,козлов,connard
10764,jerks,козлов,enfoiré
10765,jerks,сопляки,crétin
10766,jerks,подонками,crétin
10767,jerks,идиоты,con
10768,jerks,идиоты,crétin
10769,jerks,идиоты,abruti
10770,jerks,идиоты,idiot
10771,jerks,идиоты,imbécile
10772,jerks,идиоты,débile
10773,mortalities,смертельный исход,no_equality
10774,hateful,ненавистный,haïssable
10775,hateful,отвратительный,odieux
10776,hateful,отвратительный,détestable
10777,hateful,злобная,no_equality
10778,hateful,полные ненависти,no_equality
10779,hateful,ненавистнические,no_equality
10780,hateful,ненавистнических,haine
10781,hateful,человеконенавистнические,no_equality
10782,hateful,злобные,no_equality
10783,hateful,мерзкая,no_equality
10784,hateful,отвратительно,odieux
10785,hateful,ненавистными,no_equality
10786,humbly,покорно,no_equality
10787,humbly,скромно,humblement
10788,humbly,скромно,modestement
10789,humbly,со смирением,humblement
10790,humbly,со смирением,avec humilité
10791,humbly,робко,humble
10792,cockatoos,какаду,cacatoès
10793,janitors,уборщиков,concierge
10794,janitors,уборщиков,agents d'entretien
10795,janitors,уборщики,concierge
10796,janitors,уборщиками,no_equality
10797,janitors,дворники,concierge
10798,janitors,дворников,no_equality
10799,janitors,уборщика,concierge
10800,janitors,сторожа,concierge
10801,janitors,уборщицы,concierge
10802,janitors,уборщицы,femmes de ménage
10803,janitors,швейцары,no_equality
10804,retaking,взятие обратно,no_equality
10805,retaking,повторного захвата,no_equality
10806,fairs,ярмарках,foire
10807,fairs,ярмарках,salon
10808,fairs,ярмарки,foire
10809,fairs,ярмарки,salon
10810,fairs,ярмарки,exposition
10811,fairs,ярмарки,festival
10812,fairs,ярмарок,foire
10813,fairs,ярмарок,salon
10814,fairs,выставок,no_equality
10815,fairs,выставках,foire
10816,fairs,выставках,salon
10817,fairs,выставках,exposition
10818,fairs,выставки,foire
10819,fairs,выставки,salon
10820,fairs,выставки,exposition
10821,fairs,выставках-ярмарках,foire
10822,fairs,выставках-ярмарках,salon
10823,fairs,выставках-ярмарках,exposition
10824,fairs,ярмарками,no_equality
10825,fairs,ярмаркам,no_equality
10826,formalities,формальности,formalité
10827,formalities,формальности,démarche
10828,formalities,формальностей,formalité
10829,formalities,формальностями,formalité
10830,formalities,процедур,no_equality
10831,formalities,формальностях,formalité
10832,formalities,оформления,formalité
10833,formalities,формальные процедуры,modalité
10834,formalities,формальные процедуры,procédure
10835,formalities,формальностям,formalité
10836,formalities,формальные требования,formalité
10837,formalities,формальные требования,conditions de forme
10838,formalities,формальных требований,formalité
10839,formalities,формальных требований,conditions de forme
10840,formalities,оформление,formalité
10841,formalities,процедуру,formalité
10842,formalities,процедуру,procédure
10843,ragtags,сброд,no_equality
10844,ragtags,разношерстная,no_equality
10845,ragtags,разношерстных,no_equality
10846,ragtags,регтег,no_equality
10847,tameable,график,no_equality
10848,tameable,графика,no_equality
10849,tameable,расписание,no_equality
10850,tameable,сроки,no_equality
10851,tameable,расписания,no_equality
10852,tameable,сроков,no_equality
10853,tameable,сроках,no_equality
10854,tameable,сроками,no_equality
10855,tameable,временные рамки,no_equality
10856,yachtsmen,яхтсменов,no_equality
10857,yachtsmen,яхтсмены,no_equality
10858,appraising,оценка,évaluation
10859,appraising,оценка,appréciation
10860,impregnation,пропитка,no_equality
10861,impregnation,оплодотворение,fécondation
10862,impregnation,беременность,no_equality
10863,impregnation,пропитывание,no_equality
10864,impregnation,насыщение,no_equality
10865,impregnation,зачатие,no_equality
10866,impregnation,пропитку,no_equality
10867,impregnation,импрегнирование,no_equality
10868,idleness,праздность,paresse
10869,idleness,простой,inactivité
10870,idleness,леность,no_equality
10871,idleness,бездействие,inactivité
10872,idleness,незанятость,no_equality
10873,idleness,тщетность,no_equality
10874,idleness,Гульба,no_equality
10875,pricking,укалывание,no_equality
10876,speak,говорить,parler
10877,speak,говорить,dire
10878,speak,говорить,discuter
10879,speak,поговорить,parler
10880,speak,поговорить,dire
10881,speak,поговорить,discuter
10882,speak,поговорить,entretenir
10883,speak,разговаривать,parler
10884,speak,разговаривать,dire
10885,speak,разговаривать,discuter
10886,speak,выступать,parler
10887,speak,выступать,intervenir
10888,speak,выступать,s'exprimer
10889,speak,выступать,s'adresser
10890,speak,сказать,parler
10891,speak,сказать,dire
10892,speak,выступить,parler
10893,speak,выступить,intervenir
10894,speak,выступить,s'exprimer
10895,speak,выступить,prendre la parole
10896,speak,выступить,prononcer
10897,speak,выступить,s'adresser
10898,speak,выступить,témoigner
10899,speak,высказаться,parler
10900,speak,высказаться,intervenir
10901,speak,высказаться,s'exprimer
10902,speak,высказаться,prendre la parole
10903,speak,высказаться,m'exprimer
10904,speak,рассказать,parler
10905,speak,рассказать,dire
10906,speak,переговорить,parler
10907,speak,переговорить,discuter
10908,speak,побеседовать,parler
10909,speak,побеседовать,discuter
10910,speak,побеседовать,s'entretenir
10911,speak,общаться,parler
10912,speak,общаться,discuter
10913,speak,общаться,s'entretenir
10914,speak,высказываться,s'exprimer
10915,speak,обратиться,parler
10916,speak,обратиться,s'adresser
10917,speak,выступления,no_equality
10918,speak,заговорит,no_equality
10919,barns,сараев,no_equality
10920,barns,амбарах,no_equality
10921,barns,амбары,grange
10922,barns,амбаров,no_equality
10923,barns,сараях,no_equality
10924,barns,сараи,no_equality
10925,barns,сарае,grange
10926,barns,сарае,étable
10927,barns,сарае,ferme
10928,barns,сарае,hangar
10929,barns,коровниками,no_equality
10930,rendering,оказание,prestation
10931,rendering,вынесение,no_equality
10932,rendering,предоставление,prestation
10933,rendering,предоставление,fourniture
10934,rendering,рендеринг,no_equality
10935,rendering,что делает,no_equality
10936,rendering,делая,rendant
10937,rendering,сделав,rendant
10938,rendering,результате чего,no_equality
10939,rendering,вследствие чего,no_equality
10940,rendering,rendering,no_equality
10941,undertake,провести,entreprendre
10942,undertake,провести,mener
10943,undertake,провести,effectuer
10944,undertake,провести,engager
10945,undertake,провести,réaliser
10946,undertake,проводить,entreprendre
10947,undertake,проводить,mener
10948,undertake,проводить,effectuer
10949,undertake,проводить,réaliser
10950,undertake,осуществлять,entreprendre
10951,undertake,осуществлять,prendre
10952,undertake,осуществлять,mener
10953,undertake,осуществлять,effectuer
10954,undertake,осуществлять,réaliser
10955,undertake,осуществлять,lancer
10956,undertake,осуществлять,s'acquitter
10957,undertake,осуществлять,exécuter
10958,undertake,осуществлять,exercer
10959,undertake,принять,entreprendre
10960,undertake,принять,prendre
10961,undertake,принять,mener
10962,undertake,предпринять,entreprendre
10963,undertake,предпринять,prendre
10964,undertake,предпринять,procéder
10965,undertake,предпринять,mener
10966,undertake,предпринять,effectuer
10967,undertake,предпринять,engager
10968,undertake,предпринять,lancer
10969,undertake,обязываться,no_equality
10970,undertake,осуществить,entreprendre
10971,undertake,осуществить,effectuer
10972,undertake,осуществить,réaliser
10973,undertake,осуществить,lancer
10974,undertake,осуществить,exécuter
10975,undertake,осуществить,exercer
10976,undertake,принимать,entreprendre
10977,undertake,принимать,prendre
10978,undertake,принимать,engager
10979,undertake,выполнять,réaliser
10980,undertake,выполнять,assumer
10981,undertake,выполнять,s'acquitter
10982,undertake,выполнять,exécuter
10983,undertake,выполнять,exercer
10984,undertake,предпринимать,entreprendre
10985,undertake,предпринимать,prendre
10986,undertake,предпринимать,mener
10987,undertake,предпринимать,engager
10988,undertake,заниматься,entreprendre
10989,undertake,заниматься,mener
10990,undertake,заниматься,exercer
10991,undertake,приступить,prendre
10992,undertake,приступить,procéder
10993,undertake,приступить,engager
10994,undertake,приступить,lancer
10995,undertake,заняться,entreprendre
10996,undertake,заняться,lancer
10997,undertake,обязаться,no_equality
10998,undertake,брать,prendre
10999,undertake,осуществления,no_equality
11000,undertake,проведения,no_equality
11001,undertake,браться,no_equality
11002,discharging,выполнение,exécution
11003,discharging,выполнение,accomplissement
11004,discharging,выполнении,exercice
11005,discharging,выполнении,exécution
11006,discharging,выполнении,accomplissement
11007,discharging,осуществлении,no_equality
11008,discharging,исполнении,exécution
11009,discharging,исполнении,accomplissement
11010,discharging,исполнении,s'acquitter
11011,discharging,выполнять,no_equality
11012,discharging,выполняет,s'acquitter
11013,discharging,выполняя,no_equality
11014,discharging,выполнить,no_equality
11015,discharging,выполняют,no_equality
11016,discharging,разряд,décharge
11017,discharging,разгрузки,déchargement
11018,discharging,разгрузки,déversement
11019,discharging,исполнения,exercice
11020,discharging,исполнения,exécution
11021,discharging,выгрузки,déchargement
11022,rejuvenated,обновленной,renouvelé
11023,rejuvenated,обновленная,no_equality
11024,rejuvenated,омолодил,no_equality
11025,rejuvenated,помолодевшим,no_equality
11026,rejuvenated,восстановился,no_equality
11027,rejuvenated,обновленную,no_equality
11028,raccoons,еноты,ratons laveurs
11029,raccoons,енотов,ratons laveurs
11030,raccoons,енотов,ratons-laveurs
11031,raccoons,енотов,raton laveur
11032,raccoons,енотами,ratons laveurs
11033,raccoons,енота,raton laveur
11034,procession,процессия,procession
11035,procession,процессия,cortège
11036,procession,шествие,procession
11037,procession,шествие,cortège
11038,procession,шествие,défilé
11039,procession,шествие,parade
11040,procession,вереница,no_equality
11041,procession,процессиях,no_equality
11042,procession,шествием,no_equality
11043,procession,демонстрации,manifestation
11044,skateboarding,скейтбординг,no_equality
11045,skateboarding,катание на скейтборде,no_equality
11046,skateboarding,скейтбординга,no_equality
11047,skateboarding,кататься на скейтборде,no_equality
11048,skateboarding,катался на скейте,no_equality
11049,skateboarding,скейтбординге,no_equality
11050,skateboarding,скейтбордингу,no_equality
11051,skateboarding,скейтбордингом,no_equality
11052,versifiers,наблюдателей,no_equality
11053,versifiers,контролеров,no_equality
11054,versifiers,проверяющими органами,no_equality
11055,versifiers,проверяющих,no_equality
11056,versifiers,контрольной миссии,no_equality
11057,versifiers,контролеры,no_equality
11058,versifiers,наблюдатели кмк,no_equality
11059,Huxleyan,хаксли,huxley
11060,wavelets,вейвлеты,no_equality
11061,sandwiches,сэндвичи,sandwich
11062,sandwiches,бутерброды,sandwich
11063,sandwiches,сэндвичей,sandwich
11064,sandwiches,сэндвичей,sandwicherie
11065,sandwiches,бутербродов,sandwich
11066,sandwiches,бутербродов,tartine
11067,sandwiches,сандвичи,sandwich
11068,sandwiches,сендвичи,sandwich
11069,sandwiches,бутербродами,sandwich
11070,sandwiches,сэндвичами,sandwich
11071,sandwiches,сэндвича,sandwich
11072,sandwiches,сандвичей,sandwich
11073,sandwiches,сендвичей,no_equality
11074,sandwiches,сэндвичах,sandwich
11075,sandwiches,бутерброда,sandwich
11076,sandwiches,бутеры,no_equality
11077,sandwiches,сандвичах,sandwich
11078,lows,падений,no_equality
11079,lows,спады,no_equality
11080,lows,низких уровней,bas
11081,lows,ломка,no_equality
11082,lows,низкому уровню,no_equality
11083,lows,падениями,no_equality
11084,lows,неудачами,bas
11085,lows,падения,bas
11086,lows,падения,baisse
11087,lows,рекордно низком уровне,bas
11088,lows,низкие,bas
11089,lows,низкие,baisse
11090,lows,рекордно низкого уровня,no_equality
11091,lows,взлеты,no_equality
11092,lows,минусы,no_equality
11093,lows,минимуму,no_equality
11094,lows,нижних,bas
11095,side-tracked,отвлекаться,no_equality
11096,splitters,сплиттеры,no_equality
11097,shoplifters,магазинных воров,no_equality
11098,shoplifters,магазинные воры,no_equality
11099,shoplifters,магазинными воришками,no_equality
11100,manifestos,манифесты,manifeste
11101,manifestos,манифестах,manifeste
11102,manifestos,манифестов,manifeste
11103,manifestos,программных документах,no_equality
11104,actually,на самом деле,en fait
11105,actually,на самом деле,effectivement
11106,actually,на самом деле,vraiment
11107,actually,на самом деле,réellement
11108,actually,на самом деле,en réalité
11109,actually,на самом деле,en effet
11110,actually,фактически,en fait
11111,actually,фактически,effectivement
11112,actually,фактически,réellement
11113,actually,фактически,en réalité
11114,actually,фактически,même
11115,actually,фактически,véritablement
11116,actually,фактически,en effet
11117,actually,фактически,ailleurs
11118,actually,фактически,de fait
11119,actually,действительно,en fait
11120,actually,действительно,effectivement
11121,actually,действительно,vraiment
11122,actually,действительно,réellement
11123,actually,действительно,bien
11124,actually,действительно,véritablement
11125,actually,действительно,en effet
11126,actually,вообще,en fait
11127,actually,вообще,vraiment
11128,actually,вообще,même
11129,actually,вообще,déjà
11130,actually,даже,même
11131,actually,даже,plutôt
11132,actually,даже,bien
11133,actually,реально,effectivement
11134,actually,реально,vraiment
11135,actually,реально,réellement
11136,actually,реально,véritablement
11137,actually,собственно,en fait
11138,actually,собственно,en effet
11139,actually,кстати,en fait
11140,actually,хотя,no_equality
11141,actually,вправду,vraiment
11142,actually,вправду,réellement
11143,actually,вправду,bien
11144,actually,вправду,en effet
11145,actually,честно говоря,en fait
11146,actually,честно говоря,en réalité
11147,actually,по правде говоря,en fait
11148,actually,по правде говоря,en réalité
11149,actually,вообще-то,en fait
11150,actually,вообще-то,vraiment
11151,actually,вообще-то,réellement
11152,actually,вообще-то,en réalité
11153,actually,вообще-то,plutôt
11154,actually,вообще-то,justement
11155,actually,вообще-то,vrai dire
11156,actually,правда,vraiment
11157,actually,действительности,no_equality
11158,actually,в действительности,en fait
11159,actually,в действительности,effectivement
11160,actually,в действительности,vraiment
11161,actually,в действительности,réellement
11162,actually,в действительности,en réalité
11163,actually,в действительности,véritablement
11164,actually,в действительности,en effet
11165,actually,в действительности,dans les faits
11166,actually,на самом же деле,en réalité
11167,follies,безумства,no_equality
11168,follies,безумии,folie
11169,follies,недальновидность,no_equality
11170,follies,фолли,no_equality
11171,follies,глупости,folie
11172,incessantly,постоянно,sans cesse
11173,incessantly,постоянно,sans arrêt
11174,incessantly,постоянно,constamment
11175,incessantly,постоянно,sans relâche
11176,incessantly,постоянно,continuellement
11177,incessantly,постоянно,toujours
11178,incessantly,постоянно,ne cesse
11179,incessantly,непрерывно,sans cesse
11180,incessantly,непрерывно,constamment
11181,incessantly,непрерывно,sans relâche
11182,incessantly,непрерывно,continuellement
11183,incessantly,непрерывно,ne cesse
11184,incessantly,беспрестанно,sans cesse
11185,incessantly,непрестанно,sans cesse
11186,incessantly,непрестанно,sans relâche
11187,incessantly,переставая,no_equality
11188,incessantly,непрерывную,no_equality
11189,priors,судимости,no_equality
11190,priors,приводы,antécédent
11191,priors,приводы,casier
11192,priors,приводов,no_equality
11193,priors,судимостей,antécédent
11194,priors,привода,no_equality
11195,priors,приводами,no_equality
11196,priors,судимостях,no_equality
11197,priors,судимостями,no_equality
11198,priors,привлекалась,no_equality
11199,priors,приоры,no_equality
11200,priors,приоров,no_equality
11201,priors,привлекался,no_equality
11202,beans,бобы,haricot
11203,beans,бобы,fève
11204,beans,бобы,grain
11205,beans,бобы,soja
11206,beans,фасоль,haricot
11207,beans,фасоль,fève
11208,beans,бобов,haricot
11209,beans,бобов,fève
11210,beans,бобов,graine
11211,beans,бобов,soja
11212,beans,фасоли,haricot
11213,beans,бобами,haricot
11214,beans,бобами,fève
11215,beans,фасолью,haricot
11216,beans,зерна,grain
11217,beans,зерен,grain
11218,beans,зерен,graine
11219,beans,бобовые,légumineuse
11220,beans,бобовых,no_equality
11221,beans,бобах,haricot
11222,beans,бобах,fève
11223,beans,какао-бобов,haricot
11224,beans,какао-бобов,fève
11225,beans,какао-бобов,graine
11226,beans,бобам,haricot
11227,beans,ѕобита,fève
11228,beans,бинс,beans
11229,crucifixions,распятиях,no_equality
11230,armadillos,"""броненосцы""",no_equality
11231,educators,пропагандисты,no_equality
11232,educators,деятели образования,éducation
11233,amine,амин,amine
11234,amine,адвоката-правозащитника амина,no_equality
11235,beckoning,манящий,no_equality
11236,beckoning,зовет,no_equality
11237,beckoning,манит,no_equality
11238,transformer,трансформатор,transformateur
11239,transformer,трансформер,transformer
11240,transformer,трансформаторный,no_equality
11241,transformer,трансформаторного,no_equality
11242,transformer,трансформаторных,no_equality
11243,transformer,трансформаторной,no_equality
11244,transformer,трансформаторные,transformateur
11245,transformer,трансформаторе,transformateur
11246,transformer,трансформера,no_equality
11247,transformer,трансформаторная,no_equality
11248,transformer,преобразователя,no_equality
11249,razings,рейтинги,audimat
11250,razings,оценки,notation
11251,razings,оценки,évaluation
11252,razings,оценки,estimation
11253,razings,оценки,appréciation
11254,razings,оценок,notation
11255,razings,оценок,note
11256,razings,оценок,évaluation
11257,razings,оценок,estimation
11258,razings,оценок,appréciation
11259,razings,рейтинг,cote
11260,razings,рейтинг,classement
11261,razings,рейтингов,notation
11262,razings,рейтингов,note
11263,razings,рейтингов,audience
11264,razings,рейтинга,notation
11265,razings,рейтингах,no_equality
11266,razings,оценку,note
11267,razings,оценку,évaluation
11268,razings,оценку,estimation
11269,razings,оценку,appréciation
11270,razings,рейтингами,no_equality
11271,razings,показатели,taux
11272,razings,рейтингом,classement
11273,razings,рейтинговые,no_equality
11274,razings,рейтингам,no_equality
11275,razings,оценках,note
11276,razings,оценках,évaluation
11277,razings,оценках,estimation
11278,razings,ratings,no_equality
11279,logic,логика,logique
11280,logic,логика,raisonnement
11281,logic,логический,logique
11282,logic,логический,logiquement
11283,logic,логично,logique
11284,logic,логичность,logique
11285,logic,логичным,logique
11286,logic,доводы,logique
11287,logic,доводы,raisonnement
11288,logic,лоджик,logic
11289,logic,logic,no_equality
11290,counters,счетчиков,compteur
11291,counters,счетчики,compteur
11292,counters,стойки,no_equality
11293,counters,жетонами,jeton
11294,counters,противодействует,s'oppose
11295,counters,прилавки,no_equality
11296,counters,счетчиками,no_equality
11297,counters,столы,no_equality
11298,counters,системы мониторинга,no_equality
11299,counters,датчики,no_equality
11300,counters,противостоит,no_equality
11301,counters,фишки,jeton
11302,counters,датчиков,no_equality
11303,counters,кассах,no_equality
11304,counters,стоек,no_equality
11305,reciprocality,взаимность,réciprocité
11306,reciprocality,обоюдность,no_equality
11307,reciprocality,взаимовыгодность,no_equality
11308,reciprocality,взаимной основе,no_equality
11309,reciprocality,взаимодействия,no_equality
11310,reciprocality,взаимопомощи,réciprocité
11311,reciprocality,обратимости,réciprocité
11312,reciprocality,взаимовыручки,no_equality
11313,reciprocality,взаимного обмена,no_equality
11314,reciprocality,взаимного содействия,no_equality
11315,reciprocality,взаимного,réciprocité
11316,fens,болот,marais
11317,fens,болот,marécage
11318,fens,болота,marais
11319,fens,болота,marécage
11320,fens,низинные торфяники,no_equality
11321,christening,крестины,baptême
11322,christening,крещение,baptême
11323,christening,крестить,no_equality
11324,Cuba,куба,cubain
11325,Cuba,куба,cuba
11326,Cuba,куба,havane
11327,Cuba,кубы,cubain
11328,Cuba,кубы,cuba
11329,Cuba,кубы,blocus
11330,Cuba,кубе,cubain
11331,Cuba,кубе,cuba
11332,Cuba,кубой,cuba
11333,Cuba,кубу,cuba
11334,Cuba,кубинским,cubain
11335,Cuba,кубинского,cubain
11336,Cuba,кубинского,cuba
11337,Cuba,кубинской,cubain
11338,Cuba,кубинской,cuba
11339,Cuba,стране,pays
11340,Cuba,страны,pays
11341,Cuba,кубинских,cubain
11342,Cuba,кубинских,cuba
11343,Cuba,кубинские,cubain
11344,Cuba,кубинские,cuba
11345,Cuba,кубинский,no_equality
11346,Cuba,блокады,blocus
11347,Cuba,кубинскому,cubain
11348,ratiocination,умозаключение,raisonnement
11349,blowholes,выдуватели,no_equality
11350,disconsolate,безутешный,no_equality
11351,disconsolate,печальный,no_equality
11352,disconsolate,мрачный,no_equality
11353,bullocks,бычков,no_equality
11354,reversibility,обратимость,réversibilité
11355,reversibility,реверсивного режима,no_equality
11356,breezily,весело,no_equality
11357,depletes,истощает,no_equality
11358,depletes,приводит к истощению,épuise
11359,depletes,сокращает,no_equality
11360,pompousness,напыщенность,no_equality
11361,intransigent,непримиримый,no_equality
11362,intransigent,непреклонным,no_equality
11363,intransigent,непреклонной,intransigeant
11364,intransigent,непреклонной,intransigeance
11365,intransigent,непреклонная,no_equality
11366,intransigent,компромиссы,no_equality
11367,intransigent,неуступчивой,intransigeance
11368,intransigent,неуступчивая,no_equality
11369,intransigent,непримиримость,no_equality
11370,intransigent,непримиримое,no_equality
11371,intransigent,бескомпромиссном,no_equality
11372,fanatics,фанатиков,fanatique
11373,fanatics,фанатики,fanatique
11374,fanatics,фанатиками,fanatique
11375,fanatics,фанатикам,no_equality
11376,trays,подносы,plateau
11377,trays,лотки,no_equality
11378,trays,подносов,plateau
11379,trays,подносах,plateau
11380,trays,поддонах,no_equality
11381,trays,контейнеры,no_equality
11382,trays,подноса,no_equality
11383,trays,лотков,no_equality
11384,trays,баках,bac
11385,trays,тарелок,no_equality
11386,trays,решетки,no_equality
11387,trays,подносами,no_equality
11388,trays,поддонов,no_equality
11389,trays,поддоны для пожара пролива,bac
11390,trays,льда,no_equality
11391,beaten,избили,agressé
11392,beaten,избивали,no_equality
11393,beaten,избит,agressé
11394,beaten,избиты,frappé
11395,beaten,избиты,agressé
11396,beaten,били,frappé
11397,beaten,избиениям,no_equality
11398,beaten,побои,frappé
11399,beaten,избивают,no_equality
11400,beaten,избита,battu
11401,beaten,избиению,no_equality
11402,beaten,избил,no_equality
11403,beaten,избиение,no_equality
11404,beaten,избиения,no_equality
11405,beaten,забили,no_equality
11406,beaten,бьют,no_equality
11407,hymns,гимны,hymne
11408,hymns,гимны,cantique
11409,hymns,гимнов,hymne
11410,hymns,гимнов,cantique
11411,hymns,гимнов,chant
11412,hymns,псалмы,no_equality
11413,hymns,псалмов,no_equality
11414,hymns,гимн,hymne
11415,hymns,гимн,cantique
11416,hymns,хвалу,no_equality
11417,hymns,песнопений,no_equality
11418,stammer,запинаться,no_equality
11419,stammer,заикаешься,no_equality
11420,stammer,заиканием,bégaiement
11421,stammer,заикался,no_equality
11422,stammer,заикаетесь,no_equality
11423,motivations,мотивы,motivation
11424,motivations,мотивов,motif
11425,motivations,мотивов,mobile
11426,motivations,мотивации,motivation
11427,motivations,мотивами,motivation
11428,motivations,мотивами,raison
11429,motivations,мотивами,mobile
11430,motivations,мотивацию,motivation
11431,motivations,мотивация,motivation
11432,motivations,мотивах,no_equality
11433,motivations,мотивам,motivation
11434,motivations,почве,no_equality
11435,motivations,соображений,motif
11436,motivations,соображений,raison
11437,alternatively,с другой стороны,par ailleurs
11438,alternatively,с другой стороны,par contre
11439,alternatively,или же,no_equality
11440,alternatively,альтернативно,alternativement
11441,alternatively,в ином случае,autrement
11442,alternatively,в ином случае,à défaut
11443,alternatively,в качестве альтернативы,à défaut
11444,alternatively,качестве альтернативного варианта,no_equality
11445,alternatively,в противном случае,sinon
11446,alternatively,в противном случае,autrement
11447,alternatively,в противном случае,à défaut
11448,alternatively,как вариант,no_equality
11449,alternatively,в качестве варианта,no_equality
11450,alternatively,кроме того,aussi
11451,alternatively,кроме того,par ailleurs
11452,alternatively,кроме того,autre part
11453,alternatively,и наоборот,par contre
11454,alternatively,поочередно,no_equality
11455,alternatively,в порядке альтернативы,no_equality
11456,alternatively,в других случаях,no_equality
11457,alternatively,и напротив,par contre
11458,falseness,ложность,no_equality
11459,falseness,фальшь,fausseté
11460,falseness,поддельность,no_equality
11461,conceivably,предположительно,vraisemblablement
11462,conceivably,теоретически,en théorie
11463,conceivably,теоретически,théoriquement
11464,conceivably,идее,no_equality
11465,conceivably,потенциально может,no_equality
11466,excitable,возбудимый,no_equality
11467,excitable,впечатлительный,no_equality
11468,excitable,легковозбудимый,no_equality
11469,blending,смешивание,mélange
11470,blending,смешение,mélange
11471,blending,смешение,métissage
11472,blending,сочетаются,no_equality
11473,blending,смешались,no_equality
11474,blending,сочетания,mélange
11475,blending,сочетания,combinaison
11476,blending,смешивая,mélange
11477,blending,смешаться,no_equality
11478,blending,слияния,fusion
11479,blending,сочетание,mélange
11480,blending,сочетание,combinaison
11481,blending,сочетать,no_equality
11482,birthed,родила,a accouché
11483,birthed,родила,ai accouché
11484,birthed,породил,no_equality
11485,birthed,рожала,a accouché
11486,birthed,рожала,ai accouché
11487,brackets,скобки,crochet
11488,brackets,скобки,parenthèse
11489,brackets,скобках,parenthèse
11490,brackets,скобками,no_equality
11491,brackets,кронштейнов,no_equality
11492,brackets,кронштейны,no_equality
11493,brackets,кронштейнах,no_equality
11494,brackets,скоб,no_equality
11495,brackets,группах,no_equality
11496,brackets,доходами,no_equality
11497,brackets,уровнем,no_equality
11498,chambering,прострел,no_equality
11499,speeches,речи,discours
11500,speeches,речи,allocution
11501,speeches,речи,déclaration
11502,speeches,речи,parole
11503,speeches,выступлений,discours
11504,speeches,выступлений,intervention
11505,speeches,выступлений,déclaration
11506,speeches,выступлений,parole
11507,speeches,выступлений,exposé
11508,speeches,выступлений,conférence
11509,speeches,выступления,no_equality
11510,speeches,речей,discours
11511,speeches,речей,allocution
11512,speeches,выступлениях,discours
11513,speeches,выступлениях,intervention
11514,speeches,выступлениях,déclaration
11515,speeches,выступлениях,parole
11516,speeches,речами,discours
11517,speeches,речах,discours
11518,speeches,заявлениями,discours
11519,speeches,заявлениями,intervention
11520,speeches,заявлениями,déclaration
11521,speeches,заявлениями,parole
11522,speeches,заявлениями,exposé
11523,speeches,заявлениями,prononcé
11524,speeches,выступлениями,no_equality
11525,speeches,речь,discours
11526,speeches,речь,parole
11527,speeches,речь,propos
11528,speeches,докладами,exposé
11529,speeches,выступлениям,no_equality
11530,speeches,заявлений,discours
11531,speeches,заявлений,intervention
11532,speeches,заявлений,déclaration
11533,speeches,заявлений,exposé
11534,speeches,высказываний,discours
11535,speeches,речам,no_equality
11536,stupefaction,изумление,no_equality
11537,hypodermiss,подкожный,no_equality
11538,hypodermiss,укол,no_equality
11539,hypodermiss,для инъекций,no_equality
11540,hypodermiss,инъекционной,no_equality
11541,hypodermiss,шприцов,no_equality
11542,hypodermiss,шприц для подкожных инъекций,hypodermique
11543,tuners,tuners,no_equality
11544,tuners,тюнеров,no_equality
11545,tuners,взялись,no_equality
11546,deputizes,замещает,remplace
11547,boors,грубые люди,no_equality
11548,SE,се,no_equality
11549,SE,сэ,no_equality
11550,SE,se,no_equality
11551,SE,чистом виде,no_equality
11552,SE,непосредственно,no_equality
11553,SE,самих,no_equality
11554,SE,юго-восточной,no_equality
11555,SE,сеньор,no_equality
11556,unscrupulously,беззастенчиво,no_equality
11557,unscrupulously,бессовестно,no_equality
11558,melancholia,меланхолия,mélancolie
11559,clenches,сжимает,serre
11560,frankness,откровенность,franchise
11561,frankness,откровенность,sincérité
11562,frankness,откровенность,honnêteté
11563,frankness,искренность,franchise
11564,frankness,искренность,sincérité
11565,frankness,искренность,honnêteté
11566,frankness,прямота,no_equality
11567,frankness,откровенный характер,franchise
11568,frankness,откровенный характер,sincérité
11569,frankness,открытости,no_equality
11570,frankness,открытость,franchise
11571,frankness,откровенное,no_equality
11572,molesters,насильников,no_equality
11573,molesters,педофилов,pédophile
11574,molesters,растлители,no_equality
11575,molesters,насильники,no_equality
11576,molesters,растлителей малолетних,no_equality
11577,molesters,растлителями малолетних,no_equality
11578,molesters,педофилы,no_equality
11579,molesters,педофилами,pédophile
11580,prefectural,префектуры,no_equality
11581,prefectural,префектурных,no_equality
11582,prefectural,при префектурах,no_equality
11583,prefectural,префектурные,no_equality
11584,prefectural,уровне префектур,préfectoral
11585,prefectural,уровне префектур,préfecture
11586,prefectural,постановления префекта,no_equality
11587,prefectural,префектурной,no_equality
11588,prefectural,префектура,no_equality
11589,prefectural,префектов,no_equality
11590,prefectural,префектурными,no_equality
11591,prefectural,префектурном,no_equality
11592,prefectural,окружного,no_equality
11593,prefectural,префектурного управления,no_equality
11594,tectonic,тектонический,tectonique
11595,tectonic,тектоническим,no_equality
11596,tectonic,тектоническая,no_equality
11597,tectonic,тектоническом,no_equality
11598,tectonic,тектоники плит,no_equality
11599,lancing,лансинг,lancing
11600,reran,перепроверил,no_equality
11601,clarinetist,кларнетист,clarinettiste
11602,bombardments,бомбардировок,bombardement
11603,bombardments,бомбардировках,bombardement
11604,bombardments,обстрелов,no_equality
11605,bombardments,бомбардировки,bombardement
11606,bombardments,бомбардировкам,bombardé
11607,bombardments,артиллерийскими обстрелами,bombardement
11608,bombardments,обстрелы,bombardement
11609,bombardments,бомбардировками,bombardement
11610,shirker,прогульщик,no_equality
11611,shirker,уклоняющийся от работы,no_equality
11612,wining,вина,no_equality
11613,stunts,трюки,cascade
11614,stunts,трюки,tour
11615,stunts,трюков,cascade
11616,stunts,трюков,acrobatie
11617,stunts,трюками,cascade
11618,stunts,трюками,tour
11619,stunts,тормозит,no_equality
11620,stunts,трюках,tour
11621,demonize,демонизировать,diaboliser
11622,demonize,очернить,no_equality
11623,demonize,демонизации,diaboliser
11624,demonize,демонизируют,no_equality
11625,demonize,клеветы,no_equality
11626,demonize,очернения,no_equality
11627,demonize,очернение,no_equality
11628,demonize,демонизирующие,no_equality
11629,commandeering,присваивание,no_equality
11630,commandeering,реквизирую,réquisitionne
11631,commandeering,забираю,réquisitionne
11632,commandeering,конфискую,no_equality
11633,commandeering,реквизируем,no_equality
11634,operationally,оперативном плане,no_equality
11635,operationally,оперативном отношении,no_equality
11636,operationally,оперативно,no_equality
11637,operationally,функционально,fonctionnellement
11638,operationally,оперативную,no_equality
11639,operationally,с оперативной точки зрения,sur le plan opérationnel
11640,operationally,с оперативной точек зрения,opération
11641,operationally,операционно,no_equality
11642,operationally,с точки зрения оперативной деятельности,no_equality
11643,operationally,оперативная деятельность по которым,no_equality
11644,operationally,оперативном уровне,no_equality
11645,operationally,оперативные,no_equality
11646,operationally,оперативных,no_equality
11647,title,название,titre
11648,title,название,intitulé
11649,title,название,nom
11650,title,название,appellation
11651,title,название,dénomination
11652,title,название,désignation
11653,title,титул,titre
11654,title,титул,championnat
11655,title,заголовок,titre
11656,title,заголовок,intitulé
11657,title,названия,titre
11658,title,названия,intitulé
11659,title,названия,nom
11660,title,названия,appellation
11661,title,названия,dénomination
11662,title,названия,légende
11663,title,раздел,titre
11664,title,звание,titre
11665,title,должность,titre
11666,title,должность,fonction
11667,title,права собственности,no_equality
11668,title,называться,no_equality
11669,title,правового титула,no_equality
11670,title,право собственности,propriété
11671,title,заглавие,titre
11672,title,заглавие,intitulé
11673,title,наименование,titre
11674,title,наименование,nom
11675,title,наименование,appellation
11676,title,наименование,dénomination
11677,title,наименование,désignation
11678,title,прав собственности,no_equality
11679,title,правовых титулов,no_equality
11680,title,титульный,no_equality
11681,title,титульный лист,no_equality
11682,title,звание чемпиона,championnat
11683,tubs,ванны,bac
11684,tubs,легавый,pansu
11685,tubs,толстяк,no_equality
11686,tubs,ванн,no_equality
11687,booking,бронирование,réservation
11688,booking,бронирование,réserver
11689,booking,заказ,réservation
11690,booking,резервирование,réservation
11691,booking,резервирование,réserver
11692,booking,бронь,no_equality
11693,booking,заказы,réservation
11694,booking,регистрация,inscription
11695,booking,букинг,no_equality
11696,booking,заказ билетов,réservation
11697,booking,резервирование мест,réservation
11698,booking,резервирование мест,réserver
11699,booking,забронировать,no_equality
11700,booking,брони,réservation
11701,booking,оформления,enregistrement
11702,hated,ненавидимый,no_equality
11703,hated,ненавистный,détesté
11704,overlying,покрывающий,no_equality
11705,overlying,облегающие,no_equality
11706,overlying,обволакивающие их,no_equality
11707,overlying,покрывающая их,no_equality
11708,discordantly,нестройно,no_equality
11709,vouchers,ваучеров,bon
11710,vouchers,ваучеров,bordereau
11711,vouchers,ваучеров,coupon
11712,vouchers,ваучеры,bordereau
11713,vouchers,авизо,no_equality
11714,vouchers,талонов,no_equality
11715,vouchers,отрывных листков,volet
11716,vouchers,отрывных листках,volet
11717,vouchers,талоны,coupon
11718,vouchers,талоны,ticket
11719,vouchers,купоны,coupon
11720,vouchers,купоны,ticket
11721,vouchers,расписки,reçu
11722,vouchers,расписки,récépissé
11723,vouchers,ваучерах,no_equality
11724,vouchers,ордеров,bordereau
11725,vouchers,расписок,reçu
11726,vouchers,расписок,récépissé
11727,vouchers,путевок,no_equality
11728,vouchers,ваучерами,no_equality
11729,vouchers,квитанции,ticket
11730,vouchers,квитанции,justificatif
11731,vouchers,квитанции,reçu
11732,vouchers,квитанции,récépissé
11733,vouchers,квитанции,encaissement
11734,annihilator,истребитель,exterminateur
11735,annihilator,аннигилятор,no_equality
11736,unify,объединить,unifier
11737,unify,объединить,unir
11738,unify,объединить,réunir
11739,unify,объединить,regrouper
11740,unify,унифицировать,unifier
11741,unify,унифицировать,uniformiser
11742,unify,унифицировать,harmoniser
11743,unify,унификации,no_equality
11744,unify,объединения,no_equality
11745,unify,объединять,unifier
11746,unify,объединять,unir
11747,unify,объединять,réunir
11748,unify,объединять,fédérer
11749,unify,объединять,regrouper
11750,unify,сплотить,unifier
11751,unify,сплотить,unir
11752,unify,сплотить,réunir
11753,unify,объединятся,no_equality
11754,unify,объединение,no_equality
11755,asthenic,астенический,asthénique
11756,corruptive,коррупционной,corrompues
11757,corruptive,коррупционной,corruption
11758,corruptive,коррупционные,corruption
11759,fuzes,взрывателей,dispositifs de mise à feu
11760,fuzes,взрывателей,détonateur
11761,fuzes,взрыватели,allumeur
11762,fuzes,взрыватели,détonateur
11763,fuzes,взрывателями,dispositifs de mise à feu
11764,fuzes,взрывателями,allumeur
11765,fuzes,взрывателям,no_equality
11766,fuzes,взрывателях,no_equality
11767,fuzes,взрывательную,no_equality
11768,XXES,осей,no_equality
11769,XXES,оси,no_equality
11770,XXES,топоры,no_equality
11771,XXES,осям,no_equality
11772,XXES,направлениям,no_equality
11773,XXES,топорами,no_equality
11774,XXES,направлений,no_equality
11775,XXES,направлениях,no_equality
11776,XXES,осями,no_equality
11777,XXES,топоров,no_equality
11778,XXES,осях,no_equality
11779,XXES,маршрутов,no_equality
11780,XXES,топора,no_equality
11781,XXES,маршрутах,no_equality
11782,kidding,ребячество,no_equality
11783,reunite,воссоединиться,retrouver
11784,reunite,воссоединиться,se réunir
11785,reunite,воссоединиться,rejoindre
11786,reunite,воссоединиться,reformer
11787,reunite,воссоединить,réunir
11788,reunite,воссоединить,réunifier
11789,reunite,воссоединения,no_equality
11790,reunite,воссоединению,no_equality
11791,reunite,объединить,réunir
11792,reunite,объединить,regrouper
11793,reunite,воссоединяются,no_equality
11794,reunite,воссоединение,no_equality
11795,eonian,ионического,ionien
11796,eonian,ионических,no_equality
11797,eonian,ионическом,no_equality
11798,eonian,ионическое,no_equality
11799,eonian,адриатико-ионической,no_equality
11800,eonian,ионическим,no_equality
11801,eonian,ионийского,no_equality
11802,eonian,ионийской,no_equality
11803,refitted,переоборудованы,no_equality
11804,standards,нормы,no_equality
11805,standards,стандартизованный,no_equality
11806,oscillations,колебаний,fluctuation
11807,oscillations,колебаний,variation
11808,oscillations,колебания,fluctuation
11809,oscillations,колебания,variation
11810,oscillations,колебательных процессов,no_equality
11811,oscillations,колебаниями,fluctuation
11812,oscillations,колебаниями,variation
11813,frustration,фрустрация,no_equality
11814,frustration,расстройство,frustration
11815,frustration,срыв,no_equality
11816,frustration,чувство разочарования,frustration
11817,frustration,чувство разочарования,mécontentement
11818,frustration,недовольство,frustration
11819,frustration,недовольство,mécontentement
11820,frustration,недовольство,insatisfaction
11821,frustration,отчаяние,frustration
11822,frustration,отчаяние,découragement
11823,frustration,крушение надежд,no_equality
11824,frustration,растерянность,no_equality
11825,frustration,тщетность,no_equality
11826,devourer,пожиратель,dévoreur
11827,devourer,поглотитель,no_equality
11828,fizz,шампанское,champagne
11829,fizz,шипение,no_equality
11830,fizz,проявлять волнение,no_equality
11831,fizz,шипеть,no_equality
11832,fizz,физз,no_equality
11833,fizz,расщепляющегося,no_equality
11834,fizz,тоником,no_equality
11835,fizz,плюх,no_equality
11836,fizz,шипучке,no_equality
11837,fizz,"баксфизз""",no_equality
11838,scandalousness,скандальность,no_equality
11839,infinities,бесконечности,infinité
11840,infinities,бесконечности,infini
11841,infinities,бесконечностей,no_equality
11842,Duns,данс,no_equality
11843,discontinue,прекращать,cesser
11844,discontinue,прекращать,interrompre
11845,discontinue,прекращать,mettre fin
11846,discontinue,прекращать,abandonner
11847,discontinue,прекращать,suspendre
11848,discontinue,прекращать,mettre un terme
11849,discontinue,прекращать,renoncer
11850,discontinue,прекращать,annuler
11851,discontinue,прекращать,résilier
11852,discontinue,прерывать,no_equality
11853,discontinue,приостанавливать,arrêter
11854,discontinue,приостанавливать,suspendre
11855,discontinue,упразднить,supprimer
11856,discontinue,прекращение,no_equality
11857,beeps,пищит,sonne
11858,beeps,гудки,no_equality
11859,beeps,писк,no_equality
11860,beeps,запищит,no_equality
11861,beeps,звуковые сигналы,signaux sonores
11862,beeps,сигналах,no_equality
11863,beeps,гудков,no_equality
11864,beeps,пикает,no_equality
11865,beeps,бип,no_equality
11866,beeps,подает звуковой сигнал,no_equality
11867,beeps,сигналов,no_equality
11868,beeps,сигналу,no_equality
11869,incriminated,инкриминируемых,no_equality
11870,incriminated,инкриминируемые,no_equality
11871,incriminated,инкриминируется,no_equality
11872,incriminated,инкриминируемого,incriminé
11873,incriminated,инкриминировать,no_equality
11874,incriminated,оговорили,no_equality
11875,incriminated,изобличает,no_equality
11876,incriminated,инкриминировала,no_equality
11877,incriminated,обличил,no_equality
11878,dourly,почасовой,no_equality
11879,dourly,часовой,horaire
11880,dourly,ежечасно,toutes les heures
11881,dourly,почасовая оплата,no_equality
11882,dourly,почасовая ставка,no_equality
11883,dourly,ежечасный,horaire
11884,dourly,каждый час,toutes les heures
11885,dourly,почасовом,no_equality
11886,dourly,ежечасные,no_equality
11887,additive,добавка,additif
11888,additive,добавка,complément
11889,additive,добавка,supplément
11890,additive,добавление,additif
11891,additive,добавление,addition
11892,additive,добавление,supplément
11893,additive,добавление,ajout
11894,additive,наполнитель,no_equality
11895,additive,аддитивный,no_equality
11896,additive,присадочный,no_equality
11897,simulates,имитирует,simule
11898,simulates,имитирует,imite
11899,simulates,симулирует,simule
11900,simulates,имитируется,simule
11901,simulates,моделирует,no_equality
11902,simulates,имитирующий,no_equality
11903,emphasizing,подчеркивая,faisant valoir
11904,emphasizing,подчеркнув,souligner
11905,emphasizing,подчеркнув,souligné
11906,emphasizing,подчеркнув,en mettant l'accent sur
11907,emphasizing,подчеркнув,insisté sur
11908,emphasizing,подчеркнув,faisant valoir
11909,emphasizing,подчеркнуть,souligner
11910,emphasizing,подчеркнуть,insister sur
11911,emphasizing,особо отмечая,souligner
11912,emphasizing,подчеркивает,soulignant
11913,emphasizing,подчеркивает,insister sur
11914,emphasizing,подчеркнул,soulignant
11915,emphasizing,обращая особое внимание,no_equality
11916,emphasizing,делая упор,no_equality
11917,emphasizing,подчеркнула,soulignant
11918,emphasizing,уделяя особое внимание,en mettant l'accent sur
11919,emphasizing,уделяя особое внимание,en privilégiant
11920,emphasizing,подчеркнули,soulignant
11921,emphasizing,упором на,no_equality
11922,emphasizing,подчеркивание,no_equality
11923,emphasizing,подчеркивали,souligner
11924,emphasizing,которых подчеркивается,no_equality
11925,emphasizing,выделение,no_equality
11926,emasculate,кастрировать,no_equality
11927,leafs,Лифс,no_equality
11928,hiluses,домов,no_equality
11929,hiluses,домах,maison
11930,hiluses,жилья,logement
11931,hiluses,домами,maison
11932,hiluses,домам,maison
11933,hiluses,домам,foyer
11934,hiluses,дом,maison
11935,hiluses,дом,demeure
11936,hiluses,палаты,chambre
11937,hiluses,зданий,maison
11938,hiluses,зданий,logement
11939,hiluses,палатах,chambre
11940,hiluses,жилищ,habitation
11941,hiluses,жилищ,logement
11942,hiluses,жилищ,foyer
11943,hiluses,жилищ,résidence
11944,hiluses,жилье,maison
11945,hiluses,жилье,habitation
11946,hiluses,жилье,logement
11947,hiluses,жилье,résidence
11948,hiluses,палатами,chambre
11949,hiluses,центров,foyer
11950,hiluses,здания,no_equality
11951,hiluses,домики,maison
11952,exiling,ссылка,no_equality
11953,irreversibility,необратимость,irréversibilité
11954,irreversibility,необратимость,caractère irréversible
11955,derailing,срыв,faire échouer
11956,derailing,сорвать,no_equality
11957,derailing,подорвать,no_equality
11958,derailing,подрывая,no_equality
11959,singularities,сингулярностей,no_equality
11960,singularities,сингулярностями,no_equality
11961,interfaces,интерфейсов,interface
11962,interfaces,интерфейсы,interface
11963,interfaces,интерфейсами,interface
11964,interfaces,интерфейсах,no_equality
11965,interfaces,интерфейса,interface
11966,interfaces,интерфейс,interface
11967,interfaces,взаимодействие,interaction
11968,interfaces,интерфейсам,interface
11969,interfaces,взаимодействует,no_equality
11970,interfaces,interfaces,no_equality
11971,interfaces,научно-политического взаимодействия,no_equality
11972,interfaces,взаимосвязи,interaction
11973,fronting,выходящий,no_equality
11974,Masonry,каменщик,maçonnerie
11975,Masonry,каменщик,maçon
11976,Masonry,каменных,no_equality
11977,Masonry,кладка,maçonnerie
11978,Masonry,кирпичная кладка,maçonnerie
11979,Masonry,кирпичной кладки,no_equality
11980,Masonry,каменная кладка,maçonnerie
11981,Masonry,кирпича,no_equality
11982,Masonry,каменные,no_equality
11983,Masonry,конструкций,no_equality
11984,Masonry,строительных,no_equality
11985,Masonry,методу ограниченной каменной кладки,no_equality
11986,misconceived,заблуждению,no_equality
11987,misconceived,ошибочная,erronée
11988,misconceived,неправильно понята,no_equality
11989,criminalizes,предусматривает уголовную ответственность за,criminalise
11990,criminalizes,предусматривает уголовную ответственность за,incrimine
11991,criminalizes,криминализирует,criminalise
11992,criminalizes,устанавливает уголовную ответственность за,criminalise
11993,criminalizes,устанавливает уголовную ответственность за,réprime
11994,criminalizes,устанавливает уголовную ответственность за,sanctionne
11995,criminalizes,устанавливает уголовную ответственность за,punit
11996,criminalizes,предусматривается уголовная ответственность за,criminalise
11997,criminalizes,предусматривается уголовная ответственность за,réprime
11998,criminalizes,предусмотрена уголовная ответственность за,incrimine
11999,criminalizes,предусмотрена уголовная ответственность за,réprime
12000,criminalizes,предусматривает уголовное наказание за,réprime
12001,criminalizes,вводит уголовную ответственность за,no_equality
12002,criminalizes,квалифицирует как преступление,criminalise
12003,criminalizes,квалифицирует как преступление,pénalise
12004,criminalizes,предусмотрено уголовное наказание за,no_equality
12005,criminalizes,предусмотрено наказание за,réprime
12006,criminalizes,предусмотрено наказание за,sanctionne
12007,criminalizes,предусмотрено наказание за,punit
12008,criminalizes,криминализуется,no_equality
12009,criminalizes,криминализирующее,no_equality
12010,criminalizes,установлена уголовная ответственность за,réprime
12011,criminalizes,устанавливается уголовная ответственность за,no_equality
12012,disowning,отрицание,no_equality
12013,disowning,отрекаюсь от,no_equality
12014,scrapings,соскобы,no_equality
12015,scrapings,соскоб,no_equality
12016,bullies,хулиганов,brute
12017,bullies,хулиганов,tyran
12018,bullies,хулиганов,voyou
12019,bullies,хулиганы,brute
12020,bullies,хулиганы,voyou
12021,bullies,задир,brute
12022,bullies,задир,tyran
12023,bullies,задиры,brute
12024,bullies,хулиганами,brute
12025,bullies,хулиганами,voyou
12026,bullies,задирами,no_equality
12027,bullies,хулиганам,no_equality
12028,bullies,издевался,no_equality
12029,bullies,гопники,no_equality
12030,bullies,запугивает,intimide
12031,bullies,запугивают,no_equality
12032,bullies,обидчиков,no_equality
12033,bullies,задирает,no_equality
12034,bullies,громил,voyou
12035,bullies,агрессорами,no_equality
12036,momentary,кратковременный,no_equality
12037,momentary,мгновенный,instantané
12038,momentary,минутный,no_equality
12039,momentary,мимолетное,no_equality
12040,momentary,мгновение,no_equality
12041,momentary,сиюминутное,no_equality
12042,momentary,минутной,no_equality
12043,momentary,минутным,no_equality
12044,momentary,временный,temporaire
12045,momentary,временный,passager
12046,momentary,временный,provisoire
12047,momentary,временная,temporaire
12048,momentary,временная,provisoire
12049,bludgeoned,забили,été matraqué
12050,bludgeoned,забил,no_equality
12051,bludgeoned,избиты,no_equality
12052,bludgeoned,избили,a tabassé
12053,bludgeoned,избита,été battue
12054,bludgeoned,избит дубинками,été battu
12055,bludgeoned,забит насмерть,no_equality
12056,bludgeoned,избила,a tabassé
12057,bludgeoned,забита дубинкой,no_equality
12058,pargetting,штукатурить,no_equality
12059,rents,арендной платы,loyer
12060,rents,ренты,loyer
12061,rents,ренты,location
12062,rents,ренты,rente
12063,rents,арендует,loue
12064,rents,арендует,locataire
12065,rents,арендует,a loué
12066,rents,арендная плата,loyer
12067,rents,арендная плата,fermage
12068,rents,ренту,loyer
12069,rents,арендную плату,no_equality
12070,rents,рента,loyer
12071,rents,рента,rente
12072,rents,аренду,location
12073,rents,снимает,loue
12074,rents,арендной плате,loyer
12075,rents,сдает,loue
12076,rents,арендной платой,loyer
12077,rents,аренда,location
12078,rents,квартирной платы,loyer
12079,rents,рент,no_equality
12080,relinquishings,отказ от,renoncer à
12081,relinquishings,отказ от,abandonner
12082,relinquishings,отказ от,renoncement à
12083,relinquishings,отказа от,abandon
12084,relinquishings,отказе от,abandon
12085,relinquishings,отказавшись от,no_equality
12086,relinquishings,отказу от,no_equality
12087,relinquishings,отказом от,renoncer à
12088,relinquishings,отказываются от,no_equality
12089,relinquishings,отказываемся от,no_equality
12090,Anglicans,англикан,no_equality
12091,Anglicans,англикане,no_equality
12092,Anglicans,англиканцы,no_equality
12093,diffuse,распространять,diffuser
12094,diffuse,распространять,répandre
12095,diffuse,диффузных,no_equality
12096,diffuse,диффузные,no_equality
12097,diffuse,диффузного,no_equality
12098,diffuse,диффузным,no_equality
12099,diffuse,распространения,no_equality
12100,diffuse,распространению,no_equality
12101,diffuse,диффузное,no_equality
12102,diffuse,диффузными,no_equality
12103,diffuse,размыты,no_equality
12104,diffuse,обезвредить,désamorcer
12105,diffuse,разрядить,désamorcer
12106,chimes,колокольчики,carillon
12107,chimes,колокольчики,cloche
12108,chimes,звон,carillon
12109,chimes,колокольчиками,carillon
12110,chimes,колокольчиками,cloche
12111,chimes,бьют,carillon
12112,chimes,куранты,no_equality
12113,chimes,пищит,sonne
12114,chimes,подвески,no_equality
12115,chimes,звучит сигнал лифта,no_equality
12116,chimes,ветра,no_equality
12117,chimes,карильоном,no_equality
12118,chimes,колокол,cloche
12119,chimes,звонки,no_equality
12120,balloting,голосование,scrutin
12121,balloting,голосование,vote
12122,balloting,голосования,scrutin
12123,balloting,голосования,vote
12124,balloting,баллотирование,no_equality
12125,adoption,принятие,adoption
12126,adoption,принятие,adopté
12127,adoption,принятие,approbation
12128,adoption,принятие,adopter
12129,adoption,принятие,application
12130,adoption,принятие,prise
12131,adoption,принятие,prendre
12132,adoption,принятие,promulgation
12133,adoption,удочерение,adoption
12134,adoption,усвоение,no_equality
12135,adoption,внедрение,adoption
12136,adoption,внедрение,application
12137,adoption,внедрение,utilisation
12138,adoption,заимствование,no_equality
12139,friendlies,союзников,allié
12140,lives,жизни,vie
12141,lives,жизни,existence
12142,lives,жизни,mort
12143,lives,жизнь,vie
12144,lives,жизнь,existence
12145,lives,живет,vie
12146,lives,живет,vit
12147,lives,живет,habite
12148,lives,живет,vivent
12149,lives,живет,vivre
12150,lives,живет,vivant
12151,lives,живет,réside
12152,lives,жизней,vie
12153,lives,жизней,personne
12154,lives,жизней,mort
12155,lives,жизней,victime
12156,lives,жизнью,vie
12157,lives,жизнью,existence
12158,lives,жизнью,vivre
12159,lives,жизнью,mort
12160,lives,людей,no_equality
12161,lives,жизнями,vie
12162,lives,проживает,vit
12163,lives,проживает,habite
12164,lives,проживает,vivent
12165,lives,проживает,vivant
12166,lives,проживает,réside
12167,lives,жить,no_equality
12168,lives,жизнях,vie
12169,lives,живут,no_equality
12170,lives,человек,mort
12171,lives,жив,vit
12172,lives,жизням,vie
12173,lives,гибели,mort
12174,lives,гибели,victime
12175,bandits,бандитов,bandit
12176,bandits,бандитов,malfaiteur
12177,bandits,бандитов,truand
12178,bandits,бандитов,voyou
12179,bandits,бандитов,banditisme
12180,bandits,бандиты,bandit
12181,bandits,бандиты,brigand
12182,bandits,бандиты,criminel
12183,bandits,бандиты,voyou
12184,bandits,бандитами,bandit
12185,bandits,разбойники,bandit
12186,bandits,разбойники,brigand
12187,bandits,бандитам,bandit
12188,bandits,разбойников,bandit
12189,bandits,разбойников,brigand
12190,bandits,разбойников,voleur
12191,bandits,разбойников,voyou
12192,bandits,разбойниками,bandit
12193,bandits,разбойниками,brigand
12194,bandits,бандитах,bandit
12195,bandits,бандитских формирований,bandit
12196,bandits,бандитки,no_equality
12197,salient,основные,principale
12198,salient,основные,principal
12199,salient,основные,grand
12200,salient,основных,principale
12201,salient,основных,principal
12202,salient,основных,grand
12203,salient,важных,principale
12204,salient,важных,principal
12205,salient,важных,grand
12206,salient,важные,principale
12207,salient,важные,principal
12208,salient,важные,grand
12209,salient,характерных,no_equality
12210,salient,характерной,no_equality
12211,salient,характерные,no_equality
12212,salient,важнейшие,principale
12213,salient,важнейшие,grand
12214,salient,важнейших,principale
12215,salient,важнейших,principal
12216,salient,важнейших,grand
12217,salient,характерными,no_equality
12218,salient,заметных,no_equality
12219,salient,существенных,grand
12220,salient,наиболее существенные,no_equality
12221,salient,главные,principale
12222,salient,главные,principal
12223,salient,главные,grand
12224,salient,заметными,no_equality
12225,granites,граниты,no_equality
12226,granites,гранита,no_equality
12227,heightening,повышение,rehaussement
12228,heightening,повышение,augmentation
12229,heightening,усиление,aggravation
12230,heightening,усиление,augmentation
12231,heightening,усиление,intensification
12232,heightening,обострению,aggravation
12233,heightening,обострению,intensification
12234,heightening,обострению,aggravant
12235,heightening,усилив,no_equality
12236,heightening,повышении осведомленности,no_equality
12237,heightening,обостряют,no_equality
12238,heightening,усиливая,augmentant
12239,heightening,усиливая,aggravant
12240,heightening,повышая,accroissant
12241,heightening,обострением,aggravation
12242,heightening,обострением,exacerbation
12243,heightening,усиливают,no_equality
12244,tune,мелодия,air
12245,tune,мелодия,chanson
12246,tune,мелодия,mélodie
12247,tune,мелодия,musique
12248,tune,песня,chanson
12249,tune,песня,mélodie
12250,tune,песня,morceau
12251,tune,песня,musique
12252,tune,мотив,mélodie
12253,tune,настроить,accorder
12254,tune,настроить,régler
12255,tune,настроить,ajuster
12256,tune,дудку,no_equality
12257,tune,тон,no_equality
12258,tune,настрой,no_equality
12259,tune,мотивчик,no_equality
12260,tune,настраивать,accorder
12261,tune,настраивать,régler
12262,tune,настраивать,ajuster
12263,tune,настроиться,no_equality
12264,tune,пластинку,rengaine
12265,tune,музыку,morceau
12266,tune,песенку,chanson
12267,sap,сап,sap
12268,sap,сок,no_equality
12269,sap,псп,no_equality
12270,sap,sap,sap
12271,sap,истощать,no_equality
12272,sap,иссушать,no_equality
12273,sap,гно,no_equality
12274,sap,спд,no_equality
12275,sap,псм,no_equality
12276,sap,смоле,no_equality
12277,sap,спн,no_equality
12278,sap,суп,no_equality
12279,sap,дурак,idiot
12280,sap,нпс,no_equality
12281,snowfields,снежников,no_equality
12282,satisfier,довольный,no_equality
12283,satisfier,удовлетворенный,no_equality
12284,satisfier,удовлетворение,no_equality
12285,satisfier,удовлетворяет,no_equality
12286,satisfier,выполнены,no_equality
12287,satisfier,соблюдены,no_equality
12288,satisfier,устраивает,no_equality
12289,satisfier,убежден,no_equality
12290,satisfier,удовлетворяют,no_equality
12291,satisfier,убедилась,no_equality
12292,satisfier,удовлетворить,no_equality
12293,satisfier,удовлетворяются,no_equality
12294,satisfier,убеждена,no_equality
12295,satisfier,удостоверится,no_equality
12296,satisfier,убедится,no_equality
12297,melt,растаять,fondre
12298,melt,таять,fondre
12299,melt,растопить,faire fondre
12300,melt,плавиться,fondre
12301,melt,расплава,no_equality
12302,melt,расплавить,faire fondre
12303,melt,плавить,fondre
12304,melt,плавить,faire fondre
12305,melt,расплавлять,no_equality
12306,melt,переплавлять,no_equality
12307,melt,расплав,no_equality
12308,melt,расплавлю,no_equality
12309,melt,расплавь,no_equality
12310,melt,таяли,no_equality
12311,melt,расплаве,no_equality
12312,melt,расплавились,no_equality
12313,definitions,определения,définition
12314,definitions,определения,définir
12315,definitions,определений,définition
12316,definitions,определениях,définition
12317,definitions,определениями,définition
12318,definitions,определениям,définition
12319,definitions,определение,définition
12320,definitions,дефиниций,no_equality
12321,definitions,терминов,définition
12322,definitions,терминов,terme
12323,definitions,терминов,expression
12324,definitions,терминов,glossaire
12325,definitions,понятий,définition
12326,definitions,понятий,terme
12327,definitions,понятий,expression
12328,definitions,определением,no_equality
12329,definitions,определению,no_equality
12330,definitions,по-разному,no_equality
12331,definitions,концепций,no_equality
12332,definitions,составы,no_equality
12333,smothered,задушил,no_equality
12334,smothered,задушен,étouffé
12335,smothered,задушила,no_equality
12336,smothered,задушили,no_equality
12337,smothered,задушена,no_equality
12338,smothered,душили,no_equality
12339,smothered,душат,no_equality
12340,smothered,подавляют,no_equality
12341,smothered,душил,no_equality
12342,sleepwalk,ходить во сне,être somnambule
12343,sleepwalk,лунатизм,no_equality
12344,sleepwalk,брожу во сне,no_equality
12345,fibrillate,фибриллировать,no_equality
12346,reshaping,изменение,no_equality
12347,reshaping,реорганизация,réorganisation
12348,reshaping,реорганизация,restructuration
12349,reshaping,реорганизация,remaniement
12350,reshaping,облик,no_equality
12351,reshaping,перестройки,refonte
12352,reshaping,перестройки,réorganisation
12353,reshaping,перестройки,restructuration
12354,reshaping,перестройке,restructuration
12355,reshaping,изменяют,no_equality
12356,reshaping,преобразованию,no_equality
12357,reshaping,изменив,no_equality
12358,reshaping,меняет,no_equality
12359,reshaping,перестройка,refonte
12360,reshaping,перестройка,réorganisation
12361,reshaping,перестройку,restructuration
12362,myceliums,мицелий,no_equality
12363,myceliums,грибница,no_equality
12364,myceliums,мицелием,no_equality
12365,schemer,интриган,intrigant
12366,schemer,интриганка,no_equality
12367,schemer,интригантка,no_equality
12368,schemer,интриганом,no_equality
12369,exorcizing,изгнание,no_equality
12370,euros,евро,euro
12371,euros,тысяч,euro
12372,carelessly,небрежно,négligemment
12373,carelessly,неосторожно,no_equality
12374,carelessly,беспечно,no_equality
12375,carelessly,беззаботно,avec insouciance
12376,carelessly,легкомысленно,no_equality
12377,carelessly,халатно,no_equality
12378,carelessly,неосмотрительно,no_equality
12379,keepsakes,на память,no_equality
12380,keepsakes,сувениры,souvenir
12381,keepsakes,сувениров,no_equality
12382,mamboed,проиграл,no_equality
12383,mamboed,играл,no_equality
12384,mamboed,сыграл,no_equality
12385,mamboed,рискнул,no_equality
12386,mamboed,играла,no_equality
12387,mamboed,рискнула,no_equality
12388,mamboed,проиграли,no_equality
12389,mamboed,проиграла,no_equality
12390,mamboed,проигрывал,no_equality
12391,mamboed,продул,no_equality
12392,treated,очищенный,no_equality
12393,treated,рассмотренный,no_equality
12394,treated,леченный,no_equality
12395,treated,трактуемый,no_equality
12396,treated,переработанный,no_equality
12397,treated,пропитанный,no_equality
12398,treated,лечащийся,no_equality
12399,support,поддержка,appui
12400,support,поддержка,soutien
12401,support,поддержка,support
12402,support,поддержка,assistance
12403,support,поддержка,renfort
12404,support,поддержки,appui
12405,support,поддержки,soutien
12406,support,поддержки,support
12407,support,поддержки,assistance
12408,support,поддержки,accompagnement
12409,support,поддержки,concours
12410,support,поддержки,adhésion
12411,support,помощь,appui
12412,support,помощь,soutien
12413,support,помощь,assistance
12414,support,помощь,faveur
12415,support,помощь,concours
12416,support,помощь,renfort
12417,support,содействие,appui
12418,support,содействие,soutien
12419,support,содействие,assistance
12420,support,содействие,concours
12421,support,обеспечение,soutien
12422,support,обеспечение,faveur
12423,support,поддержание,no_equality
12424,support,оказание,appui
12425,support,оказание,soutien
12426,support,оказание,assistance
12427,support,опора,appui
12428,support,опора,soutien
12429,support,поддерживать,appuyer
12430,support,поддерживать,soutenir
12431,support,поддерживать,aider
12432,support,поддерживать,supporter
12433,support,поддерживать,favoriser
12434,support,поддерживать,encourager
12435,support,поддерживать,maintenir
12436,support,поддерживать,épauler
12437,support,поддерживать,défendre
12438,support,поддержать,appuyer
12439,support,поддержать,soutenir
12440,support,поддержать,aider
12441,support,поддержать,supporter
12442,support,поддержать,faciliter
12443,support,поддержать,encourager
12444,support,поддержать,maintenir
12445,support,поддержать,épauler
12446,support,поддержать,défendre
12447,support,оказывать поддержку,soutenir
12448,support,оказывать поддержку,aider
12449,support,содействовать,appuyer
12450,support,содействовать,soutenir
12451,support,содействовать,aider
12452,support,содействовать,favoriser
12453,support,содействовать,faciliter
12454,support,содействовать,encourager
12455,support,способствовать,appuyer
12456,support,способствовать,favoriser
12457,support,способствовать,faciliter
12458,support,способствовать,encourager
12459,support,выступать,no_equality
12460,support,обеспечивать,maintenir
12461,support,подтверждать,no_equality
12462,support,вспомогательный,no_equality
12463,support,вспомогательного,soutien
12464,support,вспомогательных,no_equality
12465,support,сопровождение,accompagnement
12466,support,подкреплять,appuyer
12467,support,подкреплять,étayer
12468,support,прокормить,no_equality
12469,support,выступать в поддержку,soutien
12470,support,саппорт,no_equality
12471,support,упор,no_equality
12472,absolving,освобождающий,no_equality
12473,absolving,освобождение,no_equality
12474,absolving,снимая,no_equality
12475,selling,продажа,vente
12476,selling,продажа,cession
12477,selling,продажа,mise en vente
12478,selling,продажа,vendre
12479,selling,торговля,vente
12480,selling,торговля,commercialisation
12481,selling,сбыт,vente
12482,selling,сбыт,commercialisation
12483,selling,продавать,no_equality
12484,selling,продает,no_equality
12485,selling,продавал,no_equality
12486,selling,продаю,no_equality
12487,selling,продать,no_equality
12488,selling,продают,no_equality
12489,selling,продаешь,no_equality
12490,selling,продавая,no_equality
12491,selling,продаем,vend
12492,selling,продаем,vendons
12493,selling,продаете,vendez
12494,selling,продавали,no_equality
12495,selling,продавала,vendait
12496,perk,привилегия,no_equality
12497,perk,бонус,bonus
12498,perk,кофейня,no_equality
12499,perk,воспрянуть духом,no_equality
12500,perk,взбодрит,no_equality
12501,perk,преимущество,avantage
12502,perk,ободряет,no_equality
12503,perk,заработок,no_equality
12504,perk,наглость,no_equality
12505,perk,взбодрить,no_equality
12506,perk,воспрянут духом,no_equality
12507,perk,перк,no_equality
12508,weeknights,будням,no_equality
12509,weeknights,рабочие дни,no_equality
12510,weeknights,будние дни,no_equality
12511,religionism,фанатизм,fanatisme
12512,kids,ребята,no_equality
12513,kids,ребятишки,gosse
12514,kids,ребятишки,gamin
12515,kids,малышня,no_equality
12516,kids,детский,enfant
12517,Indo-European,индоевропейских,no_equality
12518,Indo-European,индоевропейской,no_equality
12519,Indo-European,индо-европейских,no_equality
12520,Indo-European,индоевропейского,no_equality
12521,meteoroid,метеорное тело,no_equality
12522,meteoroid,метеор,météorite
12523,meteoroid,метеор,météore
12524,capitalization,капитализация,capitalisation
12525,capitalization,заглавные буквы,no_equality
12526,capitalization,накопительные,capitalisation
12527,capitalization,акционирования,no_equality
12528,odes,кзис,no_equality
12529,odes,одах,no_equality
12530,excoriations,призывы,no_equality
12531,excoriations,увещевания,no_equality
12532,excoriations,призывам,no_equality
12533,excoriations,призывами,no_equality
12534,epicurean,эпикуреец,no_equality
12535,dolefulness,оптимизм,no_equality
12536,frump,неряха,no_equality
12537,frump,корова,no_equality
12538,telescoped,сложенная,no_equality
12539,outrageously,возмутительно,no_equality
12540,decibels,Децибелл,no_equality
12541,caretakers,опекунов,gardien
12542,caretakers,опекунов,tuteur
12543,caretakers,попечители,tuteur
12544,caretakers,опекуны,no_equality
12545,caretakers,смотрители,no_equality
12546,caretakers,попечителей,gardien
12547,caretakers,попечителей,dispensateurs de soins
12548,caretakers,опекунами,tuteur
12549,caretakers,смотрителями,no_equality
12550,caretakers,смотрителей,no_equality
12551,caretakers,воспитателей,gardien
12552,caretakers,уходу,no_equality
12553,caretakers,"лица, обеспечивающие уход",no_equality
12554,caretakers,обеспечивают уход,no_equality
12555,caretakers,заботясь,no_equality
12556,caretakers,воспитатели,no_equality
12557,caretakers,смотрителя,gardien
12558,caretakers,смотрителя,concierge
12559,drawings,рисунки,dessin
12560,drawings,чертежи,dessin
12561,drawings,чертежи,plan
12562,drawings,чертежи,schéma
12563,drawings,рисунков,dessin
12564,drawings,рисунков,croquis
12565,drawings,рисунков,peinture
12566,drawings,рисунков,figure
12567,drawings,рисунков,image
12568,drawings,рисунков,gravure
12569,drawings,чертежей,dessin
12570,drawings,чертежей,plan
12571,drawings,чертежей,schéma
12572,drawings,рисунках,dessin
12573,drawings,рисунках,figure
12574,drawings,рисунками,dessin
12575,drawings,чертежах,plan
12576,drawings,чертежах,figure
12577,drawings,чертежами,dessin
12578,drawings,чертежами,plan
12579,drawings,рисунка,dessin
12580,drawings,рисунка,croquis
12581,drawings,рисунка,image
12582,drawings,наброски,croquis
12583,drawings,наброски,esquisse
12584,drawings,заимствования,no_equality
12585,drawings,эскизы,dessin
12586,drawings,эскизы,croquis
12587,drawings,эскизы,esquisse
12588,drawings,изображения,illustration
12589,drawings,изображения,image
12590,drawings,рисунок,dessin
12591,drawings,рисунок,croquis
12592,drawings,рисунок,peinture
12593,drawings,рисунок,figure
12594,drawings,рисунок,image
12595,drawings,рисунок,gravure
12596,drawings,чертежам,no_equality
12597,satirizing,высмеивание,no_equality
12598,satirizing,сатира,no_equality
12599,Darwin,дарвин,darwin
12600,Darwin,дарвине,darwin
12601,Darwin,darwin,darwin
12602,Darwin,дарвина,darwin
12603,Darwin,дарвином,darwin
12604,Darwin,дарвину,no_equality
12605,bloodied,окровавленный,ensanglanté
12606,abbots,аббаты,no_equality
12607,abbots,аббатов,no_equality
12608,abbots,настоятелей,no_equality
12609,abbots,эбботс,no_equality
12610,abbots,настоятели,no_equality
12611,abbots,аббатам,no_equality
12612,lesions,патологические изменения,no_equality
12613,lesions,высыпания,no_equality
12614,pertinence,актуальность,pertinence
12615,pertinence,уместность,pertinence
12616,pertinence,релевантности,pertinence
12617,pertinence,значимость,pertinence
12618,pertinence,применимости,no_equality
12619,pertinence,актуальной,no_equality
12620,pursue,продолжать,poursuivre
12621,pursue,продолжать,continuer
12622,pursue,продолжать,maintenir
12623,pursue,проводить,poursuivre
12624,pursue,проводить,mener
12625,pursue,проводить,appliquer
12626,pursue,проводить,réaliser
12627,pursue,проводить,entreprendre
12628,pursue,продолжить,poursuivre
12629,pursue,продолжить,maintenir
12630,pursue,добиваться,poursuivre
12631,pursue,добиваться,rechercher
12632,pursue,добиваться,réaliser
12633,pursue,добиваться,atteindre
12634,pursue,осуществлять,poursuivre
12635,pursue,осуществлять,mener
12636,pursue,осуществлять,appliquer
12637,pursue,осуществлять,exercer
12638,pursue,осуществлять,réaliser
12639,pursue,осуществлять,entreprendre
12640,pursue,преследовать,poursuivre
12641,pursue,преследовать,suivre
12642,pursue,преследовать,traquer
12643,pursue,преследовать,pourchasser
12644,pursue,преследовать,chasser
12645,pursue,заниматься,poursuivre
12646,pursue,заниматься,mener
12647,pursue,заниматься,exercer
12648,pursue,заниматься,entreprendre
12649,pursue,стремиться,no_equality
12650,pursue,использовать,appliquer
12651,pursue,использовать,exercer
12652,pursue,использовать,adopter
12653,pursue,вести,poursuivre
12654,pursue,вести,mener
12655,pursue,вести,engager
12656,pursue,следовать,poursuivre
12657,pursue,следовать,suivre
12658,pursue,следовать,continuer
12659,pursue,следовать,appliquer
12660,pursue,следовать,adopter
12661,pursue,придерживаться,suivre
12662,pursue,придерживаться,continuer
12663,pursue,придерживаться,appliquer
12664,pursue,придерживаться,adopter
12665,pursue,придерживаться,maintenir
12666,pursue,предпринимать,poursuivre
12667,pursue,предпринимать,mener
12668,pursue,предпринимать,continuer
12669,pursue,предпринимать,entreprendre
12670,pursue,предпринимать,engager
12671,pursue,выполнять,appliquer
12672,pursue,выполнять,exercer
12673,pursue,выполнять,réaliser
12674,pursue,провести,mener
12675,pursue,провести,réaliser
12676,pursue,провести,entreprendre
12677,pursue,провести,engager
12678,pursue,рассматривать,no_equality
12679,pursue,искать,rechercher
12680,pursue,искать,chercher
12681,pursue,расследовать,no_equality
12682,pursue,проводить политику,suivre
12683,pursue,погнаться,poursuivre
12684,pursue,погнаться,pourchasser
12685,pursue,гнаться,poursuivre
12686,pursue,гнаться,pourchasser
12687,dandies,денди,dandy
12688,suavity,учтивость,courtoisie
12689,slay,убивать,tuer
12690,slay,убивать,massacrer
12691,slay,убивать,égorger
12692,slay,убивать,abattre
12693,slay,убивать,assassiner
12694,slay,уничтожить,tuer
12695,slay,уничтожить,abattre
12696,slay,сразить,no_equality
12697,slay,заклать,no_equality
12698,slay,избивать,no_equality
12699,redistributions,перераспределением,redistribution
12700,redistributions,перераспределению,redistribution
12701,redistributions,перераспределении,redistribution
12702,sins,грехи,péché
12703,sins,грехов,péché
12704,sins,грехах,péché
12705,sins,грехах,pêcher
12706,sins,грех,péché
12707,sins,грех,pêcher
12708,sins,грехами,péché
12709,sins,грехам,péché
12710,sins,прегрешения,péché
12711,sins,прегрешения,offense
12712,sins,прегрешения,méfait
12713,sins,греха,péché
12714,sins,прегрешений,péché
12715,sins,прегрешений,transgression
12716,sins,грешки,no_equality
12717,slurps,отхлёбывает,no_equality
12718,sacrificed,пожертвовал,no_equality
12719,sacrificed,пожертвовала,no_equality
12720,sacrificed,пожертвовали,sacrifier
12721,sacrificed,пожертвовали,ont donné
12722,sacrificed,принесены в жертву,sacrifié
12723,sacrificed,жертвовать,no_equality
12724,sacrificed,пожертвовать,no_equality
12725,sacrificed,жертвовал,sacrifié
12726,sacrificed,жертвы,no_equality
12727,sacrificed,жертвуют,ont donné
12728,sacrificed,приносились,no_equality
12729,sacrificed,жертвовала,no_equality
12730,sacrificed,жертвовали,no_equality
12731,sacrificed,отдал,no_equality
12732,sacrificed,жертвой,no_equality
12733,indigence,нищеты,indigence
12734,indigence,нищеты,pauvreté
12735,indigence,неплатежеспособности,no_equality
12736,indigence,бедности,indigence
12737,indigence,бедности,pauvreté
12738,indigence,статуса нуждающегося,no_equality
12739,indigence,нищету,pauvreté
12740,indigence,неимущих,pauvreté
12741,indigence,нужда,indigence
12742,indigence,число нуждающихся,no_equality
12743,indigence,нищете,indigence
12744,indigence,нищете,pauvreté
12745,indigence,несостоятельности,no_equality
12746,indigence,бедного,pauvreté
12747,indigence,статуса нуждающихся,no_equality
12748,indigence,определения состояния нужды,no_equality
12749,indigence,нищета,pauvreté
12750,indigence,бедность,indigence
12751,indigence,бедность,pauvreté
12752,jurisdictions,юрисдикции,juridiction
12753,jurisdictions,юрисдикции,compétence
12754,jurisdictions,юрисдикции,autorité
12755,jurisdictions,юрисдикции,ressort
12756,jurisdictions,юрисдикции,tribunal
12757,jurisdictions,правовых системах,juridiction
12758,jurisdictions,правовых системах,pays
12759,jurisdictions,правовых системах,systèmes juridiques
12760,jurisdictions,правовых системах,état
12761,jurisdictions,юрисдикциях,juridiction
12762,jurisdictions,юрисдикциях,pays
12763,jurisdictions,юрисдикциях,ressort
12764,jurisdictions,странах,pays
12765,jurisdictions,стран,pays
12766,jurisdictions,стран,gouvernement
12767,jurisdictions,стран,état
12768,jurisdictions,правовых систем,pays
12769,jurisdictions,правовых систем,systèmes juridiques
12770,jurisdictions,юрисдикциями,juridiction
12771,jurisdictions,юрисдикцию,juridiction
12772,jurisdictions,юрисдикцию,compétence
12773,jurisdictions,юрисдикцию,ressort
12774,jurisdictions,юрисдикцию,tribunal
12775,jurisdictions,государствах,juridiction
12776,jurisdictions,государствах,pays
12777,jurisdictions,государствах,état
12778,jurisdictions,юрисдикциям,juridiction
12779,jurisdictions,юрисдикцией,juridiction
12780,jurisdictions,юрисдикцией,compétence
12781,jurisdictions,юрисдикцией,autorité
12782,jurisdictions,юрисдикцией,ressort
12783,jurisdictions,судов,juridiction
12784,jurisdictions,судов,tribunal
12785,jurisdictions,правовые системы,juridiction
12786,jurisdictions,правовые системы,systèmes juridiques
12787,jurisdictions,судебными органами,juridiction
12788,jurisdictions,юрисдикция,juridiction
12789,jurisdictions,юрисдикция,compétence
12790,Calvinism,кальвинизм,no_equality
12791,Calvinism,кальвинизма,no_equality
12792,momentously,важный,no_equality
12793,momentously,знаменательный,no_equality
12794,momentously,значительный,no_equality
12795,momentously,важное,no_equality
12796,momentously,колоссальные,no_equality
12797,momentously,исторических,no_equality
12798,momentously,историческое,no_equality
12799,momentously,важнейших,no_equality
12800,momentously,важнейший,no_equality
12801,distilled,дистиллированной,distillée
12802,distilled,дистиллированная,no_equality
12803,distilled,перегнал,no_equality
12804,distilled,дистиллированный,no_equality
12805,distilled,перегоняют,no_equality
12806,distilled,аквавит,no_equality
12807,distilled,полученных перегонкой алкогольных,no_equality
12808,distilled,вытяжка,no_equality
12809,Sardinias,сардинский,no_equality
12810,Sardinias,сардинец,no_equality
12811,Sardinias,сардинянка,no_equality
12812,Sardinias,сардинии,no_equality
12813,Sardinias,сардинском,no_equality
12814,inducting,введению в должность,no_equality
12815,inducting,введение в должность,no_equality
12816,cleave,клив,no_equality
12817,cleave,рассечь,no_equality
12818,cleave,рассекать,no_equality
12819,cleave,кливер,no_equality
12820,acrobats,акробаты,no_equality
12821,acrobats,акробатов,no_equality
12822,acrobats,акробатами,no_equality
12823,solvable,разрешимый,no_equality
12824,solvable,решаемый,no_equality
12825,solvable,растворимый,soluble
12826,playgrounds,игровые площадки,terrains de jeux
12827,playgrounds,игровые площадки,aires de jeux
12828,playgrounds,игровых площадок,terrains de jeux
12829,playgrounds,детские площадки,terrains de jeux
12830,playgrounds,детские площадки,playgrounds
12831,playgrounds,детских площадок,no_equality
12832,playgrounds,детских площадках,no_equality
12833,playgrounds,площадки для игр,no_equality
12834,playgrounds,игровых площадках,no_equality
12835,playgrounds,игровыми площадками,no_equality
12836,playgrounds,площадок для игр,no_equality
12837,playgrounds,детским площадкам,no_equality
12838,squished,раздавила,no_equality
12839,squished,раздавило,écrasé
12840,squished,раздавили,no_equality
12841,squished,раздавят,no_equality
12842,squished,расплющило,no_equality
12843,pyjamas,пижама,no_equality
12844,pyjamas,пижамы,pyjama
12845,annotate,аннотирования,no_equality
12846,decentralisation,децентрализация,décentralisation
12847,decentralisation,децентрализация,déconcentration
12848,decentralisation,децентрализация,décentraliser
12849,gout,подагра,goutte
12850,gout,подагре,no_equality
12851,uncharacteristically,нехарактерно,no_equality
12852,uncharacteristically,необычно,inhabituellement
12853,uncharacteristically,необычно,anormalement
12854,uncharacteristically,необычно,étrangement
12855,uncharacteristically,нетипично,no_equality
12856,vaguely,смутно,vaguement
12857,vaguely,нечетко,vague
12858,vaguely,неопределенно,vaguement
12859,vaguely,неопределенно,vague
12860,vaguely,туманные,no_equality
12861,vaguely,расплывчато,vague
12862,vaguely,туманно,no_equality
12863,vaguely,неясно,no_equality
12864,vaguely,слегка,légèrement
12865,dictating,диктовать,dicter
12866,dictating,диктует,dicte
12867,dictating,диктуют,dicte
12868,dictating,диктуют,dictent
12869,dictating,диктовал,dictait
12870,dictating,диктуешь,no_equality
12871,dictating,диктовали,dictent
12872,dictating,диктуя,no_equality
12873,dictating,навязывание,no_equality
12874,dictating,диктовка,no_equality
12875,dictating,навязывает,no_equality
12876,dictating,диктую,dicte
12877,dictating,диктующих,no_equality
12878,backgrounder,справочный документ,document d'information
12879,cawing,карканье,no_equality
12880,regularizing,регуляризация,no_equality
12881,regularizing,регуляризующий,no_equality
12882,grump,ворчун,grincheux
12883,grump,ворчун,ronchon
12884,x-ray,рентгеновский,no_equality
12885,x-ray,рентген,radiographie
12886,x-ray,рентген,radio
12887,x-ray,рентген,radiologie
12888,x-ray,рентген,rayon x
12889,x-ray,рентген,rayons-x
12890,x-ray,рентгеноскопия,radiographie
12891,x-ray,рентгеновские лучи,no_equality
12892,x-ray,делать рентген,radiographier
12893,x-ray,просветить,no_equality
12894,x-ray,снимки,radio
12895,x-ray,рентгенологическое,no_equality
12896,Managuas,манагуа,managua
12897,Managuas,манагуа,managua
12898,salubrity,крепкое здоровье,no_equality
12899,buffoons,шуты,bouffon
12900,buffoons,шутов,bouffon
12901,buffoons,клоунов,bouffon
12902,buffoons,скоморохи,no_equality
12903,unpredictability,непредсказуемость,imprévisibilité
12904,unpredictability,невозможность прогнозирования,no_equality
12905,unpredictability,непредсказуемы,no_equality
12906,unpredictability,непредсказуемый,no_equality
12907,lodging,подача,dépôt
12908,lodging,жильё,no_equality
12909,lodging,проживание,no_equality
12910,lodging,кров,hébergement
12911,lodging,кров,logement
12912,lodging,кров,loger
12913,lodging,жильем,hébergement
12914,lodging,жильем,logement
12915,lodging,жильем,loger
12916,lodging,подать,no_equality
12917,lodging,обжалования,no_equality
12918,lodging,ночлег,gîte
12919,lodging,ночлег,loger
12920,lodging,подавать,no_equality
12921,lodging,размещение,hébergement
12922,lodging,размещение,logement
12923,hollers,свистит когда идёт ко дну,no_equality
12924,Oklahomas,оклахома,oklahoma
12925,Oklahomas,оклахомы,oklahoma
12926,Oklahomas,оклахоме,no_equality
12927,Oklahomas,оклахому,oklahoma
12928,Oklahomas,оклахомский,no_equality
12929,desecrated,осквернены,no_equality
12930,desecrated,осквернили,désacralisé
12931,desecrated,осквернена,profané
12932,desecrated,оскверняются,no_equality
12933,desecrated,осквернено,profané
12934,desecrated,осквернен,no_equality
12935,desecrated,осквернялись,no_equality
12936,desecrated,оскверняет,no_equality
12937,desecrated,осквернения,no_equality
12938,desecrated,осквернении,no_equality
12939,desecrated,оскверняют,profanent
12940,desecrated,осквернить,no_equality
12941,desecrated,оскверняли,no_equality
12942,desecrated,осквернил,no_equality
12943,desecrated,осквернение,no_equality
12944,mangily,манила,no_equality
12945,mangily,маниле,no_equality
12946,mangily,манилы,no_equality
12947,mangily,манильской,no_equality
12948,mangily,манилу,no_equality
12949,mangily,манильская,no_equality
12950,mangily,манильскую,no_equality
12951,mangily,манильский,no_equality
12952,mangily,манильского,no_equality
12953,mangily,манильские,no_equality
12954,mangily,манильском,no_equality
12955,mangily,манильским,no_equality
12956,partitioned,разделенный,divisé
12957,partitioned,секционированный,no_equality
12958,deposited,сдала на хранение,no_equality
12959,deposited,сдан на хранение,no_equality
12960,deposited,депонированы,no_equality
12961,deposited,депонированных,dépôt
12962,deposited,депонировала,no_equality
12963,deposited,депонировали,no_equality
12964,deposited,депонируются,no_equality
12965,deposited,депонированные,no_equality
12966,deposited,депонирован,no_equality
12967,deposited,осаждаются,no_equality
12968,deposited,переданы,no_equality
12969,deposited,внесенных,no_equality
12970,deposited,депонировал,no_equality
12971,deposited,депонировано,no_equality
12972,deposited,депонирована,no_equality
12973,berthing,стоянки,stationnement
12974,berthing,стоянки,stationner
12975,berthing,стоянка,stationnement
12976,berthing,швартовка,no_equality
12977,berthing,место стоянки,stationnement
12978,berthing,место стоянки,stationner
12979,berthing,причальных,no_equality
12980,berthing,причальной,no_equality
12981,berthing,причальные,no_equality
12982,berthing,стояночные,no_equality
12983,berthing,причала,mouillage
12984,berthing,причальный,no_equality
12985,axial,осевой,no_equality
12986,axial,аксиальный,no_equality
12987,axial,осевого,no_equality
12988,axial,осевым,no_equality
12989,axial,осевом,no_equality
12990,axial,осевыми,no_equality
12991,axial,осевую,no_equality
12992,axial,томографию,no_equality
12993,axial,аксиальные,no_equality
12994,axial,аксиальным,no_equality
12995,axial,продольных,no_equality
12996,gaskets,прокладки,joint
12997,gaskets,уплотнительных прокладок,no_equality
12998,gaskets,прокладками,no_equality
12999,gaskets,уплотнениями,no_equality
13000,gaskets,уплотнителей,no_equality
13001,soundness,прочность,solidité
13002,soundness,прочность,stabilité
13003,soundness,обоснованность,bien-fondé
13004,soundness,обоснованность,validité
13005,soundness,обоснованность,bien fondé
13006,soundness,здравость,no_equality
13007,soundness,здоровье,no_equality
13008,soundness,крепость,solidité
13009,soundness,основательность,no_equality
13010,soundness,доброкачественность,no_equality
13011,elliptic,эллиптический,no_equality
13012,kms,км,kilomètre
13013,kms,км,borne
13014,kms,км,km2
13015,kms,километров,kilomètre
13016,kms,километров,borne
13017,kms,система управления знаниями,no_equality
13018,kms,kms,no_equality
13019,concealment,сокрытие,dissimulation
13020,concealment,сокрытие,recel
13021,concealment,сокрытие,dissimuler
13022,concealment,сокрытие,cacher
13023,concealment,маскировка,dissimulation
13024,concealment,маскировка,camouflage
13025,concealment,укрытие,cachette
13026,concealment,утайка,no_equality
13027,concealment,маскирование,no_equality
13028,concealment,покрывательство,no_equality
13029,concealment,укрывание,no_equality
13030,adhesives,клеев,no_equality
13031,adhesives,клеи,no_equality
13032,adhesives,клея,no_equality
13033,adhesives,клеящих материалов,no_equality
13034,adhesives,клеящих веществ,no_equality
13035,adhesives,прилипателей,no_equality
13036,adhesives,адгезивы,no_equality
13037,adhesives,клею,no_equality
13038,adhesives,адгезивных составов,no_equality
13039,adhesives,клеях,no_equality
13040,adhesives,адгезивов,no_equality
13041,electrolytic,электролитический,no_equality
13042,electrolytic,электролитических,no_equality
13043,electrolytic,электролитические,no_equality
13044,electrolytic,электролитом,no_equality
13045,electrolytic,электролизера,no_equality
13046,electrolytic,удельная,no_equality
13047,electrolytic,растворы электролитов,électrolytique
13048,electrolytic,электролитическую,no_equality
13049,electrolytic,электролитической,no_equality
13050,marvels,чудеса,merveille
13051,marvels,чудеса,miracle
13052,marvels,чудес,miracle
13053,marvels,чудесах,merveille
13054,marvels,чудесах,miracle
13055,marvels,восхищается,no_equality
13056,trophies,трофеи,no_equality
13057,trophies,трофеев,trophée
13058,trophies,трофеями,no_equality
13059,trophies,награды,trophée
13060,trophies,призы,trophée
13061,trophies,наград,no_equality
13062,trophies,кубки,trophée
13063,trophies,кубки,coupe
13064,trophies,призов,trophée
13065,trophies,кубков,trophée
13066,trophies,кубков,coupe
13067,trophies,трофея,trophée
13068,maturation,созревание,maturation
13069,maturation,взросления,no_equality
13070,maturation,зрелости,maturation
13071,maturation,зрелости,maturité
13072,maturation,созревании,no_equality
13073,maturation,вызреванию,no_equality
13074,maturation,становление,no_equality
13075,maturation,стадии разработки,no_equality
13076,periodical,периодический,périodique
13077,periodical,периодическое издание,périodique
13078,periodical,периодического издания,no_equality
13079,periodical,периодически,no_equality
13080,periodical,журнал,périodique
13081,periodical,журнал,revue
13082,periodical,журнал,magazine
13083,periodical,журнал,journal
13084,periodical,периодическом издании,no_equality
13085,periodical,периодическим изданием,périodique
13086,periodical,оформить заказ на,no_equality
13087,jurists,юристов,juriste
13088,jurists,юристы,no_equality
13089,jurists,юристами,juriste
13090,jurists,юристам,juriste
13091,jurists,правоведов,doctrine
13092,jurists,правоведы,juriste
13093,jurists,правоведы,doctrine
13094,flex,flex,no_equality
13095,flex,размять,no_equality
13096,flex,согнуть,plier
13097,flex,сгибать,plier
13098,flex,сгибание,no_equality
13099,flex,гибкого состава,no_equality
13100,flex,гибкие,no_equality
13101,flex,разминал,no_equality
13102,flex,гибкотопливное,no_equality
13103,flex,схемы флекс,no_equality
13104,flex,размяться,no_equality
13105,flex,случае гибкотопливных,no_equality
13106,flex,гибкотопливным,no_equality
13107,flex,напрячь,no_equality
13108,flex,гнуть,plier
13109,authorial,авторский,d'auteur
13110,visitor,посетитель,visiteur
13111,visitor,посетитель,visite
13112,visitor,посетитель,visiteuse
13113,visitor,турист,touriste
13114,visitor,пользователь,no_equality
13115,visitor,зритель,spectateur
13116,visitor,посетитель выставки,visiteur
13117,visitor,приезжающий,no_equality
13118,visitor,пришелец,no_equality
13119,visitor,посетительница,no_equality
13120,visitor,курортник,no_equality
13121,visitor,приезжий,no_equality
13122,jailing,заключение в тюрьму,emprisonnement
13123,jailing,лишение свободы,emprisonnement
13124,jailing,лишение свободы,incarcération
13125,aerified,проверка,no_equality
13126,aerified,проверить,no_equality
13127,aerified,проверены,no_equality
13128,aerified,проверяется,no_equality
13129,aerified,проверила,no_equality
13130,aerified,проверяются,no_equality
13131,aerified,проверяться,no_equality
13132,aerified,проверена,no_equality
13133,aerified,проверено,no_equality
13134,aerified,проверенных,no_equality
13135,aerified,подтвердила,no_equality
13136,aerified,проверенные,no_equality
13137,aerified,проверили,no_equality
13138,aerified,подтверждено,no_equality
13139,aerified,подтвержденных,no_equality
13140,shriving,исповедование,no_equality
13141,towers,башни,no_equality
13142,towers,башен,tour
13143,towers,вышки,pylône
13144,towers,вышки,tour
13145,towers,вышки,mirador
13146,towers,вышки,antenne
13147,towers,башнях,tour
13148,towers,башнях,towers
13149,towers,вышек,pylône
13150,towers,вышек,mirador
13151,towers,вышек,antenne
13152,towers,башнями,no_equality
13153,towers,тауэрс,towers
13154,towers,башни-близнецы,tour
13155,towers,башен-близнецов,no_equality
13156,towers,вышках,no_equality
13157,towers,вышкам,tour
13158,towers,опор,pylône
13159,towers,towers,no_equality
13160,towers,тауэрса,towers
13161,towers,башням,no_equality
13162,necessity,необходимость,nécessité
13163,necessity,необходимость,besoin
13164,necessity,необходимость,impératif
13165,necessity,потребность,nécessité
13166,necessity,потребность,nécessaire
13167,necessity,потребность,besoin
13168,necessity,необходимым,no_equality
13169,necessity,необходимой,no_equality
13170,necessity,необходима,no_equality
13171,necessity,необходимо,no_equality
13172,necessity,необходимы,nécessité
13173,necessity,нужда,besoin
13174,necessity,обязательность,no_equality
13175,necessity,предметы первой необходимости,no_equality
13176,necessity,непременно,no_equality
13177,reassigned,переведены,transféré
13178,reassigned,переведены,affecté
13179,reassigned,переведен,muté
13180,reassigned,переведен,transféré
13181,reassigned,перепрофилированием,no_equality
13182,reassigned,перераспределены,réaffectation
13183,reassigned,назначены,affecté
13184,reassigned,переведена,réaffecté
13185,reassigned,переведена,transféré
13186,reassigned,переводятся,transféré
13187,reassigned,переназначили,no_equality
13188,reassigned,перепрофилирование с передачей,no_equality
13189,reassigned,перевели,no_equality
13190,reassigned,перепрофилировать,no_equality
13191,reassigned,перевод,no_equality
13192,reassigned,перераспределить,no_equality
13193,reassigned,перевести,no_equality
13194,reassigned,переводиться,no_equality
13195,stockbrokers,биржевые маклеры,no_equality
13196,stockbrokers,биржевых маклеров,no_equality
13197,stockbrokers,биржевые брокеры,no_equality
13198,stockbrokers,биржевых брокеров,no_equality
13199,stockbrokers,биржевыми брокерами,no_equality
13200,stockbrokers,брокер,no_equality
13201,defectively,эффективно,no_equality
13202,defectively,фактически,no_equality
13203,defectively,реально,no_equality
13204,defectively,успешно,no_equality
13205,defectively,действительно,no_equality
13206,defectively,действенно,no_equality
13207,defectively,практически,no_equality
13208,defectively,эффективного,no_equality
13209,defectively,эффективной,no_equality
13210,defectively,эффективное,no_equality
13211,defectively,эффективному,no_equality
13212,defectively,эффективную,no_equality
13213,defectively,эффективным образом,no_equality
13214,defectively,эффективности,no_equality
13215,defectively,эффективном,no_equality
13216,practicable,возможности,no_equality
13217,practicable,это практически возможно,possible
13218,practicable,сроки,no_equality
13219,practicable,это возможно,no_equality
13220,practicable,это практически осуществимо,no_equality
13221,practicable,практических,pratique
13222,practicable,практические,no_equality
13223,practicable,это целесообразно,no_equality
13224,practicable,практически осуществимые,réaliste
13225,practicable,практически осуществимой степени,envisageable
13226,practicable,практичным,réalisable
13227,practicable,практичным,pratique
13228,practicable,практичным,réaliste
13229,practicable,практически осуществимым,réalisable
13230,practicable,практически осуществимым,faisable
13231,practicable,практически осуществимым,utilisable
13232,practicable,это практически целесообразно,no_equality
13233,practicable,практически осуществимых,réaliste
13234,practicable,практической точки зрения,réalisable
13235,practicable,практической точки зрения,pratique
13236,injuries,травмы,blessé
13237,injuries,травмы,accident
13238,injuries,травмы,traumatisme
13239,injuries,травм,blessure
13240,injuries,травм,lésion
13241,injuries,травм,accident
13242,injuries,травм,traumatisme
13243,injuries,травматизма,blessure
13244,injuries,травматизма,traumatisme
13245,injuries,телесных повреждений,no_equality
13246,injuries,ранений,blessure
13247,injuries,ранений,blessé
13248,injuries,раненых,no_equality
13249,injuries,телесные повреждения,blessure
13250,injuries,телесные повреждения,blessé
13251,injuries,раны,no_equality
13252,injuries,травмами,blessure
13253,injuries,травмами,blessé
13254,injuries,травмами,traumatisme
13255,injuries,увечья,blessure
13256,injuries,увечья,blessé
13257,injuries,увечья,accident
13258,injuries,увечья,blessant
13259,injuries,получили ранения,blessant
13260,injuries,увечий,blessure
13261,injuries,увечий,blessé
13262,injuries,увечий,traumatisme
13263,injuries,ран,blessure
13264,injuries,травматизм,traumatisme
13265,injuries,пострадал,no_equality
13266,flinty,суровый,rocailleur
13267,flinty,суровый,dur
13268,desiderata,"""дезидерата""",no_equality
13269,sliders,ползунки,no_equality
13270,sliders,ползунков,no_equality
13271,sliders,регуляторы,no_equality
13272,sliders,ползунка,glissière
13273,sliders,слайдеры,no_equality
13274,sliders,маленькие бургеры,no_equality
13275,seizer,захватили,no_equality
13276,seizer,изъятий,no_equality
13277,seizer,изъятых,no_equality
13278,seizer,изъятого,no_equality
13279,seizer,занимается,no_equality
13280,seizer,изъяты,no_equality
13281,seizer,захваченных,no_equality
13282,seizer,изъяли,no_equality
13283,seizer,захватил,no_equality
13284,seizer,конфисковали,no_equality
13285,seizer,воспользоваться,no_equality
13286,seizer,конфисковано,no_equality
13287,seizer,захвачены,no_equality
13288,seizer,захватила,no_equality
13289,seizer,конфискованных,no_equality
13290,contravened,противоречит,enfreint
13291,contravened,противоречит,violation
13292,contravened,противоречит,est contraire à
13293,contravened,противоречит,contrevient à
13294,contravened,противоречат,no_equality
13295,contravened,нарушены,violé
13296,contravened,нарушены,violation
13297,contravened,нарушает,enfreint
13298,contravened,нарушает,violait
13299,contravened,нарушено,violé
13300,contravened,нарушено,violation
13301,contravened,нарушено,violait
13302,contravened,нарушение,no_equality
13303,contravened,нарушили,violation
13304,contravened,нарушают,no_equality
13305,contravened,нарушил,no_equality
13306,contravened,идет вразрез,no_equality
13307,Denmark,дания,danemark
13308,Denmark,дании,danemark
13309,Denmark,дании,danois
13310,Denmark,дании,denmark
13311,Denmark,данией,danemark
13312,Denmark,данию,danemark
13313,Denmark,датский,no_equality
13314,dictates,диктует,dicte
13315,dictates,диктует,impose
13316,dictates,диктует,exige
13317,dictates,требует,impose
13318,dictates,требует,exige
13319,dictates,требует,veut
13320,dictates,требует,implique
13321,dictates,диктату,dictats
13322,dictates,диктата,diktat
13323,dictates,подсказывает,no_equality
13324,dictates,требования,exigence
13325,dictates,требования,prescription
13326,dictates,определяет,no_equality
13327,dictates,требованиями,exige
13328,dictates,требованиями,impératif
13329,dictates,предписывает,impose
13330,dictates,предписывает,stipule
13331,dictates,диктат,diktat
13332,dictates,требуют,exige
13333,dictates,диктуют,dicte
13334,dictates,диктуют,dictent
13335,procedure,процедура,procédure
13336,procedure,процедура,procédé
13337,procedure,процедура,processus
13338,procedure,процедура,régime
13339,procedure,процедура,méthode
13340,procedure,процедура,modalité
13341,procedure,порядок,no_equality
13342,procedure,судопроизводство,procédure
13343,procedure,разбирательство,procédure
13344,procedure,операция,procédure
13345,procedure,операция,intervention
13346,procedure,операция,opération
13347,procedure,процессуальный,no_equality
13348,procedure,порядка,no_equality
13349,procedure,процесса,procédure
13350,procedure,процесса,procédé
13351,procedure,процесса,processus
13352,procedure,процесса,méthode
13353,procedure,процесса,opération
13354,procedure,процесса,démarche
13355,procedure,процедурных,procédure
13356,procedure,производстве,procédure
13357,procedure,процедурным,procédure
13358,procedure,процедурные,no_equality
13359,procedure,кодексов,no_equality
13360,procedure,процедурного,no_equality
13361,procedure,предусмотренной,no_equality
13362,procedure,порядок осуществления,no_equality
13363,correctives,корректировочных мер,mesures correctives
13364,historians,историки,historien
13365,historians,историков,historien
13366,historians,историками,historien
13367,historians,историкам,no_equality
13368,alps,альпы,no_equality
13369,alps,альп,no_equality
13370,alps,альпах,no_equality
13371,alps,комплект решений для авиакомпаний,no_equality
13372,alps,альпами,no_equality
13373,alps,альпам,no_equality
13374,alps,альпийских гор,alpine
13375,alps,альпийских гор,montagne
13376,alps,прогиб,no_equality
13377,alps,шамони,no_equality
13378,alps,альпийского,alpe
13379,storm,шторм,tempête
13380,storm,шторм,orage
13381,storm,шторм,ouragan
13382,storm,шторм,tornade
13383,storm,буря,tempête
13384,storm,буря,orage
13385,storm,буря,tourmente
13386,storm,ураган,tempête
13387,storm,ураган,orage
13388,storm,ураган,ouragan
13389,storm,ураган,cyclone
13390,storm,ураган,tornade
13391,storm,гроза,tempête
13392,storm,гроза,orage
13393,storm,штурм,assaut
13394,storm,штурмовать,prendre d'assaut
13395,storm,штурмовать,donner l'assaut
13396,storm,штормовых,no_equality
13397,storm,ливневых,no_equality
13398,storm,ливень,orage
13399,storm,ливень,averse
13400,storm,метель,tempête
13401,storm,приступ,assaut
13402,storm,ворваться,no_equality
13403,storm,грозовой,orageux
13404,storm,ураганный,no_equality
13405,storm,грозовые,no_equality
13406,storm,жестокий шторм,tempête
13407,storm,жестокий шторм,tornade
13408,storm,жестокий шторм,storm
13409,storm,storm,no_equality
13410,storm,сторма,storm
13411,pulpy,сочный,no_equality
13412,pulpy,мясистый,no_equality
13413,pulpy,мягкий,no_equality
13414,publish,издавать,publier
13415,publish,издавать,éditer
13416,publish,публиковать,publier
13417,publish,публиковать,diffuser
13418,publish,публиковать,publication
13419,publish,публиковать,rendre public
13420,publish,оглашать,publier
13421,publish,напечатать,publier
13422,publish,помещать,afficher
13423,publish,помещать,mettre
13424,appends,прилагает,no_equality
13425,appends,добавляет,ajoute
13426,customizing,адаптации,adaptation
13427,customizing,адаптация,adaptation
13428,customizing,кастомизации,no_equality
13429,customizing,индивидуализация,personnalisation
13430,customizing,настройка,personnaliser
13431,customizing,настройки,personnaliser
13432,programs,запрограммированный,no_equality
13433,subsections,подразделах,paragraphe
13434,subsections,подразделах,sous-sections
13435,subsections,подразделах,sous-chapitres
13436,subsections,подразделах,sous-rubriques
13437,subsections,подразделов,subdivision
13438,subsections,подразделов,sous-section
13439,subsections,подразделы,sous-sections
13440,subsections,подразделы,section
13441,subsections,подразделы,subdivision
13442,subsections,подразделам,rubrique
13443,subsections,пунктах,paragraphe
13444,subsections,подразделами,sous-sections
13445,subsections,подраздела,paragraphe
13446,subsections,подраздела,sous-section
13447,patrolmen,патрульных,patrouilleur
13448,patrolmen,патрульных,patrouille
13449,patrolmen,патрульные,patrouilleur
13450,patrolmen,патрульные,patrouille
13451,patrolmen,патрульными,patrouilleur
13452,patrolmen,патрульным,no_equality
13453,patrolmen,полицейских,no_equality
13454,patrolmen,патрульный,patrouilleur
13455,handshakes,рукопожатия,poignée de main
13456,handshakes,рукопожатий,no_equality
13457,handshakes,рукопожатиями,poignées de main
13458,freshened,опресненный,no_equality
13459,freshened,обновленный,no_equality
13460,freshened,освежаемый,no_equality
13461,coniferous,хвойный,no_equality
13462,coniferous,шишконосный,no_equality
13463,coniferous,хвойные,no_equality
13464,coniferous,хвойное,conifère
13465,coniferous,темнохвойных,no_equality
13466,coniferous,хвойного,no_equality
13467,finding,вывод,conclusion
13468,finding,вывод,constatation
13469,finding,вывод,constat
13470,finding,вывод,conclure
13471,finding,вывод,constaté
13472,finding,находка,découverte
13473,finding,обнаружение,découverte
13474,finding,определение,décision
13475,finding,результат,résultat
13476,finding,обретение,no_equality
13477,finding,факт,no_equality
13478,finding,сведения,no_equality
13479,finding,изыскание,trouver
13480,finding,изыскание,recherche
13481,finding,констатация,constatation
13482,finding,находящий,no_equality
13483,finding,нашедший,no_equality
13484,finding,обретающий,no_equality
13485,maintainers,сопровождающих,soutien
13486,maintainers,сопровождающим,no_equality
13487,maintainers,сопровождающими,no_equality
13488,maintainers,сопровождающие,no_equality
13489,maintainers,разработчиков,responsable
13490,maintainers,разработчиков,développeur
13491,Mohicans,могикан,no_equality
13492,Mohicans,могикане,no_equality
13493,menials,слуг,no_equality
13494,grids,сетки,grille
13495,grids,сетки,quadrillage
13496,grids,сетки,filet
13497,grids,сетей,réseau
13498,grids,сетей,filet
13499,grids,сети,réseau
13500,grids,сети,filet
13501,grids,сеток,no_equality
13502,grids,электросетей,no_equality
13503,grids,электросети,no_equality
13504,grids,сетями,réseau
13505,grids,сетями,filet
13506,grids,энергосети,no_equality
13507,grids,сетках,no_equality
13508,grids,сетками,filet
13509,grids,решетки,grille
13510,grids,решетки,treillis
13511,grids,энергосистем,no_equality
13512,grids,энергосетей,no_equality
13513,grids,энергосистемы,no_equality
13514,grids,электросетям,no_equality
13515,overestimated,завышенный,no_equality
13516,overestimated,переоцененный,no_equality
13517,exportings,экспорт,exportation
13518,exportings,экспортирующих,exportateur
13519,exportings,экспортирующих,exportent
13520,exportings,экспортирующих,exportant
13521,exportings,экспортирующие,exportateur
13522,exportings,экспортирующие,exportent
13523,exportings,экспортирующие,exportant
13524,exportings,экспортеров,exportateur
13525,exportings,экспортеров,exportation
13526,exportings,экспортировать,exportation
13527,exportings,экспортировать,exporter
13528,exportings,экспортирующими,exportateur
13529,exportings,экспортирующими,exportent
13530,exportings,экспортирующей,exportateur
13531,exportings,экспортерами,exportateur
13532,exportings,экспортерами,exportent
13533,exportings,экспортируют,exportateur
13534,exportings,экспортируют,exporter
13535,exportings,экспортируют,exportent
13536,exportings,экспортируют,exportaient
13537,exportings,экспортирующим,exportateur
13538,exportings,экспортирует,exportateur
13539,exportings,экспортирует,exportent
13540,exportings,экспортирует,exporte
13541,exportings,экспортных,exportateur
13542,exportings,экспортных,exportation
13543,exportings,экспортных,exportent
13544,exportings,экспортируя,exportant
13545,exportings,экспортеры,exportateur
13546,exportings,экспортной,exportation
13547,conservancies,природоохранные зоны,no_equality
13548,twisting,извилистый,tortueux
13549,twisting,скручивание,no_equality
13550,twisting,сжимает,no_equality
13551,twisting,выкручивал,no_equality
13552,twisting,искажает,no_equality
13553,twisting,скручивания,no_equality
13554,twisting,закручивания,no_equality
13555,twisting,выкручивает,no_equality
13556,twisting,поворачиваете,no_equality
13557,twisting,выкручивать,no_equality
13558,twisting,извращает,no_equality
13559,twisting,искажаете,no_equality
13560,twisting,выкручивания,no_equality
13561,twisting,искажаешь,no_equality
13562,Dreisers,водителей,no_equality
13563,Dreisers,водители,conducteur
13564,Dreisers,водители,chauffeur
13565,Dreisers,водители,automobiliste
13566,Dreisers,факторов,facteur
13567,Dreisers,факторов,cause
13568,Dreisers,факторов,déterminant
13569,Dreisers,водителям,no_equality
13570,Dreisers,факторы,moteur
13571,Dreisers,факторы,facteur
13572,Dreisers,факторы,cause
13573,Dreisers,водителями,pilote
13574,Dreisers,водителями,chauffeur
13575,Dreisers,водителя,conducteur
13576,Dreisers,водителя,pilote
13577,Dreisers,водителя,chauffeur
13578,Dreisers,водителя,camionneur
13579,Dreisers,драйверы,pilote
13580,Dreisers,драйверов,no_equality
13581,Dreisers,факторами,moteur
13582,Dreisers,факторами,facteur
13583,Dreisers,факторами,cause
13584,Dreisers,движущие силы,no_equality
13585,Dreisers,движущих сил,moteur
13586,Dreisers,движущих сил,facteur
13587,Dreisers,движущих сил,déterminant
13588,Dreisers,движущими силами,moteur
13589,Dreisers,причин,facteur
13590,Dreisers,причин,cause
13591,Dreisers,драйвера,pilote
13592,revitalizing,оживление,no_equality
13593,revitalizing,активизации деятельности,revitalisation
13594,revitalizing,возрождение,relance
13595,revitalizing,активизацию деятельности,revitalisation
13596,revitalizing,активизация деятельности,revitalisation
13597,revitalizing,оживлению деятельности,revitaliser
13598,revitalizing,обновления,revitalisation
13599,revitalizing,активизацию работы,no_equality
13600,revitalizing,активизация работы,revitalisation
13601,revitalizing,реанимации,no_equality
13602,rebelled,восстали,se sont rebellés
13603,rebelled,восстали,se révoltèrent
13604,rebelled,восстал,me suis rebellé
13605,rebelled,взбунтовался,no_equality
13606,rebelled,восставших,no_equality
13607,rebelled,взбунтовались,no_equality
13608,rebelled,взбунтовалась,no_equality
13609,rebelled,бунтовать,se rebeller
13610,rebelled,восстало,no_equality
13611,rebelled,восстание,rébellion
13612,rebelled,бунт,se rebeller
13613,rebelled,бунт,rébellion
13614,rebelled,бунтовала,no_equality
13615,enumerators,счетчиков,agents recenseurs
13616,enumerators,счетчиков,enquêteur
13617,enumerators,счетчики,agents recenseurs
13618,enumerators,счетчики,enquêteur
13619,enumerators,счетчиками,no_equality
13620,enumerators,счетчикам,enquêteur
13621,enumerators,переписчиков,no_equality
13622,enumerators,переписчиками,no_equality
13623,enumerators,регистраторы,no_equality
13624,enumerators,регистраторов,no_equality
13625,enumerators,переписчикам,no_equality
13626,managerial,управленческий,administratif
13627,managerial,управления,no_equality
13628,managerial,руководящих,direction
13629,managerial,руководящих,encadrement
13630,managerial,руководящих,cadre
13631,managerial,руководителей,no_equality
13632,managerial,руководящие,direction
13633,managerial,руководящие,encadrement
13634,managerial,руководящие,cadre
13635,managerial,руководства,no_equality
13636,managerial,административных,administratif
13637,managerial,административных,administration
13638,managerial,руководителя,no_equality
13639,managerial,административные,administratif
13640,managerial,административные,administration
13641,managerial,руководящим,direction
13642,managerial,руководящим,encadrement
13643,managerial,административной,administratif
13644,managerial,административной,administration
13645,managerial,руководящего звена,gestionnaire
13646,managerial,руководящего звена,direction
13647,managerial,руководящего звена,encadrement
13648,managerial,управляющих,no_equality
13649,managerial,управлении,no_equality
13650,managerial,административного,administratif
13651,managerial,административного,administration
13652,restrain,сдерживать,retenir
13653,restrain,сдерживать,limiter
13654,restrain,сдерживать,empêcher
13655,restrain,сдерживать,maîtriser
13656,restrain,сдерживать,contenir
13657,restrain,сдерживать,freiner
13658,restrain,сдерживать,réprimer
13659,restrain,сдерживать,entraver
13660,restrain,обуздывать,no_equality
13661,restrain,удерживать,retenir
13662,restrain,удерживать,empêcher
13663,restrain,задерживать,retenir
13664,restrain,задерживать,entraver
13665,restrain,ущемлять,entraver
13666,restrain,сдержаться,no_equality
13667,restrain,подавлять,no_equality
13668,restrain,останавливать,retenir
13669,restrain,останавливать,immobiliser
13670,restrain,смирять,no_equality
13671,formalize,формализовать,officialiser
13672,formalize,формализовать,formaliser
13673,formalize,официально оформить,officialiser
13674,formalize,официально оформить,formaliser
13675,formalize,формализации,no_equality
13676,formalize,официально закрепить,officialiser
13677,formalize,официально закрепить,formaliser
13678,formalize,официально закрепить,institutionnaliser
13679,formalize,придания официального статуса,officialiser
13680,formalize,придания официального статуса,formaliser
13681,formalize,придания официального статуса,formalisation
13682,formalize,официального закрепления,no_equality
13683,formalize,официальный характер,no_equality
13684,formalize,формализацию,no_equality
13685,formalize,формальному закреплению,no_equality
13686,formalize,официальное оформление,no_equality
13687,formalize,придать официальный статус,officialiser
13688,formalize,формально закрепить,no_equality
13689,formalize,формализация,no_equality
13690,excavators,экскаваторы,no_equality
13691,excavators,экскаваторов,no_equality
13692,excavators,экскаватора,excavateur
13693,excavators,экскаватора,pelleteuse
13694,excavators,экскаваторами,no_equality
13695,looted,разграблены,pillé
13696,looted,разграблены,pillage
13697,looted,разграблены,mis à sac
13698,looted,разграблены,mises à sac
13699,looted,разграбили,no_equality
13700,looted,разграблено,pillé
13701,looted,разграблено,pillage
13702,looted,разграблена,pillé
13703,looted,разграблению,no_equality
13704,looted,разграблен,pillé
13705,looted,грабили,pillé
13706,looted,грабили,pillage
13707,looted,грабили,ont volé
13708,looted,грабили,pillaient
13709,looted,разграбления,no_equality
13710,looted,разграбленных,no_equality
13711,looted,похищены,no_equality
13712,looted,похищенных,no_equality
13713,looted,ограбили,ont volé
13714,looted,разграбила,no_equality
13715,looted,разграблялись,no_equality
13716,looted,разграбление,no_equality
13717,smut,смат,smut
13718,smut,головня,no_equality
13719,smut,непристойности,obscénité
13720,smut,похабщину,no_equality
13721,smut,непристойно,no_equality
13722,smut,порножурналы,no_equality
13723,smut,порнуха,porno
13724,smut,порнографии,porno
13725,smut,непристойностям,no_equality
13726,smut,смату,no_equality
13727,smut,порнографией,porno
13728,smut,порнографические,no_equality
13729,infringes,нарушает,viole
13730,infringes,нарушает,enfreint
13731,infringes,нарушает,violerait
13732,infringes,нарушает,constitue une violation
13733,infringes,нарушает,bafoue
13734,infringes,ущемляет,viole
13735,infringes,ущемляет,porte atteinte
13736,infringes,ущемляет,portent atteinte
13737,infringes,ущемляет,bafoue
13738,infringes,представляет собой посягательство,no_equality
13739,infringes,нарушающее,no_equality
13740,infringes,нарушающую,no_equality
13741,infringes,нарушающего,no_equality
13742,infringes,посягающего,portant atteinte
13743,infringes,нарушающий,no_equality
13744,infringes,противоречащий,no_equality
13745,infringes,противоречит,viole
13746,infringes,противоречит,enfreint
13747,infringes,противоречит,contrevient à
13748,infringes,посягает,porte atteinte
13749,infringes,посягает,empiète
13750,infringes,является нарушением,viole
13751,infringes,является нарушением,est contraire
13752,infringes,является нарушением,constitue une violation
13753,objectors,службы по соображениям совести,no_equality
13754,objectors,армии по соображениям совести,no_equality
13755,objectors,службы по идейным соображениям,no_equality
13756,objectors,службы по своим убеждениям,no_equality
13757,objectors,отказников,objecteur
13758,coincides,совпадает,no_equality
13759,coincides,совпадают,coïncide
13760,coincides,совпадают,correspond
13761,coincides,совпадают,coïncident
13762,coincides,совпала,coïncide
13763,coincides,совпадет,correspond
13764,coincides,совпадет,coïncidera
13765,coincides,сочетается,coïncide
13766,coincides,происходит одновременно,no_equality
13767,coincides,перекликается,no_equality
13768,coincides,совпало,correspond
13769,coincides,совпало,coïncidence
13770,coincides,совпал,coïncide
13771,coincides,совпал,correspond
13772,okays,одобрять,no_equality
13773,tsarinas,царицы,no_equality
13774,windscreens,ветровых стекол,pare-brise
13775,windscreens,ветровые стекла,pare-brise
13776,windscreens,ветрового стекла,pare-brise
13777,windscreens,ветровым стеклам,no_equality
13778,windscreens,ветровых стеклах,no_equality
13779,windscreens,являющихся ветровыми,pare-brise
13780,windscreens,являющиеся ветровыми,pare-brise
13781,windscreens,ветровому стеклу,pare-brise
13782,coarseness,грубость,grossièreté
13783,coarseness,грубость,vulgarité
13784,coarseness,грубости,grossièreté
13785,Mesopotamias,месопотамии,mésopotamie
13786,Mesopotamias,месопотамия,mésopotamien
13787,Mesopotamias,месопотамия,mésopotamie
13788,Mesopotamias,междуречье,no_equality
13789,Mesopotamias,месопотамией,no_equality
13790,Mesopotamias,месопотамию,no_equality
13791,combing,прочесывают,no_equality
13792,combing,прочесывали,no_equality
13793,combing,расчесывать,no_equality
13794,combing,расчесывание,no_equality
13795,combing,прочёсывать,no_equality
13796,combing,прочёсывает,no_equality
13797,combing,прочесываем,no_equality
13798,combing,расчесывала,no_equality
13799,combing,просматривала,no_equality
13800,combing,прочесыванию,no_equality
13801,combing,прочёсываете,no_equality
13802,combing,шерстят,no_equality
13803,combing,чесальная,no_equality
13804,accredit,аккредитовать,accréditer
13805,accredit,аккредитовать,accréditation
13806,accredit,аккредитации,no_equality
13807,accredit,аккредитовывать,no_equality
13808,accredit,аккредитацию,no_equality
13809,accredit,аккредитует,no_equality
13810,accredit,аккредитуемых,no_equality
13811,accredit,аккредитация,no_equality
13812,inoculatings,прививки,inoculation
13813,inoculatings,прививки,vacciner
13814,inoculatings,прививок,vacciner
13815,inoculatings,вакцинация,vacciner
13816,inoculatings,вакцинации,no_equality
13817,inoculatings,вакцинацию,vacciner
13818,good-byes,прощания,adieu
13819,good-byes,прощаний,no_equality
13820,good-byes,прощаниях,no_equality
13821,good-byes,попрощался,no_equality
13822,good-byes,прощай,adieu
13823,good-byes,прощай,au revoir
13824,good-byes,попрощаться,no_equality
13825,good-byes,попрощалась,no_equality
13826,good-byes,попрощаюсь,no_equality
13827,good-byes,умею прощаться,adieu
13828,good-byes,попрощались,adieu
13829,garrisoned,гарнизон,garnison
13830,garrisoned,дислоцированных,stationnées
13831,edifying,поучительным,no_equality
13832,edifying,поучительно,édifiant
13833,disposal,удаление,élimination
13834,disposal,удаление,évacuation
13835,disposal,удаление,déchet
13836,disposal,распоряжение,disposition
13837,disposal,распоряжение,ordre
13838,disposal,утилизация,no_equality
13839,disposal,ликвидация,élimination
13840,disposal,ликвидация,liquidation
13841,disposal,уничтожение,élimination
13842,disposal,уничтожение,destruction
13843,disposal,захоронение,déchet
13844,disposal,обезвреживание,élimination
13845,disposal,обезвреживание,neutralisation
13846,disposal,выбытие,cession
13847,disposal,распоряжения,disposition
13848,disposal,распоряжения,liquidation
13849,disposal,распоряжения,ordre
13850,disposal,отходов,élimination
13851,disposal,отходов,déchet
13852,disposal,отходов,rejet
13853,disposal,списание,no_equality
13854,disposal,сброс,immersion
13855,disposal,отчуждение,no_equality
13856,disposal,избавление,no_equality
13857,disposal,реализации,no_equality
13858,disposal,располагает,dispose
13859,disposal,размещение,no_equality
13860,disposal,передача,cession
13861,swearers,свитера,no_equality
13862,swearers,свитеры,no_equality
13863,swearers,свитеров,no_equality
13864,swearers,свитер,no_equality
13865,swearers,свитерах,no_equality
13866,swearers,свитерами,no_equality
13867,swearers,кофточки,no_equality
13868,perfusion,опрыскивание,no_equality
13869,perfusion,обливание,no_equality
13870,perfusion,перфузии,no_equality
13871,cryogen,криогенная смесь,no_equality
13872,masochistic,мазохистский,no_equality
13873,masochistic,мазохист,no_equality
13874,masochistic,мазохистские,no_equality
13875,masochistic,мазохистское,no_equality
13876,pallor,бледность,pâleur
13877,diagonal,диагональный,diagonal
13878,diagonal,диагональ,diagonale
13879,diagonal,диагональную,no_equality
13880,diagonal,диагональное,no_equality
13881,diagonal,диагональным,no_equality
13882,diagonal,diagonal,no_equality
13883,diagonal,по диагонали,no_equality
13884,diagonal,диагональном,diagonale
13885,diagonal,красной диагональю,no_equality
13886,regents,регенты,no_equality
13887,regents,регентов,régent
13888,regents,членов комитета,no_equality
13889,regents,члены комитета,no_equality
13890,regents,регентам,no_equality
13891,regents,риджентс,no_equality
13892,regents,regents,no_equality
13893,regents,регентами,no_equality
13894,regents,попечителей,no_equality
13895,incriminatingly,уличающие,no_equality
13896,incriminatingly,уличающих,no_equality
13897,incriminatingly,инкриминирующие,no_equality
13898,incriminatingly,компрометирующие,no_equality
13899,incriminatingly,компрометирующее,compromettant
13900,incriminatingly,изобличающих,no_equality
13901,incriminatingly,инкриминирующей,no_equality
13902,incriminatingly,инкриминирующее,no_equality
13903,incriminatingly,инкриминируемые,incriminés
13904,incriminatingly,компрометирующих,no_equality
13905,incriminatingly,компромат,no_equality
13906,incriminatingly,инкриминировать,no_equality
13907,incriminatingly,инкриминирующего,no_equality
13908,balanced,сбалансированный,équilibré
13909,balanced,сбалансированный,équitable
13910,balanced,взвешенный,équilibré
13911,balanced,взвешенный,pondéré
13912,balanced,уравновешенный,équilibré
13913,balanced,сбалансированность,no_equality
13914,balanced,сбалансированы,no_equality
13915,balanced,баланс,no_equality
13916,balanced,сбалансирован,no_equality
13917,balanced,сбалансировано,no_equality
13918,balanced,сбалансировать,no_equality
13919,balanced,сбалансирована,no_equality
13920,balanced,взвешенного,pondéré
13921,balanced,взвешенных,no_equality
13922,balanced,взвешенную,équilibré
13923,balanced,равновесие,no_equality
13924,balanced,взвешенной,no_equality
13925,strategically,стратегически,stratégiquement
13926,strategically,в стратегическом плане,no_equality
13927,strategically,стратегический,no_equality
13928,axonal,аксональный,no_equality
13929,confiscation,конфискация,confiscation
13930,confiscation,конфискация,saisie
13931,confiscation,изъятие,confiscation
13932,confiscation,изъятие,saisie
13933,confiscation,изъятие,expropriation
13934,confiscation,конфискованы,confiscation
13935,confiscation,конфискованы,confisqué
13936,confiscation,конфисковано,confiscation
13937,confiscation,конфисковано,confisqué
13938,confiscation,конфисковано,confisquer
13939,confiscation,конфискуют,no_equality
13940,confiscation,конфискуется,no_equality
13941,confiscation,конфисковать,no_equality
13942,confiscation,конфисковывать,no_equality
13943,sandwiching,прослаивать,no_equality
13944,sandwiching,производство многослойного материала,no_equality
13945,sandwiching,послойная укладка,no_equality
13946,skunks,скунсы,moufette
13947,skunks,скунсов,moufette
13948,skunks,скунса,putois
13949,skunks,скунса,sconse
13950,skunks,стельку,no_equality
13951,plights,бедственного положения,détresse
13952,sight,взгляд,vue
13953,sight,взгляд,vision
13954,sight,взгляд,regard
13955,sight,взгляд,air
13956,sight,зрелище,spectacle
13957,sight,зрелище,scène
13958,sight,зрелище,tableau
13959,sight,вид,vue
13960,sight,вид,regard
13961,sight,вид,air
13962,sight,видимость,no_equality
13963,sight,поле зрения,vue
13964,sight,прицел,visée
13965,sight,прицел,viseur
13966,sight,прицел,mire
13967,sight,достопримечательность,no_equality
13968,sight,предъявление,no_equality
13969,sight,визир,no_equality
13970,sight,увидеть,voir
13971,sight,увидеть,apercevoir
13972,sight,визировать,no_equality
13973,sight,смотровой,no_equality
13974,sight,зрительный,visuel
13975,sight,прицельный,no_equality
13976,sight,зрячий,no_equality
13977,sight,визирный,no_equality
13978,sight,на глазах,devant
13979,sustainability,устойчивость,durabilité
13980,sustainability,устойчивость,viabilité
13981,sustainability,устойчивость,pérennité
13982,sustainability,стабильность,viabilité
13983,sustainability,устойчивое развитие,durabilité
13984,sustainability,устойчивое развитие,développement durable
13985,sustainability,устойчивое развитие,pérennisation
13986,sustainability,устойчивое развитие,sustainability
13987,sustainability,жизнеспособность,viabilité
13988,sustainability,жизнеспособность,pérennité
13989,sustainability,надежность,no_equality
13990,sustainability,преемственность,no_equality
13991,sustainability,состоятельность,no_equality
13992,sustainability,устойчивого развития,durabilité
13993,sustainability,устойчивого развития,viabilité
13994,sustainability,устойчивого развития,développement durable
13995,sustainability,устойчивого характера,durabilité
13996,sustainability,устойчивого характера,viabilité
13997,sustainability,устойчивого характера,pérennité
13998,sustainability,устойчивый характер,durabilité
13999,sustainability,устойчивый характер,viabilité
14000,sustainability,устойчивый характер,pérennité
14001,sustainability,устойчивый характер,pérenniser
14002,sustainability,устойчивому развитию,no_equality
14003,sustainability,приемлемом уровне,viabilité
14004,sustainability,неистощительности,no_equality
14005,sustainability,самостоятельности,viabilité
14006,sustainability,устойчивой основе,no_equality
14007,sustainability,выживаемость,no_equality
14008,arrested,задержанный,no_equality
14009,arrested,арестовываемый,no_equality
14010,blot,пятно,tache
14011,blot,запятнать,no_equality
14012,blot,испачкать,no_equality
14013,blot,пачкать,no_equality
14014,blot,позоришь меня,no_equality
14015,blot,кляксу,no_equality
14016,blot,роршаха,no_equality
14017,resters,реестров,no_equality
14018,resters,реестры,no_equality
14019,resters,списки,no_equality
14020,resters,списков,no_equality
14021,resters,реестр,no_equality
14022,resters,реестрах,no_equality
14023,resters,реестрами,no_equality
14024,resters,кандидатов,no_equality
14025,resters,реестрам,no_equality
14026,resters,ростеров,no_equality
14027,resters,перечней,no_equality
14028,resters,списками,no_equality
14029,metropolises,городов,no_equality
14030,metropolises,метрополии,métropole
14031,metropolises,мегаполисы,métropole
14032,metropolises,метрополиями,no_equality
14033,metropolises,столиц,métropole
14034,metropolises,мегаполисов,métropole
14035,metropolises,крупных городах,no_equality
14036,visits,приезжая,no_equality
14037,woke,разбудил,a réveillée
14038,woke,разбудил,ai réveillée
14039,woke,разбудил,as réveillée
14040,woke,разбудило,a réveillée
14041,woke,проснулся,matin
14042,woke,проснулся,se réveilla
14043,woke,проснулся,se réveille
14044,woke,проснулись,se réveille
14045,woke,проснулись,se sont réveillés
14046,woke,проснулись,réveillez
14047,woke,разбудила,no_equality
14048,woke,разбудили,no_equality
14049,woke,просыпался,se réveille
14050,woke,просыпался,se réveillait
14051,woke,проснувшись,se réveilla
14052,woke,пробудил,a réveillée
14053,woke,проснуться,no_equality
14054,woke,будил,no_equality
14055,woke,просыпались,réveillez
14056,woke,пробуждения,no_equality
14057,woke,разбудить,no_equality
14058,woke,пробудился,no_equality
14059,manage,руководить,gérer
14060,manage,руководить,administrer
14061,manage,руководить,diriger
14062,manage,справляться,gérer
14063,manage,справляться,se débrouiller
14064,manage,умудриться,no_equality
14065,manage,обходиться,no_equality
14066,manage,заведовать,no_equality
14067,manage,успеть,no_equality
14068,manage,ухитряться,no_equality
14069,manage,достаться,no_equality
14070,leftism,левые взгляды,no_equality
14071,leftism,левизна,no_equality
14072,feuds,вражда,querelle
14073,feuds,вражда,lutte
14074,feuds,вражда,inimitié
14075,feuds,вражды,querelle
14076,feuds,вражды,inimitié
14077,feuds,вражде,no_equality
14078,feuds,распрей,no_equality
14079,feuds,ссор,querelle
14080,feuds,распри,querelle
14081,feuds,родовой вражды,querelle
14082,feuds,родовой вражды,inimitié
14083,feuds,враждой,querelle
14084,feuds,кровная месть,vendetta
14085,iodinations,признаки того,signe
14086,iodinations,указания,indication
14087,iodinations,указания,mention
14088,iodinations,свидетельства того,indication
14089,iodinations,указаний,indication
14090,iodinations,основания полагать,no_equality
14091,iodinations,показатели,indicateur
14092,iodinations,признаков того,signe
14093,iodinations,указаниями,no_equality
14094,iodinations,свидетельств того,no_equality
14095,iodinations,показаний,no_equality
14096,iodinations,указанием,indication
14097,iodinations,указанием,mention
14098,iodinations,судя,semble
14099,iodinations,показаниям,no_equality
14100,iodinations,свидетельствует о том,no_equality
14101,iodinations,сведения о том,no_equality
14102,strategist,стратег,stratège
14103,atomiser,спрей,no_equality
14104,reassured,заверил,a assuré
14105,reassured,заверяет,no_equality
14106,reassured,заверили,a assuré
14107,reassured,заверила,a assuré
14108,reassured,уверены,no_equality
14109,reassured,заверения,assurance
14110,reassured,успокоил,no_equality
14111,reassured,успокоили,no_equality
14112,reassured,заверить,no_equality
14113,reassured,заверило,a assuré
14114,reassured,уверенность,no_equality
14115,defilers,"""осквернители""",no_equality
14116,almighty,всемогущий,tout-puissant
14117,almighty,всемогущий,tout puissant
14118,almighty,всемогущий,omnipotent
14119,almighty,всевышний,le tout-puissant
14120,almighty,всевышний,seigneur
14121,almighty,всемогущего,tout puissant
14122,almighty,всевышнего,tout-puissant
14123,almighty,всевышнего,tout puissant
14124,almighty,всевышнего,très-haut
14125,almighty,вседержитель,no_equality
14126,almighty,всевышнему,tout puissant
14127,almighty,чертовски,no_equality
14128,almighty,almighty,no_equality
14129,almighty,всевышним,no_equality
14130,faxes,факсы,télécopie
14131,faxes,факсы,fax
14132,faxes,факсов,télécopie
14133,faxes,факсов,fax
14134,faxes,факсимильные сообщения,télécopie
14135,faxes,факсимильных сообщений,télécopie
14136,faxes,факсимильных сообщений,messages télécopiés
14137,faxes,факса,télécopie
14138,faxes,факсами,no_equality
14139,faxes,факсимильная связь,télécopie
14140,faxes,факс,fax
14141,faxes,факсах,no_equality
14142,faxes,аппараты факсимильной связи,fax
14143,faxes,заказы,no_equality
14144,faxes,факсам,no_equality
14145,offspring,потомство,progéniture
14146,offspring,потомство,descendance
14147,offspring,потомство,descendant
14148,offspring,потомство,postérité
14149,offspring,потомство,semence
14150,offspring,отпрыск,progéniture
14151,offspring,отпрыск,rejeton
14152,offspring,потомок,progéniture
14153,offspring,потомок,descendance
14154,offspring,потомок,descendant
14155,offspring,детей,enfant
14156,offspring,детей,petit
14157,offspring,дети,no_equality
14158,offspring,потомки,progéniture
14159,offspring,потомки,descendance
14160,offspring,потомки,descendant
14161,offspring,потомки,postérité
14162,offspring,отпрысками,no_equality
14163,offspring,детям,enfant
14164,chromatinic,хроматический,no_equality
14165,chromatinic,цветной,no_equality
14166,chromatinic,хроматической,no_equality
14167,chromatinic,хроматические,no_equality
14168,chromatinic,хроматических,no_equality
14169,chromatinic,хроматическую,no_equality
14170,spasms,спазмы,spasme
14171,spasms,спазмы,crampe
14172,spasms,спазмов,spasme
14173,spasms,судорогах,no_equality
14174,spasms,судороги,spasme
14175,spasms,судороги,crampe
14176,agglomerations,агломераций,agglomération
14177,agglomerations,агломерациях,agglomération
14178,agglomerations,агломерациям,no_equality
14179,agglomerations,агломерациями,no_equality
14180,agglomerations,жилых массивах,no_equality
14181,agglomerations,скопления,no_equality
14182,agglomerations,агломератов,no_equality
14183,agglomerations,агломераты,no_equality
14184,self-awarenesses,самосознание,conscience de soi
14185,self-awarenesses,самоанализ,no_equality
14186,self-awarenesses,самопознания,no_equality
14187,self-awarenesses,самосознанию,no_equality
14188,cunts,шлюхи,salope
14189,cunts,шлюхи,pute
14190,cunts,суки,salope
14191,cunts,суки,enfoiré
14192,cunts,суки,connasse
14193,cunts,ублюдки,con
14194,cunts,ублюдки,salaud
14195,cunts,ублюдки,enfoiré
14196,cunts,гондоны,enculés
14197,cunts,пёзды,no_equality
14198,cunts,уроды,con
14199,cunts,уроды,salaud
14200,cunts,уроды,enfoiré
14201,cunts,свиньи,no_equality
14202,cunts,твари,no_equality
14203,Orthodox_Churches,православных церквей,églises orthodoxes
14204,Orthodox_Churches,православные церкви,no_equality
14205,Orthodox_Churches,православных храмов,no_equality
14206,Orthodox_Churches,православным церквям,no_equality
14207,Orthodox_Churches,православные храмы,no_equality
14208,vigorously,энергично,vigoureusement
14209,vigorously,энергично,énergiquement
14210,vigorously,энергично,avec vigueur
14211,vigorously,энергично,activement
14212,vigorously,энергично,avec force
14213,vigorously,энергично,résolument
14214,vigorously,энергично,avec énergie
14215,vigorously,энергично,fortement
14216,vigorously,сильно,vigoureusement
14217,vigorously,сильно,vivement
14218,vigorously,сильно,fortement
14219,vigorously,активно,vigoureusement
14220,vigorously,активно,énergiquement
14221,vigorously,активно,activement
14222,vigorously,активно,fermement
14223,vigorously,активно,vivement
14224,vigorously,активно,résolument
14225,vigorously,активно,fortement
14226,vigorously,бодро,no_equality
14227,vigorously,яростно,no_equality
14228,fencer,фехтовальщиком,no_equality
14229,fencer,фехтовальщик,escrimeur
14230,predicating,утверждение,no_equality
14231,thwarter,сорваны,no_equality
14232,thwarter,предотвратили,no_equality
14233,thwarter,сорвали,no_equality
14234,thwarter,подорваны,no_equality
14235,thwarter,сорвано,no_equality
14236,thwarter,пресечены,no_equality
14237,thwarter,предотвратить,no_equality
14238,thwarter,сорван,no_equality
14239,thwarter,подрываются,no_equality
14240,thwarter,пресекли,no_equality
14241,thwarter,предотвращено,no_equality
14242,thwarter,наталкивается,no_equality
14243,thwarter,помешали,no_equality
14244,thwarter,срываются,no_equality
14245,thwarter,воспрепятствовать,no_equality
14246,sharpness,резкость,no_equality
14247,sharpness,четкость,netteté
14248,sharpness,четкость,précision
14249,sharpness,четкость,clarté
14250,sharpness,точность,précision
14251,sharpness,острота,acuité
14252,sharpness,острота,finesse
14253,sharpness,резкости светотеневой границы,netteté
14254,hair_styles,прически,coiffure
14255,hair_styles,прическами,no_equality
14256,hair_styles,прическах,no_equality
14257,hair_styles,прическу,coiffure
14258,hair_styles,причесок,coiffure
14259,drowsing,дремота,no_equality
14260,encephalitises,энцефалит,encéphalite
14261,forebodings,предчувствие,pressentiment
14262,mulching,мульчирования,no_equality
14263,mulching,мульчирование,no_equality
14264,prospectuses,проспекты,prospectus
14265,prospectuses,проспекты,brochure
14266,prospectuses,проспектов,prospectus
14267,prospectuses,проспектов,brochure
14268,Gargantua,гаргантюа,gargantua
14269,overestimate,переоценивать,surestimer
14270,overestimate,переоценивать,surestimée
14271,overestimate,переоценивать,sous-estimer
14272,overestimate,переоценить,no_equality
14273,overestimate,завышать,surévaluer
14274,overestimate,завышение,surestimation
14275,overestimate,завышены,no_equality
14276,overestimate,завышенным,no_equality
14277,overestimate,преувеличиваешь,no_equality
14278,overestimate,преувеличивай,no_equality
14279,overestimate,переоцениваю,no_equality
14280,overestimate,завышенной,no_equality
14281,underlayments,нижнее белье,no_equality
14282,underlayments,нижнего белья,no_equality
14283,underlayments,бельём,no_equality
14284,pacer,иноходец,no_equality
14285,pacer,пейсер,no_equality
14286,pacer,пэйсер,no_equality
14287,pacer,тстэо,no_equality
14288,sapience,мудрость,sagesse
14289,reasonableness,разумность,no_equality
14290,reasonableness,обоснованность,bien-fondé
14291,reasonableness,целесообразность,bien-fondé
14292,reasonableness,целесообразность,pertinence
14293,reasonableness,оправданность,no_equality
14294,reasonableness,разумной необходимости,no_equality
14295,reasonableness,разумного характера,caractère
14296,reasonableness,благоразумия,no_equality
14297,murdering,убивающий,no_equality
14298,murdering,убийство,meurtrier
14299,murdering,убийство,assassinat
14300,murdering,убийство,assassin
14301,murdering,убийство,avoir assassiné
14302,ring,кольцо,bague
14303,ring,кольцо,anneau
14304,ring,кольцо,cercle
14305,ring,ринг,ring
14306,ring,звонок,sonnerie
14307,ring,перстень,no_equality
14308,ring,колечко,no_equality
14309,ring,круг,cercle
14310,ring,круг,réseau
14311,ring,позвонить,sonner
14312,ring,позвонить,appeler
14313,ring,позвонить,téléphoner
14314,ring,звонить,sonner
14315,ring,звонить,appeler
14316,ring,звонить,téléphoner
14317,ring,звучать,sonner
14318,ring,звучать,retentir
14319,ring,звучать,résonner
14320,ring,зазвонить,sonner
14321,ring,кольцевой,no_equality
14322,ring,безымянный,no_equality
14323,ring,банда,no_equality
14324,ring,звон,sonnerie
14325,ring,звенеть,sonner
14326,ring,окольцевать,no_equality
14327,ring,трезвонить,sonner
14328,ring,обруч,no_equality
14329,ring,арена,no_equality
14330,sanctifying,освящающий,no_equality
14331,sanctifying,освящение,no_equality
14332,casuists,оказывает помощь,no_equality
14333,casuists,помогает,no_equality
14334,casuists,оказывает содействие,no_equality
14335,casuists,содействует,no_equality
14336,casuists,способствует,no_equality
14337,casuists,оказывается помощь,no_equality
14338,casuists,оказание помощи,no_equality
14339,casuists,помогают,no_equality
14340,casuists,оказывается содействие,no_equality
14341,casuists,оказания помощи,no_equality
14342,casuists,облегчает,no_equality
14343,blendes,смешанный,no_equality
14344,blendes,смешанного,no_equality
14345,blendes,смешанные,no_equality
14346,blendes,смешивается,no_equality
14347,blendes,смесей,no_equality
14348,blendes,купажированный,no_equality
14349,blendes,смешиваются,no_equality
14350,blendes,слились,no_equality
14351,blendes,смешались,no_equality
14352,blendes,смешала,no_equality
14353,blendes,смешаны,no_equality
14354,bitched,ныл,no_equality
14355,bitched,скулишь,no_equality
14356,bitched,ныла,no_equality
14357,bitched,ебуться,no_equality
14358,tappers,собиратели каучука,no_equality
14359,tappers,собирателей каучука,no_equality
14360,pilfering,хищение,no_equality
14361,pilfering,расхищения,pillage
14362,pilfering,случаи хищений,no_equality
14363,succumbed,поддался,a succombé
14364,succumbed,скончался от,no_equality
14365,succumbed,поддалась,no_equality
14366,succumbed,поддались,cédé
14367,succumbed,умер от,no_equality
14368,succumbed,умерла от,no_equality
14369,succumbed,уступил,no_equality
14370,succumbed,устояли,no_equality
14371,succumbed,скончались от,no_equality
14372,succumbed,скончалась от,no_equality
14373,succumbed,устояла перед,no_equality
14374,succumbed,отдалась,no_equality
14375,succumbed,умерли,no_equality
14376,succumbed,поддаться,no_equality
14377,succumbed,поддавшись,no_equality
14378,enjoying,нравится,apprécier
14379,enjoying,нравится,apprécie
14380,enjoying,нравится,plaît
14381,enjoying,нравится,aime
14382,enjoying,наслаждаюсь,apprécie
14383,enjoying,наслаждаюсь,aime
14384,enjoying,пользоваться,profiter
14385,enjoying,пользоваться,jouir
14386,enjoying,пользоваться,bénéficier
14387,enjoying,наслаждаться,jouir
14388,enjoying,наслаждаться,apprécier
14389,enjoying,наслаждаться,plaisir
14390,enjoying,пользуются,jouir
14391,enjoying,пользуются,bénéficier
14392,enjoying,пользуются,jouit
14393,enjoying,наслаждаясь,appréciant
14394,enjoying,наслаждается,profiter
14395,enjoying,наслаждается,apprécier
14396,enjoying,наслаждается,apprécie
14397,enjoying,наслаждается,jouit
14398,enjoying,наслаждаетесь,no_equality
14399,enjoying,пользующихся,no_equality
14400,enjoying,наслаждался,apprécier
14401,enjoying,пользуется,jouir
14402,enjoying,пользуется,bénéficier
14403,enjoying,пользуется,jouit
14404,enjoying,пользующиеся,bénéficiant
14405,enjoying,пользующиеся,jouissant
14406,enjoying,пользуясь,profiter
14407,enjoying,пользуясь,profitant
14408,enjoying,насладиться,apprécier
14409,enjoying,наслаждение,no_equality
14410,intermittency,перебоев,no_equality
14411,intermittency,перебои,no_equality
14412,correlation,корреляция,corrélation
14413,correlation,взаимосвязь,corrélation
14414,correlation,взаимосвязь,lien
14415,correlation,взаимосвязь,relation
14416,correlation,взаимосвязь,interaction
14417,correlation,связь,corrélation
14418,correlation,связь,lien
14419,correlation,связь,relation
14420,correlation,соотношение,corrélation
14421,correlation,соотношение,relation
14422,correlation,зависимость,corrélation
14423,correlation,зависимость,lien
14424,correlation,зависимость,relation
14425,correlation,взаимозависимость,corrélation
14426,correlation,увязка,no_equality
14427,correlation,соотнесение,corrélation
14428,correlation,корреляционный,no_equality
14429,correlation,согласование,concordance
14430,correlation,коэффициент корреляции,corrélation
14431,builds,опирается,s'appuie
14432,builds,опирается,se fonde
14433,builds,опирается,repose
14434,builds,опирается,s'inspire
14435,builds,опирается,fait fond
14436,builds,основывается,s'appuie
14437,builds,основывается,se fonde
14438,builds,основывается,s'inspire
14439,builds,строит,construit
14440,builds,строит,bâtit
14441,builds,основан,s'appuie
14442,builds,основан,se fonde
14443,builds,основан,s'inspire
14444,builds,основана,s'appuie
14445,builds,основана,se fonde
14446,builds,основана,s'inspire
14447,builds,строится,no_equality
14448,builds,создает,crée
14449,builds,создает,établit
14450,builds,укрепляет,renforce
14451,builds,развивает,renforce
14452,builds,развивает,développe
14453,builds,формирует,construit
14454,builds,формирует,crée
14455,builds,базируется,s'appuie
14456,builds,базируется,se fonde
14457,builds,базируется,repose
14458,builds,основано,s'appuie
14459,builds,основано,se fonde
14460,builds,основано,s'inspire
14461,builds,наращивает,renforce
14462,builds,наращивает,développe
14463,builds,основываются,se fonde
14464,builds,основываются,repose
14465,builds,налаживает,no_equality
14466,retriever,ретривер,no_equality
14467,retriever,поисковик,no_equality
14468,retriever,лабрадор-ретривер,no_equality
14469,retriever,ретриверу,no_equality
14470,retriever,ретривером,no_equality
14471,retriever,ретриверов,no_equality
14472,deaths,смертей,décès
14473,deaths,смертности,no_equality
14474,deaths,случаев смерти,décès
14475,deaths,гибели,décès
14476,deaths,гибели,mort
14477,deaths,гибели,mortalité
14478,deaths,гибели,victime
14479,deaths,гибели,meurtre
14480,deaths,гибели,perte
14481,deaths,смерть,mort
14482,deaths,смерть,perte
14483,deaths,человек,mort
14484,deaths,смертность,décès
14485,deaths,смертность,mortalité
14486,deaths,погибших,décès
14487,deaths,погибших,mort
14488,deaths,погибших,victime
14489,deaths,погибших,tué
14490,deaths,смертных случаев,décès
14491,deaths,смертных случаев,mort
14492,deaths,смертных случаев,mortalité
14493,deaths,погибли,décès
14494,deaths,погибли,mort
14495,deaths,погибли,victime
14496,deaths,погибли,meurent
14497,deaths,погибли,mourir
14498,deaths,гибель,mort
14499,deaths,гибель,perte
14500,deaths,гибель,mourir
14501,deaths,умерших,décès
14502,deaths,умерших,mort
14503,deaths,людей,no_equality
14504,deaths,погибло,mort
14505,deaths,смертельных случаев,décès
14506,deaths,смертельных случаев,mort
14507,witches,ведьм,sorcier
14508,witches,ведьмы,sorcière
14509,witches,ведьмами,sorcière
14510,witches,ведьмами,sorcier
14511,witches,ведьмам,sorcière
14512,witches,ведьмах,sorcière
14513,witches,колдовстве,sorcellerie
14514,witches,колдунов,sorcière
14515,witches,колдунов,sorcier
14516,witches,колдунов,sorcellerie
14517,witches,колдунами,sorcier
14518,witches,колдуны,sorcier
14519,witches,колдуны,magicien
14520,witches,колдуний,no_equality
14521,witches,колдуньи,no_equality
14522,witches,ведьмаков,no_equality
14523,witches,ведьмой,sorcière
14524,witches,ведьмой,sorcier
14525,witches,ведьмой,sorcellerie
14526,flogging,порка,flagellation
14527,flogging,порка,fouet
14528,flogging,бичевание,no_equality
14529,flogging,наказание розгами,fouet
14530,flogging,виде порки,flagellation
14531,flogging,бичевания,flagellation
14532,flogging,телесном наказании,no_equality
14533,flogging,избиение плетью,no_equality
14534,flogging,телесных наказаний,no_equality
14535,pressurise,оказывать давление,no_equality
14536,weathers,уэзерс,weathers
14537,weathers,уэзерса,weathers
14538,reflections,соображения,réflexion
14539,reflections,соображения,considération
14540,reflections,соображения,observation
14541,reflections,соображения,commentaire
14542,reflections,размышления,réflexion
14543,reflections,размышления,considération
14544,reflections,отражения,réflexion
14545,reflections,отражения,reflet
14546,reflections,соображений,réflexion
14547,reflections,соображений,considération
14548,reflections,соображений,observation
14549,reflections,соображений,remarque
14550,reflections,размышлений,réflexion
14551,reflections,соображениями,réflexion
14552,reflections,соображениями,considération
14553,reflections,соображениями,observation
14554,reflections,отражений,réflexion
14555,reflections,отражений,reflet
14556,reflections,отражение,no_equality
14557,reflections,размышлениями,no_equality
14558,reflections,мнениями,no_equality
14559,reflections,размышлениях,no_equality
14560,reflections,замечания,observation
14561,reflections,замечания,commentaire
14562,reflections,замечания,remarque
14563,reflections,отражением,reflet
14564,orientations,ориентации,orientation
14565,orientations,направлений,orientation
14566,orientations,направлений,axe
14567,orientations,ориентиры,orientation
14568,orientations,ориентиров,orientation
14569,orientations,ориентиров,lignes directrices
14570,orientations,направления деятельности,orientation
14571,orientations,направлениям,orientation
14572,orientations,направлениям,direction
14573,orientations,направлениям,axe
14574,orientations,направленности,orientation
14575,orientations,ориентацией,orientation
14576,orientations,ориентирами,orientation
14577,orientations,ориентирами,lignes directrices
14578,orientations,направленность,orientation
14579,orientations,направленность,direction
14580,orientations,направленность,tendance
14581,orientations,ориентация,no_equality
14582,orientations,ориентацию,orientation
14583,dippers,погружатели сосков,no_equality
14584,dippers,ковша,no_equality
14585,unwaveringly,непоколебимо,no_equality
14586,unwaveringly,неуклонно,no_equality
14587,washerwomen,прачку,no_equality
14588,decision,решение,décision
14589,decision,решение,arrêt
14590,decision,решение,choix
14591,decision,решение,jugement
14592,decision,решение,prise
14593,decision,решение,décidé
14594,decision,выбор,décision
14595,decision,выбор,choix
14596,decision,выбор,décidé
14597,decision,выбор,décider
14598,decision,принятие решений,décider
14599,decision,принятие решений,décisionnel
14600,decision,принятие решений,prononcer
14601,holsters,кобуре,no_equality
14602,holsters,кобуры,no_equality
14603,holsters,пистолетами,no_equality
14604,holsters,кобуру,no_equality
14605,splendours,великолепия,splendeur
14606,sassy,дерзкий,impertinent
14607,sassy,дерзкий,insolent
14608,sassy,дерзкий,effronté
14609,sassy,дерзкий,culotté
14610,sassy,нахальный,insolent
14611,sassy,прикольная,no_equality
14612,sassy,нахал,no_equality
14613,sassy,сэсси,no_equality
14614,sassy,нахалка,no_equality
14615,sassy,нахально,no_equality
14616,sassy,нахальных,no_equality
14617,sassy,нахальство,no_equality
14618,right,право,droit
14619,right,право,droite
14620,right,права,droit
14621,right,правый,droit
14622,right,правда,bien
14623,right,правда,hein
14624,right,прямо,no_equality
14625,right,сейчас,va
14626,right,так,bien
14627,right,так,tout
14628,right,так,non
14629,right,верно,bien
14630,right,верно,d'accord
14631,right,верно,hein
14632,right,верно,c'est ça
14633,right,верно,n'est-ce pas
14634,right,верно,non
14635,right,верно,ok
14636,right,правильно,bien
14637,right,правильно,exact
14638,right,правильно,correct
14639,right,правильно,hein
14640,right,правильно,c'est ça
14641,right,правильно,n'est-ce pas
14642,right,правильно,non
14643,right,сразу,no_equality
14644,right,ясно,bien
14645,right,ясно,d'accord
14646,right,ясно,ok
14647,right,точно,bien
14648,right,точно,tout
14649,right,точно,juste
14650,right,точно,exact
14651,right,правильный,juste
14652,right,правильный,vrai
14653,right,правильный,correct
14654,right,вот,bien
14655,right,вот,tout
14656,right,вправе,no_equality
14657,right,итак,ok
14658,right,исправлять,corriger
14659,right,райт,no_equality
14660,fathering,отцовство,paternité
14661,fathering,вопросам отцовства,paternité
14662,incubate,выводить,no_equality
14663,incubate,взращивать,no_equality
14664,seconds-in-command,секунд,no_equality
14665,seconds-in-command,секунды,seconde
14666,seconds-in-command,секундах,seconde
14667,seconds-in-command,секунду,no_equality
14668,seconds-in-command,сек,no_equality
14669,seconds-in-command,в,no_equality
14670,seconds-in-command,на,dans
14671,seconds-in-command,на,en
14672,seconds-in-command,на,à
14673,seconds-in-command,на,de
14674,seconds-in-command,на,au
14675,seconds-in-command,по,dans
14676,seconds-in-command,по,en
14677,seconds-in-command,по,à
14678,seconds-in-command,по,de
14679,seconds-in-command,по,au
14680,seconds-in-command,во,dans
14681,seconds-in-command,во,en
14682,seconds-in-command,во,à
14683,seconds-in-command,во,de
14684,seconds-in-command,во,au
14685,seconds-in-command,с,no_equality
14686,seconds-in-command,командование,commande
14687,seconds-in-command,командование,commandement
14688,seconds-in-command,командование,commander
14689,seconds-in-command,команда,commande
14690,seconds-in-command,командный,no_equality
14691,seconds-in-command,управление,commande
14692,seconds-in-command,приказ,ordre
14693,eyelashes,ресницы,cil
14694,eyelashes,ресницы,faux-cils
14695,eyelashes,ресницы,sourcil
14696,eyelashes,ресниц,cil
14697,eyelashes,ресницами,cil
14698,eyelashes,ресницах,no_equality
14699,intensified,усиленный,renforcé
14700,intensified,интенсифицированный,no_equality
14701,intensified,обостряющийся,no_equality
14702,intensified,усиленно,no_equality
14703,storehouses,складов,entrepôt
14704,storehouses,склады,entrepôt
14705,storehouses,складских помещений,entrepôt
14706,storehouses,складских помещений,magasin
14707,storehouses,хранилищ,entrepôt
14708,storehouses,хранилищ,réservoir
14709,storehouses,зернохранилищ,no_equality
14710,reversible,обратимый,réversible
14711,reversible,двусторонний,no_equality
14712,reversible,оборотный,no_equality
14713,reversible,поворотный,no_equality
14714,reversible,перекидной,no_equality
14715,reversible,реверсируемый,no_equality
14716,cisterns,цистерны,citerne
14717,cisterns,цистерн,citerne
14718,cisterns,цистерн,réservoir
14719,cisterns,резервуаров,citerne
14720,cisterns,резервуаров,réservoir
14721,cisterns,резервуары,citerne
14722,cisterns,резервуары,réservoir
14723,cisterns,водосборники,no_equality
14724,cisterns,цистернам,citerne
14725,cisterns,водохранилища,no_equality
14726,pulling,тянет,tire
14727,pulling,тянет,tirait
14728,pulling,дергает,tire
14729,pulling,тянуть,no_equality
14730,pulling,вытащил,no_equality
14731,pulling,вытаскивать,no_equality
14732,pulling,вытащить,no_equality
14733,pulling,тянут,no_equality
14734,pulling,вытащили,no_equality
14735,pulling,тяну,no_equality
14736,pulling,вытаскивал,no_equality
14737,pulling,тянул,no_equality
14738,pulling,дергать,no_equality
14739,pulling,дергают,no_equality
14740,pulling,вытаскивая,no_equality
14741,pulling,потянув,no_equality
14742,pulling,натяжение,no_equality
14743,pulling,притягивание,no_equality
14744,neurological,неврологический,neurologique
14745,neurological,невралгический,no_equality
14746,jubilate,ликовать,exulter
14747,Lullys,усыпляет,endort
14748,Lullys,перерывами,pause
14749,Lullys,убаюкает,no_equality
14750,module,модуль,no_equality
14751,module,курс,no_equality
14752,module,раздел,no_equality
14753,module,блок,module
14754,module,блок,bloc
14755,module,программу,no_equality
14756,module,программа,no_equality
14757,module,программы,no_equality
14758,module,компонент,module
14759,module,модульный отсек,modulaire
14760,incoherently,бессвязно,no_equality
14761,pray,молиться,prier
14762,pray,молиться,prière
14763,pray,помолиться,prier
14764,pray,помолиться,prière
14765,pray,молить,prier
14766,pray,просить,prier
14767,pray,просить,demander
14768,pray,надеяться,no_equality
14769,pray,умоляю,no_equality
14770,pray,молитву,no_equality
14771,pray,чтобы,no_equality
14772,pray,помолится,no_equality
14773,pray,молитвой,no_equality
14774,yawners,яунерс,no_equality
14775,yawners,янерс,no_equality
14776,legalizes,узаконивает,no_equality
14777,legalizes,легализуют,no_equality
14778,lungs,легкие,poumon
14779,lungs,легких,poumon
14780,lungs,легкими,poumon
14781,lungs,легким,no_equality
14782,lungs,легкое,poumon
14783,lungs,лєгких,no_equality
14784,lungs,горло,no_equality
14785,lungs,глотку,no_equality
14786,disappoint,разочаровывать,décevoir
14787,disappoint,разочаровывать,désappointer
14788,disappoint,обманывать,décevoir
14789,disappoint,подвести,décevoir
14790,governed,регулируемый,réglementé
14791,governed,регулируемый,géré
14792,misguiding,дезинформация,no_equality
14793,Arlingtons,арлингтон,arlington
14794,Arlingtons,арлингтоне,arlington
14795,Arlingtons,арлингтона,no_equality
14796,resolutenesses,решительность,no_equality
14797,resolutenesses,проявление решимости,no_equality
14798,falsity,ложность,caractère fallacieux
14799,falsity,недостоверность,no_equality
14800,falsity,превратность,no_equality
14801,falsity,обманчивость,no_equality
14802,falsity,неверность,no_equality
14803,smelting,выплавка,no_equality
14804,smelting,плавки,no_equality
14805,smelting,переплавка,no_equality
14806,smelting,плавка,fusion
14807,smelting,плавление,no_equality
14808,smelting,плавильных,no_equality
14809,smelting,плавильный,no_equality
14810,smelting,плавильные,no_equality
14811,smelting,металлургической,no_equality
14812,smelting,металлургическую,métallurgie
14813,smelting,металлургических,métallurgie
14814,smelting,медеплавильных,no_equality
14815,smelting,при плавке,no_equality
14816,beading,бисероплетение,no_equality
14817,beading,развальцовка,no_equality
14818,beading,оребрение,no_equality
14819,stripped,раздели,déshabillé
14820,stripped,лишили,no_equality
14821,stripped,раздел,no_equality
14822,stripped,лишены,no_equality
14823,stripped,лишен,no_equality
14824,stripped,лишил,no_equality
14825,stripped,раздевали,no_equality
14826,stripped,лишает,no_equality
14827,stripped,лишено,no_equality
14828,stripped,забрали,no_equality
14829,stripped,раздет,déshabillé
14830,stripped,разделась,no_equality
14831,stripped,лишило,no_equality
14832,stripped,лишила,no_equality
14833,stripped,раздеты,nu
14834,dysfunction,дисфункция,dysfonctionnement
14835,dysfunction,неблагополучия,no_equality
14836,dysfunction,дисфункциональности,no_equality
14837,dysfunction,нарушения,atteinte
14838,dysfunction,расстройства,trouble
14839,sapphires,сапфиры,saphir
14840,sapphires,сапфирами,saphir
14841,sapphires,сапфирах,saphir
14842,sapphires,"""сапфиров""",no_equality
14843,subroutines,подпрограммы,sous-programme
14844,subroutines,подпрограммы,sous-routine
14845,subroutines,подпрограммами,sous-programme
14846,subroutines,подпрограмм,sous-programme
14847,subroutines,подпрограмм,sous-routine
14848,precariousness,нестабильность,précarité
14849,precariousness,нестабильность,fragilité
14850,precariousness,неустойчивость,précarité
14851,precariousness,неустойчивость,fragilité
14852,precariousness,ненадежность,précarité
14853,precariousness,хрупкость,fragilité
14854,precariousness,шаткость,précarité
14855,precariousness,шаткость,fragilité
14856,precariousness,социальной нестабильности,précarité
14857,precariousness,шаткости,no_equality
14858,precariousness,нестабильного,no_equality
14859,precariousness,неуверенности в будущем,no_equality
14860,precariousness,неустойчивого,no_equality
14861,precariousness,неустойчивое,no_equality
14862,concur,соглашаться,être d'accord
14863,concur,соглашаться,convenir
14864,concur,совпадать,no_equality
14865,concur,соглашать,no_equality
14866,NPC,вснп,apn
14867,NPC,вснп,assemblée populaire nationale
14868,NPC,нкп,no_equality
14869,NPC,нпк,no_equality
14870,NPC,нсп,no_equality
14871,NPC,неигровой персонаж,no_equality
14872,NPC,нпц,no_equality
14873,NPC,национальный координатор проекта,no_equality
14874,NPC,нип,no_equality
14875,NPC,всекитайского собрания народных представителей,no_equality
14876,NPC,национального координатора проекта,no_equality
14877,NPC,нераспространению,no_equality
14878,NPC,npc,no_equality
14879,NPC,национальному координатору проекта,no_equality
14880,NPC,национальным координатором проекта,no_equality
14881,SOSS,потеря,no_equality
14882,SOSS,утрата,no_equality
14883,SOSS,потери,no_equality
14884,SOSS,гибель,no_equality
14885,SOSS,ущерб,no_equality
14886,SOSS,убыток,no_equality
14887,SOSS,убытки,no_equality
14888,SOSS,сокращение,no_equality
14889,SOSS,потерять,no_equality
14890,SOSS,снижение,no_equality
14891,SOSS,лишение,no_equality
14892,SOSS,утеря,no_equality
14893,SOSS,исчезновение,no_equality
14894,SOSS,поражение,no_equality
14895,SOSS,выпадение,no_equality
14896,SOSS,проигрыш,no_equality
14897,SOSS,урон,no_equality
14898,SOSS,неудача,no_equality
14899,SOSS,пропажа,no_equality
14900,psychiatrical,психиатрический,no_equality
14901,idly,лениво,paresseusement
14902,idly,праздно,no_equality
14903,idly,пассивно,passif
14904,idly,пассивно,passivement
14905,siphons,сливает,siphonne
14906,siphons,сифоны,no_equality
14907,records,записи,dossier
14908,records,записи,document
14909,records,записи,registre
14910,records,записи,enregistrement
14911,records,записи,archive
14912,records,записи,relevé
14913,records,записей,no_equality
14914,records,отчетов,dossier
14915,records,отчетов,document
14916,records,отчетов,archive
14917,records,отчетов,donnée
14918,records,документации,no_equality
14919,records,отчеты,document
14920,records,отчеты,registre
14921,records,документов,dossier
14922,records,документов,document
14923,records,документов,archive
14924,records,учета,no_equality
14925,records,документы,dossier
14926,records,документы,document
14927,records,данные,donnée
14928,records,записям,dossier
14929,records,записям,registre
14930,records,записям,enregistrement
14931,records,записям,archive
14932,records,записям,relevé
14933,records,данных,donnée
14934,records,учет,registre
14935,records,учет,enregistrement
14936,records,отчетности,donnée
14937,records,материалов,dossier
14938,records,материалов,document
14939,records,отчетах,no_equality
14940,semanticss,семантика,sémantique
14941,semanticss,игра слов,no_equality
14942,semanticss,пустые слова,no_equality
14943,semanticss,семантик,sémantique
14944,semanticss,семантикой,no_equality
14945,semanticss,семантические,no_equality
14946,semanticss,семантических правилах,no_equality
14947,semanticss,терминологии,no_equality
14948,semanticss,семантическим ухищрениям,no_equality
14949,renovator,реставратор,no_equality
14950,hustles,надует,no_equality
14951,aristocracy,аристократия,aristocratie
14952,aristocracy,аристократизм,no_equality
14953,aristocracy,знать,noblesse
14954,aristocracy,элита,no_equality
14955,aristocracy,знатные особы,no_equality
14956,strengthens,укрепляет,renforce
14957,strengthens,укрепляет,renforcer
14958,strengthens,укрепляет,renforcent
14959,strengthens,укрепляет,consolide
14960,strengthens,укрепляет,renforçant
14961,strengthens,укрепляет,conforte
14962,strengthens,укрепляет,accroît
14963,strengthens,укрепляет,améliore
14964,strengthens,усиливает,renforce
14965,strengthens,усиливает,accroît
14966,strengthens,способствует укреплению,consolide
14967,strengthens,повышает,renforce
14968,strengthens,повышает,accroît
14969,strengthens,повышает,améliore
14970,strengthens,подкрепляет,renforce
14971,strengthens,подкрепляет,renforcent
14972,strengthens,подкрепляет,consolide
14973,strengthens,подкрепляет,conforte
14974,strengthens,подкрепляет,confirme
14975,strengthens,укрепляют,renforce
14976,strengthens,укрепляют,renforcent
14977,strengthens,укрепление,renforcer
14978,strengthens,укрепление,renforçant
14979,strengthens,укрепление,renforcement
14980,strengthens,укрепления,renforcer
14981,strengthens,укрепления,renforcement
14982,strengthens,содействует укреплению,no_equality
14983,strengthens,расширяет,renforce
14984,strengthens,расширяет,accroît
14985,strengthens,расширяет,améliore
14986,strengthens,закрепляет,renforce
14987,strengthens,укрепит,renforce
14988,strengthens,укрепит,renforcer
14989,strengthens,укрепит,consolide
14990,strengthens,укрепит,renforcera
14991,strengthens,укреплять,renforcer
14992,strengthens,укрепляется,no_equality
14993,strengthens,способствует повышению,renforce
14994,inspect,инспектировать,inspecter
14995,inspect,инспектировать,inspection
14996,inspect,осмотреть,inspecter
14997,inspect,осмотреть,examiner
14998,inspect,осмотреть,vérifier
14999,inspect,осмотреть,visiter
15000,inspect,осмотреть,fouiller
15001,inspect,проверять,inspecter
15002,inspect,проверять,contrôler
15003,inspect,проверять,examiner
15004,inspect,проверять,vérifier
15005,inspect,проверять,vérification
15006,inspect,проверить,inspecter
15007,inspect,проверить,contrôler
15008,inspect,проверить,examiner
15009,inspect,проверить,vérifier
15010,inspect,проверить,fouiller
15011,inspect,проинспектировать,inspecter
15012,inspect,осматривать,inspecter
15013,inspect,осматривать,examiner
15014,inspect,осматривать,visiter
15015,inspect,досматривать,inspecter
15016,inspect,досматривать,fouiller
15017,inspect,проверки,no_equality
15018,inspect,инспектирования,no_equality
15019,inspect,проверку,no_equality
15020,inspect,осмотра,no_equality
15021,inspect,ознакомиться,examiner
15022,inspect,ознакомиться,consulter
15023,inspect,ознакомиться,prendre connaissance
15024,inspect,проводить проверку,vérifier
15025,inspect,проводить осмотр,examiner
15026,inspect,досмотра,no_equality
15027,inspect,провести инспекцию,no_equality
15028,inspect,проводить инспекции,no_equality
15029,battlegrounds,поле боя,no_equality
15030,battlegrounds,фронтов,no_equality
15031,convoke,созывать,convoquer
15032,convoke,собирать,no_equality
15033,convoke,созвать,convoquer
15034,convoke,созвать,convocation
15035,reorientating,переориентировка,no_equality
15036,millionaires,миллионеров,millionnaire
15037,millionaires,миллионеры,millionnaire
15038,millionaires,миллионерами,millionnaire
15039,tacit,молчаливый,tacite
15040,tacit,негласный,implicite
15041,tacit,неявный,no_equality
15042,tacit,автоматический,no_equality
15043,tacit,подразумеваемый,no_equality
15044,day-dreamed,мечтать,no_equality
15045,expel,высылать,expulser
15046,expel,высылать,renvoyer
15047,expel,высылать,expulsion
15048,expel,высылать,refouler
15049,expel,выслать,expulser
15050,expel,выслать,renvoyer
15051,expel,выслать,expulsion
15052,expel,изгнать,expulser
15053,expel,изгнать,chasser
15054,expel,изгнать,faire sortir
15055,expel,изгнать,bannir
15056,expel,изгнать,éjecter
15057,expel,исключить,expulser
15058,expel,исключить,exclure
15059,expel,исключить,renvoyer
15060,expel,исключить,virer
15061,expel,высылке,no_equality
15062,expel,выдворить,expulser
15063,expel,выдворить,chasser
15064,expel,исключать,expulser
15065,expel,исключать,exclure
15066,expel,исключать,exclusion
15067,expel,выгнать,expulser
15068,expel,выгнать,chasser
15069,expel,выгнать,renvoyer
15070,expel,выгнать,virer
15071,expel,выгнать,faire sortir
15072,expel,выгнать,bannir
15073,expel,выгнать,éjecter
15074,expel,изгонять,expulser
15075,expel,изгонять,chasser
15076,expel,изгонять,bannir
15077,expel,изгонять,éjecter
15078,expel,выдворять,expulser
15079,expel,выдворять,refouler
15080,expel,отчислить,expulser
15081,expel,выгонять,chasser
15082,expel,выгонять,virer
15083,expel,вытолкнуть,expulser
15084,expel,выдворении,no_equality
15085,expel,изгнания,no_equality
15086,expel,изгнанию,no_equality
15087,Tolkiens,толкин,no_equality
15088,Tolkiens,толкиена,no_equality
15089,Tolkiens,толкина,no_equality
15090,Tolkiens,толкине,no_equality
15091,tittering,хихикание,no_equality
15092,therapeutically,терапевтически,no_equality
15093,therapeutically,с терапевтической точки зрения,no_equality
15094,therapeutically,терапевтической эффективностью,no_equality
15095,chunking,летунья,no_equality
15096,aching,болит,mal
15097,aching,болит,douloureux
15098,aching,боль,mal
15099,aching,боль,douleur
15100,aching,больной,no_equality
15101,aching,болят,douloureux
15102,aching,ноют,no_equality
15103,aching,ноет,no_equality
15104,aching,костях,no_equality
15105,aching,терпится,no_equality
15106,aching,жажду,no_equality
15107,aching,побаливает,no_equality
15108,aching,у меня кости ломит,no_equality
15109,Hungary,венгрия,hongrie
15110,Hungary,венгрии,hongrie
15111,Hungary,венгрии,hongrois
15112,Hungary,венгрией,hongrie
15113,Hungary,венгрию,hongrie
15114,Hungary,венгерской,hongrois
15115,Hungary,венгерских,hongrie
15116,Hungary,венгерских,hongrois
15117,Hungary,дания,no_equality
15118,Hungary,будапеште,no_equality
15119,sibilation,моделирование,no_equality
15120,sibilation,симуляция,no_equality
15121,sibilation,имитация,no_equality
15122,sibilation,имитационных,no_equality
15123,sibilation,имитационные,no_equality
15124,sibilation,модель,no_equality
15125,sibilation,симулятор,no_equality
15126,sibilation,имитационное,no_equality
15127,paraffins,парафинов,no_equality
15128,paraffins,парафины,no_equality
15129,paraffins,парафинам,no_equality
15130,paraffins,парафинах,no_equality
15131,paraffins,парафинами,no_equality
15132,metonym,мероним,no_equality
15133,brawny,мускулистый,musclé
15134,brawny,сильный,costaud
15135,brawny,сильный,vigoureux
15136,brawny,мускулистыми,no_equality
15137,ninety,девяносто,quatre-vingt-dix
15138,ninety,девяностьсот,no_equality
15139,ninety,истечении 90,no_equality
15140,ninety,в 90,no_equality
15141,ninety,через 90,no_equality
15142,puerpera,послеродовые,no_equality
15143,puerpera,послеродового,puerpéral
15144,puerpera,рожениц,no_equality
15145,puerpera,послеродовых,no_equality
15146,puerpera,родильный,no_equality
15147,puerpera,послеродовой период,no_equality
15148,gallants,господа,no_equality
15149,purchase,закупка,achat
15150,purchase,закупка,acquisition
15151,purchase,приобретение,achat
15152,purchase,приобретение,acquisition
15153,purchase,покупка,achat
15154,purchase,покупки,achat
15155,purchase,покупки,acquisition
15156,purchase,покупки,vente
15157,purchase,приобрести,acheter
15158,purchase,приобрести,acquérir
15159,purchase,купить,acheter
15160,purchase,купить,acquérir
15161,purchase,купить,procurer
15162,purchase,купить,racheter
15163,purchase,приобретать,acheter
15164,purchase,приобретать,acquérir
15165,purchase,приобретать,faire l'acquisition
15166,purchase,покупать,acheter
15167,purchase,покупать,acquérir
15168,purchase,покупать,procurer
15169,purchase,покупать,racheter
15170,purchase,закупать,acheter
15171,purchase,закупать,acquérir
15172,purchase,закупить,no_equality
15173,purchase,выкупить,acheter
15174,purchase,выкупить,racheter
15175,purchase,купли-продажи,achat
15176,purchase,закупочной,no_equality
15177,purchase,закупочных,no_equality
15178,purchase,заказа,no_equality
15179,breeds,порождает,engendre
15180,breeds,порождает,alimente
15181,breeds,порождает,engendrent
15182,breeds,порождает,génère
15183,breeds,пород,race
15184,breeds,пород,espèce
15185,breeds,породы,race
15186,breeds,породы,espèce
15187,breeds,порождают,engendrent
15188,breeds,приводит к,engendre
15189,breeds,разводит,no_equality
15190,breeds,породами,no_equality
15191,breeds,рождает,no_equality
15192,breeds,сеет,engendre
15193,breeds,породам,no_equality
15194,breeds,плодит,no_equality
15195,perfectionists,перфекционисты,perfectionniste
15196,perfectionists,перфекционистов,no_equality
15197,prerogatives,прерогативы,prérogative
15198,prerogatives,прерогативы,privilège
15199,prerogatives,прерогатив,prérogative
15200,prerogatives,прерогативами,prérogative
15201,prerogatives,полномочия,pouvoir
15202,prerogatives,прерогативам,prérogative
15203,prerogatives,полномочий,prérogative
15204,prerogatives,полномочий,attribution
15205,prerogatives,полномочий,pouvoir
15206,prerogatives,прерогативах,prérogative
15207,prerogatives,прерогативой,prérogative
15208,prerogatives,полномочиями,prérogative
15209,prerogatives,полномочиями,attribution
15210,prerogatives,полномочиями,pouvoir
15211,prerogatives,привилегий,no_equality
15212,play_off,плей-офф,no_equality
15213,play_off,плейофф,no_equality
15214,play_off,решающая встреча,no_equality
15215,soaring,стремительный рост,no_equality
15216,soaring,резкое повышение,forte hausse
15217,soaring,паря,no_equality
15218,soaring,взлет,no_equality
15219,soaring,повышение,no_equality
15220,soaring,резкого роста,forte hausse
15221,soaring,резким ростом,forte hausse
15222,soaring,резкий рост,forte hausse
15223,soaring,стремительного роста,no_equality
15224,soaring,стремительным ростом,no_equality
15225,soaring,парящий,no_equality
15226,soaring,стремительно растущие,no_equality
15227,soaring,растущего,no_equality
15228,soaring,стремительно растет,no_equality
15229,soaring,взлетевшие,no_equality
15230,transversely,поперек,no_equality
15231,transversely,в поперечном направлении,no_equality
15232,transversely,поперечно,no_equality
15233,transversely,сделать поперечный разрез,no_equality
15234,shadow,тень,ombre
15235,shadow,тень,pénombre
15236,shadow,теневой,fantôme
15237,shadow,призрак,ombre
15238,shadow,параллельных,no_equality
15239,shadow,неофициальных,no_equality
15240,shadow,угрозу,no_equality
15241,shadow,шэдоу,no_equality
15242,ambulated,последовать,no_equality
15243,ambulated,перенимать,no_equality
15244,ambulated,подражать,no_equality
15245,ambulated,распространить и,no_equality
15246,ambulated,качестве образца,no_equality
15247,ambulated,перенять и,no_equality
15248,ambulated,примером для других,no_equality
15249,ambulated,переняли,no_equality
15250,ambulated,воспроизведена,no_equality
15251,ambulated,вооружение,no_equality
15252,ambulated,которыми следует восхищаться,no_equality
15253,ambulated,эмулируется,no_equality
15254,ambulated,последуют и,no_equality
15255,probable,вероятный,probable
15256,probable,вероятный,vraisemblable
15257,probable,вероятный,probablement
15258,probable,вероятный,plausible
15259,probable,вероятностный,no_equality
15260,probable,маловероятный,no_equality
15261,probable,предположительный,no_equality
15262,probable,предполагаемый,présumé
15263,probable,вероятно,no_equality
15264,landlords,домовладельцев,propriétaire
15265,landlords,домовладельцы,propriétaire
15266,landlords,землевладельцев,no_equality
15267,landlords,землевладельцы,no_equality
15268,landlords,домовладельцами,no_equality
15269,landlords,арендодателями,bailleur
15270,landlords,землевладельцам,propriétaire
15271,landlords,владельцы жилья,propriétaire
15272,landlords,домовладельцам,no_equality
15273,landlords,владельцами жилья,propriétaire
15274,landlords,арендодателей,bailleur
15275,landlords,хозяева,propriétaire
15276,landlords,хозяева,patron
15277,landlords,собственников жилья,propriétaire
15278,landlords,землевладельцами,no_equality
15279,landlords,владельцам недвижимости,propriétaire
15280,Dalmatia,далмация,dalmatie
15281,Dalmatia,далмации,no_equality
15282,incumbents,сотрудники на этих должностях,no_equality
15283,incumbents,эти сотрудники,no_equality
15284,incumbents,сотрудников,no_equality
15285,incumbents,занимающие эти должности,no_equality
15286,incumbents,занимающим,no_equality
15287,incumbents,занимавших,no_equality
15288,incumbents,занимающих эти должности,titulaire
15289,incumbents,обосновавшихся на рынке,no_equality
15290,incumbents,занимающими,no_equality
15291,intravenously,внутривенно,par voie intraveineuse
15292,inhospitably,неблагоприятных,no_equality
15293,inhospitably,негостеприимных,no_equality
15294,inhospitably,негостеприимной,no_equality
15295,inhospitably,негостеприимная,no_equality
15296,inhospitably,неприветливые,no_equality
15297,inhospitably,равнодушия,no_equality
15298,inhospitably,труднодоступной,no_equality
15299,inhospitably,враждебной,no_equality
15300,inhospitably,негостеприимным,no_equality
15301,inhospitably,негостеприимном,no_equality
15302,inhospitably,негостеприимно,no_equality
15303,inhospitably,неблагоприятные,no_equality
15304,inhospitably,неблагоприятными,no_equality
15305,inhospitably,негостеприимен,no_equality
15306,inhospitably,неблагоприятным,no_equality
15307,politic,политической,politique
15308,shoddily,некачественно,no_equality
15309,explosion,взрыв,explosion
15310,explosion,взрыв,déflagration
15311,explosion,взрыв,éclatement
15312,explosion,взрыв,attentat
15313,explosion,взрыв,détonation
15314,explosion,взрыв,explosé
15315,explosion,взрыв,exploser
15316,explosion,взрыв,bombe
15317,explosion,взрывоопасность,no_equality
15318,explosion,бурный рост,no_equality
15319,explosion,результате,explosion
15320,explosion,взорвался,no_equality
15321,explosion,взрывная,explosive
15322,explosion,резкий рост,explosion
15323,explosion,взрывозащищенного,no_equality
15324,rosters,реестров,fichier
15325,rosters,реестров,liste
15326,rosters,реестров,candidats présélectionnés
15327,rosters,реестры,fichier
15328,rosters,реестры,liste
15329,rosters,реестры,répertoire
15330,rosters,списки,no_equality
15331,rosters,списков,fichier
15332,rosters,списков,liste
15333,rosters,реестр,fichier
15334,rosters,реестр,liste
15335,rosters,реестр,répertoire
15336,rosters,реестрах,no_equality
15337,rosters,реестрами,répertoire
15338,rosters,кандидатов,fichier
15339,rosters,кандидатов,liste
15340,rosters,реестрам,no_equality
15341,rosters,ростеров,no_equality
15342,rosters,перечней,no_equality
15343,rosters,списками,liste
15344,extremities,конечностей,membre
15345,extremities,конечностей,jambe
15346,extremities,конечности,membre
15347,extremities,конечности,jambe
15348,extremities,конечностях,no_equality
15349,extremities,конечностям,extrémité
15350,extremities,конечностями,no_equality
15351,extremities,оконечностей,no_equality
15352,extremities,концах протяженных,extrémité
15353,extremities,без экстрима,no_equality
15354,foreclosure,долги,no_equality
15355,foreclosure,потеря права выкупа,no_equality
15356,foreclosure,отчуждения,exclusion
15357,foreclosure,обращения взыскания,no_equality
15358,foreclosure,неплатежей,no_equality
15359,foreclosure,без права выкупа закладной,no_equality
15360,foreclosure,блокирования,no_equality
15361,foreclosure,лишения права выкупа заложенного имущества,no_equality
15362,inequities,неравенства,inégalité
15363,inequities,неравенства,iniquité
15364,inequities,неравенства,disparité
15365,inequities,неравенство,inégalité
15366,inequities,неравенство,iniquité
15367,inequities,неравенство,injustice
15368,inequities,неравенство,disparité
15369,inequities,неравенством,inégalité
15370,inequities,неравенством,disparité
15371,inequities,несправедливости,inégalité
15372,inequities,несправедливости,iniquité
15373,inequities,несправедливости,injustice
15374,inequities,несправедливость,iniquité
15375,inequities,несправедливость,injustice
15376,inequities,несправедливость,caractère inéquitable
15377,inequities,диспропорций,no_equality
15378,inequities,неравенству,inégalité
15379,inequities,неравенству,injustice
15380,inequities,неравенству,disparité
15381,inequities,неравноправия,inégalité
15382,inequities,неравноправия,injustice
15383,inequities,неравноправия,disparité
15384,inequities,неравенств,inégalité
15385,inequities,неравенств,disparité
15386,inequities,различия,disparité
15387,inequities,несправедливостью,iniquité
15388,inequities,несправедливостью,injustice
15389,inequities,несправедливостей,injustice
15390,inequities,неравноправием,inégalité
15391,inequities,различий,inégalité
15392,inequities,различий,disparité
15393,inequities,неравенстве,inégalité
15394,valuing,оценка,évaluation
15395,valuing,оценка,estimation
15396,valuing,оценка,appréciation
15397,fiendish,дьявольский,diabolique
15398,fiendish,хитрый,no_equality
15399,embezzlers,растратчиков,no_equality
15400,embezzlers,растратчики,no_equality
15401,bloodsuckers,кровососов,no_equality
15402,bloodsuckers,кровососы,suceurs de sang
15403,bloodsuckers,кровопийц,no_equality
15404,bloodsuckers,кровопийцы,sangsue
15405,deterministic,детерминированные,no_equality
15406,deterministic,детерминированной,no_equality
15407,deterministic,детерминированных,no_equality
15408,deterministic,детерминированного,no_equality
15409,deterministic,детерминистические,no_equality
15410,deterministic,детерминистский,no_equality
15411,deterministic,детерминистской,no_equality
15412,deterministic,детерминистических,no_equality
15413,deterministic,детерминистическим,no_equality
15414,deterministic,детерминистического,no_equality
15415,deterministic,детерминистских,no_equality
15416,deterministic,отвергаются детерминистские,no_equality
15417,deterministic,детерминистского,no_equality
15418,hurtles,проносится,no_equality
15419,flukes,флюков,no_equality
15420,psychotherapies,психотерапии,no_equality
15421,ravaged,опустошенной,no_equality
15422,ravaged,пострадавших,no_equality
15423,ravaged,страдает,no_equality
15424,ravaged,опустошенных,no_equality
15425,ravaged,разоренной,ravagé
15426,ravaged,разоренной,dévasté
15427,ravaged,опустошил,no_equality
15428,ravaged,опустошенную,no_equality
15429,ravaged,опустошала,ravageait
15430,ravaged,разорен,no_equality
15431,ravaged,опустошенная,no_equality
15432,ravaged,опустошен,dévasté
15433,ravaged,опустошенные,ravagé
15434,ravaged,опустошенным,no_equality
15435,ravaged,бушевали,ravagé
15436,ravaged,опустошены,no_equality
15437,propose,предлагать,proposer
15438,propose,предлагать,suggérer
15439,propose,предлагать,soumettre
15440,propose,предложить,no_equality
15441,propose,сделать предложение,demander en mariage
15442,propose,сделать предложение,épouser
15443,propose,сделать предложение,faire sa demande
15444,propose,сделать предложение,faire ma demande
15445,propose,представить,proposer
15446,propose,представить,présenter
15447,propose,представить,soumettre
15448,propose,выдвинуть,proposer
15449,propose,выдвинуть,présenter
15450,propose,выдвигать,proposer
15451,propose,выдвигать,présenter
15452,propose,выдвигать,soumettre
15453,propose,подготовить,no_equality
15454,propose,предложения,no_equality
15455,propose,предлагается,proposition
15456,propose,предлагаются,no_equality
15457,propose,разработки,no_equality
15458,propose,предложением,no_equality
15459,propose,вносить,proposer
15460,propose,вносить,présenter
15461,propose,предполагать,proposer
15462,propose,предполагать,suggérer
15463,propose,выдвигать кандидата,proposer
15464,propose,выдвигать кандидата,présenter
15465,propose,выступать с предложением,no_equality
15466,propose,подготовки предложений,no_equality
15467,propose,выработки предложений,proposer
15468,attaches,придает,attache
15469,attaches,придает,accorde
15470,attaches,придает,attachent
15471,attaches,придает,attachait
15472,attaches,придает,considère
15473,attaches,придает,attribue
15474,attaches,придает,accordait
15475,attaches,уделяет,accorde
15476,attaches,уделяет,considère
15477,attaches,уделяет,accordait
15478,attaches,придают,accorde
15479,attaches,придается,attache
15480,attaches,придается,accorde
15481,attaches,придается,attribue
15482,attaches,считает,considère
15483,attaches,прилагает,joint
15484,attaches,отводит,attache
15485,attaches,отводит,accorde
15486,attaches,придавая,no_equality
15487,attaches,придаваемое,no_equality
15488,attaches,уделяется,attache
15489,attaches,уделяется,accorde
15490,attaches,проявляет,accorde
15491,attaches,отдает,accorde
15492,attaches,придаем,attache
15493,discards,выброса рыбы,rejet
15494,discards,выброса рыбы,déchets de la pêche
15495,discards,выброс рыбы,rejet
15496,discards,выброс рыбы,déchets de la pêche
15497,discards,выбросе рыбы,no_equality
15498,discards,сбрасывает,no_equality
15499,discards,удаляет,supprime
15500,discards,выбросов рыбы,no_equality
15501,discards,выбросы,rejet
15502,fixating,зацикливаться,no_equality
15503,fixating,зациклился,no_equality
15504,fixating,фиксация,fixation
15505,fixating,зациклилась,no_equality
15506,defoliated,подверженных дефолиации,défoliation
15507,goldsmiths,златокузнец,no_equality
15508,counsel,советник,avocat
15509,counsel,советник,conseiller
15510,counsel,советник,avocat-conseil
15511,counsel,советник,maître
15512,counsel,адвокат,avocat
15513,counsel,адвокат,conseil
15514,counsel,адвокат,conseiller
15515,counsel,адвокат,défenseur
15516,counsel,адвокат,procureur
15517,counsel,адвокат,maître
15518,counsel,Совет,conseil
15519,counsel,Совет,conseiller
15520,counsel,Совет,avis
15521,counsel,совещание,conseil
15522,counsel,консультация,no_equality
15523,counsel,наставление,conseil
15524,counsel,советовать,conseiller
15525,counsel,советовать,recommander
15526,counsel,советоваться,no_equality
15527,counsel,рекомендовать,conseiller
15528,counsel,рекомендовать,recommander
15529,counsel,наставлять,no_equality
15530,counsel,давать Совет,conseil
15531,counsel,давать Совет,avis
15532,painted,нарисовал,no_equality
15533,painted,рисовал,peindre
15534,painted,рисовал,peignait
15535,painted,написал,no_equality
15536,painted,нарисовала,peindre
15537,painted,покрасил,peinte
15538,painted,покрасили,no_equality
15539,painted,нарисовали,peindre
15540,painted,покрасила,peindre
15541,painted,нарисована,no_equality
15542,painted,рисовала,peindre
15543,painted,рисовала,peignait
15544,painted,рисовала,peignais
15545,painted,рисовала,dessiné
15546,painted,окрашены,no_equality
15547,painted,написана,no_equality
15548,painted,рисовали,peignaient
15549,painted,рисовали,dessiné
15550,painted,покрашены,no_equality
15551,painted,нарисованная,peinte
15552,painted,расписной,no_equality
15553,hydraulic,гидравлический,hydraulique
15554,hydraulic,гидротехнических,no_equality
15555,hydraulic,гидравлики,no_equality
15556,hydraulic,гидроножниц,no_equality
15557,hydraulic,гидроразрыва,no_equality
15558,hydraulic,гидроцилиндры,no_equality
15559,resettled,переселены,déplacé
15560,resettled,переселены,relogés
15561,resettled,переселенных,no_equality
15562,resettled,расселены,no_equality
15563,resettled,переселено,no_equality
15564,resettled,переселение,no_equality
15565,resettled,расселено,no_equality
15566,resettled,переселились,no_equality
15567,resettled,расселения,no_equality
15568,resettled,расселенных,no_equality
15569,resettled,поселились,no_equality
15570,resettled,переселенные,no_equality
15571,resettled,расселить,no_equality
15572,resettled,переселенным,no_equality
15573,resettled,переселившихся,no_equality
15574,resettled,переселяемых,no_equality
15575,manageability,управляемость,no_equality
15576,manageability,обеспечение управляемости,no_equality
15577,manageability,выполнимость,no_equality
15578,impending,предстоящий,prochain
15579,impending,надвигающейся,imminent
15580,impending,надвигающейся,imminence
15581,impending,надвигающихся,no_equality
15582,impending,надвигающегося,no_equality
15583,impending,надвигающемся,no_equality
15584,impending,надвигающуюся,imminent
15585,impending,надвигающийся,no_equality
15586,impending,угрозы,no_equality
15587,impending,грядущих,no_equality
15588,impending,неминуемой,imminent
15589,impending,неминуемой,imminence
15590,impending,неминуемого,imminent
15591,impending,надвигающаяся,no_equality
15592,impending,грядущем,no_equality
15593,impending,приближающейся,no_equality
15594,impending,грядущие,no_equality
15595,subsistence,существование,existence
15596,subsistence,существование,survie
15597,subsistence,существование,subsistance
15598,subsistence,существование,survivre
15599,subsistence,прожиточный минимум,minimum vital
15600,subsistence,прожиточный минимум,subsistance
15601,subsistence,выживание,survie
15602,subsistence,выживание,survivre
15603,subsistence,проживание,no_equality
15604,subsistence,средств к существованию,no_equality
15605,subsistence,натуральном,no_equality
15606,subsistence,суточных,no_equality
15607,subsistence,суточные,no_equality
15608,subsistence,прожиточного минимума,minimum vital
15609,subsistence,прожиточного минимума,subsistance
15610,subsistence,натурального хозяйства,no_equality
15611,subsistence,пропитание,nourriture
15612,subsistence,натуральному,no_equality
15613,subsistence,ведущие нетоварное хозяйство,no_equality
15614,subsistence,нетоварных,no_equality
15615,substitutable,взаимозаменяемых,no_equality
15616,denudation,обнажение,no_equality
15617,extreme,крайность,extrême
15618,extreme,крайность,extrémité
15619,extreme,экстремум,no_equality
15620,extreme,противоположность,no_equality
15621,extreme,экстрим,no_equality
15622,extreme,экстремальные явления,no_equality
15623,extreme,крайнее проявление,no_equality
15624,extreme,экстремальность,no_equality
15625,extreme,крайний случай,no_equality
15626,extreme,экстремальное значение,extrême
15627,extreme,чрезвычайный,no_equality
15628,extreme,крайний,extrême
15629,extreme,предельный,no_equality
15630,extreme,чрезмерный,outrancier
15631,extreme,исключительный,no_equality
15632,extreme,сильный,no_equality
15633,extreme,экстремистский,extrémiste
15634,extreme,критический,no_equality
15635,extreme,неимоверный,no_equality
15636,extreme,чрезвычайно сильный,extrême
15637,extreme,чрезвычайно сильный,très
15638,extreme,оголтелый,no_equality
15639,extreme,крайне,no_equality
15640,dispensed,распределенный,no_equality
15641,clashing,столкновение,conflit
15642,clashing,столкновение,collision
15643,clashing,столкновение,affrontement
15644,clashing,бряцанием,no_equality
15645,bird,птица,oiseau
15646,bird,птица,volaille
15647,bird,птица,piaf
15648,bird,птица,bird
15649,bird,птичка,piaf
15650,bird,птичка,petit oiseau
15651,bird,птицы,oiseau
15652,bird,птицы,volaille
15653,bird,пташка,piaf
15654,bird,пташка,petit oiseau
15655,bird,птаха,oiseau
15656,bird,птаха,bird
15657,bird,птенец,no_equality
15658,bird,птичий,aviaire
15659,bird,бёрд,bird
15660,bird,берда,bird
15661,bird,цыпочка,nana
15662,bird,цыпочка,gonzesse
15663,bird,синица,no_equality
15664,bird,вертушка,hélico
15665,bird,бердом,bird
15666,bird,bird,bird
15667,lawyer,адвокат,avocat
15668,lawyer,адвокат,juriste
15669,lawyer,адвокат,conseil
15670,lawyer,адвокат,défenseur
15671,lawyer,адвокат,procureur
15672,lawyer,адвокат,maître
15673,lawyer,законовед,no_equality
15674,lawyer,законник,homme de loi
15675,lawyer,юристка,no_equality
15676,lawyer,адвокатский,no_equality
15677,husbands,мужей,mari
15678,husbands,мужей,époux
15679,husbands,мужей,conjoint
15680,husbands,мужья,mari
15681,husbands,мужья,marié
15682,husbands,мужьями,no_equality
15683,husbands,мужа,mari
15684,husbands,мужа,époux
15685,husbands,мужьям,mari
15686,husbands,мужьям,époux
15687,husbands,супругов,mari
15688,husbands,супругов,époux
15689,husbands,супругов,conjoint
15690,husbands,муж,mari
15691,husbands,муж,époux
15692,husbands,мужьях,mari
15693,husbands,мужьях,époux
15694,husbands,супруга,mari
15695,husbands,супруга,époux
15696,husbands,супруга,conjoint
15697,husbands,мужем,mari
15698,husbands,мужем,époux
15699,husbands,мужем,marié
15700,husbands,супругами,époux
15701,husbands,супругами,conjoint
15702,husbands,хазбандз,no_equality
15703,husbands,мужу,mari
15704,husbands,мужу,époux
15705,husbands,супругам,no_equality
15706,husbands,супруг,mari
15707,husbands,супруг,époux
15708,husbands,супруг,conjoint
15709,refiners,обогатительные,no_equality
15710,refiners,нефтеперерабатывающие предприятия,raffineur
15711,refiners,нефтеперерабатывающие предприятия,raffinerie
15712,refiners,нефтеперерабатывающие заводы,raffinerie
15713,refiners,продукция нефтеперерабатывающих предприятий должна,raffineur
15714,refiners,продукция нефтеперерабатывающих предприятий должна,raffinerie
15715,refiners,продукция нефтеперерабатывающих предприятий должна,raffinage
15716,refiners,обогатительным предприятиям,no_equality
15717,deigning,соизволит,no_equality
15718,deigning,снисхождение,no_equality
15719,Marvells,чудеса,no_equality
15720,Marvells,чудес,no_equality
15721,Marvells,чудесах,no_equality
15722,Marvells,восхищается,no_equality
15723,prologize,извиниться,s'excuser
15724,prologize,извиниться,demander pardon
15725,prologize,извиниться,m'excuser
15726,prologize,извиниться,m'excuse
15727,prologize,извиниться,t'excuser
15728,prologize,извиниться,désolé
15729,prologize,извиниться,s'excuse
15730,prologize,извиниться,excuse-toi
15731,prologize,извиняться,s'excuser
15732,prologize,извиняться,demander pardon
15733,prologize,извиняться,m'excuser
15734,prologize,извиняться,m'excuse
15735,prologize,извиняться,t'excuser
15736,prologize,извиняться,t'excuse
15737,prologize,извиняться,s'excuse
15738,prologize,извиняться,vous excusez
15739,prologize,приносить извинения,s'excuser
15740,prologize,приносить извинения,désolé
15741,prologize,попросить прощения,no_equality
15742,prologize,приносить свои извинения,excuser
15743,prologize,прошу прощения,no_equality
15744,prologize,принести извинения,s'excuser
15745,prologize,принести извинения,présenter ses excuses
15746,prologize,принести извинения,m'excuser
15747,prologize,извинений,no_equality
15748,prologize,прости,excuser
15749,prologize,просить извинения,désolé
15750,prologize,попросить извинения,désolé
15751,prologize,жаль,no_equality
15752,prologize,сожалею,no_equality
15753,prologize,извинялись,no_equality
15754,tremble,дрожать,trembler
15755,tremble,дрожать,frémir
15756,tremble,трепетать,trembler
15757,tremble,трястись,trembler
15758,tremble,содрогнуться,no_equality
15759,tremble,дрожь,tremblement
15760,tremble,дрожь,frémissement
15761,tremble,задрожал,no_equality
15762,tremble,колеблюсь,no_equality
15763,tremble,трепещите,no_equality
15764,tremble,дрожи,no_equality
15765,tremble,содрогнутся,no_equality
15766,footed,с ногами,no_equality
15767,cubicity,реклама,no_equality
15768,cubicity,публичность,no_equality
15769,cubicity,гласность,no_equality
15770,cubicity,огласка,no_equality
15771,cubicity,пропаганда,no_equality
15772,cubicity,освещение,no_equality
15773,cubicity,известность,no_equality
15774,cubicity,популяризация,no_equality
15775,cubicity,рекламный,no_equality
15776,cubicity,публикации,no_equality
15777,cubicity,пропагандистских,no_equality
15778,cubicity,слава,no_equality
15779,cubicity,распространение информации,no_equality
15780,cubicity,пиар,no_equality
15781,cubicity,шумиха,no_equality
15782,cubicity,паблисити,no_equality
15783,baths,ванны,bain
15784,baths,бани,thermes
15785,baths,бани,hammam
15786,baths,ванн,no_equality
15787,baths,банях,hammam
15788,baths,ванну,bain
15789,baths,ванные,baignoire
15790,baths,баню,bain
15791,baths,баню,baignoire
15792,baths,ваннах,no_equality
15793,baths,бань,no_equality
15794,baths,купальни,no_equality
15795,baths,баня,no_equality
15796,baths,ванна,bain
15797,optimist,оптимист,optimiste
15798,optimist,оптимист,optimisme
15799,optimist,оптимистка,optimiste
15800,depilation,эпиляции,épilation
15801,depilation,депиляции,no_equality
15802,praesidiums,президиум,présidium
15803,praesidiums,президиума,présidium
15804,praesidiums,президиуме,no_equality
15805,brutality,жестокости,brutalité
15806,brutality,жестокости,violence
15807,brutality,жестокости,barbarie
15808,brutality,жестокости,cruauté
15809,brutality,жестокости,brutal
15810,brutality,жестокость,brutalité
15811,brutality,жестокость,violence
15812,brutality,жестокость,barbarie
15813,brutality,жестокость,cruauté
15814,brutality,жестокость,sauvagerie
15815,brutality,зверство,brutal
15816,brutality,произвол,no_equality
15817,brutality,жестокого обращения,brutalité
15818,brutality,жестокого обращения,violence
15819,brutality,жестокого обращения,cruauté
15820,brutality,жестокого обращения,sévice
15821,brutality,жестокого обращения,mauvais traitements
15822,brutality,жестокое обращение,sévice
15823,brutality,брутальность,no_equality
15824,brutality,жестокие действия,no_equality
15825,brutality,жестокому обращению,sévice
15826,brutality,жестокому обращению,mauvais traitements
15827,brutality,насилия,violence
15828,brutality,насилия,sévice
15829,mistreated,жестокому обращению,maltraitance
15830,mistreated,жестокого обращения,no_equality
15831,mistreated,плохо обращался с,no_equality
15832,mistreated,подвергались грубому обращению,mauvais traitements
15833,mistreated,жестоко обращались с,no_equality
15834,mistreated,плохо обращаются,no_equality
15835,mistreated,плохо относились,no_equality
15836,mistreated,грубо обращались,no_equality
15837,mistreated,дурному обращению,no_equality
15838,mistreated,ненадлежащему обращению,no_equality
15839,mistreated,обидел,no_equality
15840,mistreated,неправомерному обращению,no_equality
15841,mistreated,подвергаются плохому обращению со,mauvais traitements
15842,mistreated,подвергались плохому обращению,mauvais traitements
15843,mistreated,избивал,no_equality
15844,breeder,заводчик,éleveur
15845,breeder,селекционер,no_equality
15846,breeder,производитель,no_equality
15847,breeder,селекционных,no_equality
15848,breeder,реакторах-размножителях,no_equality
15849,breeder,скотник,no_equality
15850,breeder,осеменитель,no_equality
15851,breeder,бридерного,no_equality
15852,breeder,селекционером,no_equality
15853,breeder,заводчиком,no_equality
15854,sustains,поддерживает,soutient
15855,sustains,поддерживает,maintient
15856,sustains,поддерживает,entretient
15857,sustains,поддерживает,appuie
15858,sustains,питает,nourrit
15859,sustains,питает,alimente
15860,sustains,питает,prolonge
15861,sustains,подпитывает,entretient
15862,sustains,подпитывает,nourrit
15863,sustains,подпитывает,alimente
15864,sustains,позволяет поддерживать,no_equality
15865,sustains,способствует продолжению,no_equality
15866,jurors,присяжных,juré
15867,jurors,присяжных,jury
15868,jurors,присяжные,juré
15869,jurors,присяжные,jury
15870,jurors,присяжным,juré
15871,jurors,присяжными,juré
15872,jurors,присяжными,jury
15873,jurors,члены жюри,juré
15874,jurors,членов жюри,juré
15875,questioned,допрашивали,no_equality
15876,questioned,поставили под сомнение,no_equality
15877,questioned,сомневается,no_equality
15878,questioned,допрос,no_equality
15879,questioned,допроса,no_equality
15880,questioned,ставит под сомнение,no_equality
15881,questioned,поставил под сомнение,remis en question
15882,questioned,поставил под сомнение,remis en cause
15883,questioned,поставил под сомнение,a mis en doute
15884,questioned,поставил под сомнение,mis en question
15885,questioned,поставлена под сомнение,remis en question
15886,questioned,допрошен,interrogé
15887,questioned,допрошен,interrogatoire
15888,questioned,допросили,no_equality
15889,questioned,допрошены,no_equality
15890,questioned,поставили под вопрос,no_equality
15891,questioned,выразили сомнение,no_equality
15892,questioned,усомнились,no_equality
15893,questioned,опрошенных,no_equality
15894,lecturers,лекторов,conférencier
15895,lecturers,лекторов,maîtres de conférence
15896,lecturers,преподавателей,enseignant
15897,lecturers,преподавателей,professeur
15898,lecturers,преподавателей,universitaire
15899,lecturers,преподавателей,formateur
15900,lecturers,преподаватели,enseignant
15901,lecturers,преподаватели,professeur
15902,lecturers,преподаватели,formateur
15903,lecturers,лекторы,no_equality
15904,lecturers,лекторами,no_equality
15905,lecturers,преподавателями,enseignant
15906,lecturers,преподавателями,professeur
15907,lecturers,лекторам,no_equality
15908,lecturers,докладчиков,conférencier
15909,lecturers,докладчиков,intervenant
15910,lecturers,лектора,conférencier
15911,lecturers,лектора,chargés de cours
15912,lecturers,преподавателя,enseignant
15913,lecturers,преподавателя,professeur
15914,lecturers,преподавателям,professeur
15915,lecturers,преподавателям,formateur
15916,talismans,талисманы,no_equality
15917,talismans,талисманов,no_equality
15918,talismans,оберегов,no_equality
15919,talismans,талисманами,no_equality
15920,talismans,талисман,no_equality
15921,liberalized,либерализация,no_equality
15922,liberalized,либерализованных,no_equality
15923,liberalized,либерализован,libéralisé
15924,liberalized,либерализованной,libéralisé
15925,liberalized,либерализованы,no_equality
15926,liberalized,либерализована,no_equality
15927,liberalized,либерализировать,no_equality
15928,liberalized,либерализованным,no_equality
15929,liberalized,либерализированных,no_equality
15930,liberalized,либерализованными,no_equality
15931,liberalized,либерализовать,no_equality
15932,liberalized,либерализированного,no_equality
15933,liberalized,либерализовали,no_equality
15934,incasements,надбавки,majoration
15935,incasements,надбавки,supplément
15936,incasements,надбавок,no_equality
15937,incasements,повышений,no_equality
15938,incasements,окладов,no_equality
15939,incasements,увеличения,augmentation
15940,incasements,увеличения,hausse
15941,incasements,увеличения,progression
15942,incasements,прироста,accroissement
15943,incasements,прироста,hausse
15944,incasements,прибавки к заработной плате,augmentation
15945,incasements,ступеням,no_equality
15946,incasements,пределах класса,no_equality
15947,incasements,прирост,augmentation
15948,incasements,прирост,accroissement
15949,incasements,прирост,hausse
15950,incasements,увеличена,no_equality
15951,incasements,внутригородские приращения,no_equality
15952,overseeing,контроль за,supervision
15953,overseeing,наблюдение за,surveillance
15954,overseeing,наблюдение за,suivi
15955,overseeing,наблюдение за,superviser
15956,overseeing,наблюдение за,surveiller
15957,overseeing,наблюдение за,contrôler
15958,overseeing,наблюдение за,surveillent
15959,overseeing,надзор за,surveillance
15960,overseeing,надзор за,suivi
15961,overseeing,надзор за,surveille
15962,overseeing,надзор за,supervisent
15963,overseeing,надзору за,no_equality
15964,overseeing,наблюдение,supervision
15965,overseeing,наблюдение,surveillance
15966,overseeing,наблюдение,suivi
15967,overseeing,наблюдения за,supervision
15968,overseeing,контролю за,supervision
15969,overseeing,следить за,no_equality
15970,overseeing,осуществление контроля за,no_equality
15971,overseeing,осуществление надзора за,supervision
15972,overseeing,осуществление надзора за,surveillance
15973,overseeing,контроле за,no_equality
15974,overseeing,надзоре за,no_equality
15975,overseeing,контролировать,no_equality
15976,overseeing,наблюдении за,surveillance
15977,overseeing,контролирует,no_equality
15978,institutionalise,институционализировать,institutionnaliser
15979,institutionalise,учреждать,no_equality
15980,institutionalise,помещать в учреждение закрытый,no_equality
15981,institutionalise,учредить,no_equality
15982,institutionalise,институционализации,no_equality
15983,comprehensively,всесторонний,no_equality
15984,comprehensively,комплексно,globalement
15985,comprehensively,комплексно,intégralement
15986,comprehensively,комплексно,manière globale
15987,comprehensively,комплексно,façon globale
15988,comprehensively,комплексно,manière approfondie
15989,atomise,разобщенной,no_equality
15990,atomise,распыленного,no_equality
15991,atomise,раздробленную,no_equality
15992,vigils,пикеты,no_equality
15993,vigils,пикетов,no_equality
15994,vigils,свечах,no_equality
15995,Nereuses,новые виды использования,no_equality
15996,Nereuses,новых видов использования,nouvelles utilisations
15997,Nereuses,новых видов применения,nouvelles utilisations
15998,Nereuses,новых видов применения,nouvelles applications
15999,Nereuses,новое применение,no_equality
16000,Nereuses,новых применений,no_equality
16001,Nereuses,новые виды применения,no_equality
16002,Nereuses,новых целях,no_equality
16003,Nereuses,новые возможности использования,no_equality
16004,Nereuses,нового применения,no_equality
16005,Nereuses,новых приложений,no_equality
16006,preambles,преамбулах,préambule
16007,preambles,преамбулы,préambule
16008,preambles,преамбул,préambule
16009,preambles,преамбуле,no_equality
16010,grilles,радиаторных решеток,grille
16011,grilles,решетки предназначены,grille
16012,subsidized,субсидируемых,subventionné
16013,subsidized,субсидируемого,subventionné
16014,subsidized,субсидирование,no_equality
16015,subsidized,субсидируется,no_equality
16016,subsidized,субсидии,no_equality
16017,subsidized,субсидируются,subventionné
16018,subsidized,субсидируются,subventionnement
16019,subsidized,субсидируемые,no_equality
16020,subsidized,субсидируемым,no_equality
16021,subsidized,субсидируемой,subventionné
16022,subsidized,субсидирует,no_equality
16023,subsidized,субсидированных,subventionné
16024,subsidized,субсидируемое,subventionné
16025,subsidized,субсидированные,no_equality
16026,subsidized,субсидированного,subventionné
16027,subsidized,субсидированным,subventionné
16028,sells,продает,vend
16029,sells,продает,vendent
16030,sells,продает,vendu
16031,sells,продает,revend
16032,sells,продает,vende
16033,sells,продает,vendait
16034,sells,продается,fait vendre
16035,sells,продают,vend
16036,sells,продают,vente
16037,sells,продают,vendent
16038,sells,продают,vendu
16039,sells,продаст,vend
16040,sells,продаст,vendu
16041,sells,продаст,vende
16042,sells,продаст,vendait
16043,sells,торгует,vend
16044,sells,продаются,vendu
16045,sells,продаются,vendait
16046,sells,продал,vend
16047,sells,продал,vente
16048,sells,продал,vende
16049,sells,реализует,no_equality
16050,sells,продавал,vend
16051,sells,продавал,vende
16052,sells,продавал,vendait
16053,sells,продажей,vente
16054,sells,толкает,vend
16055,sells,толкает,revend
16056,sells,продающий,no_equality
16057,sells,продажи,vente
16058,knifing,поножовщина,no_equality
16059,knifing,поножовщиной,no_equality
16060,formal,официальный,formel
16061,formal,официальный,officiel
16062,formal,формальный,formel
16063,formal,формальный,officiel
16064,formal,формальный,structuré
16065,formal,формальный,formaliste
16066,formal,организованный,no_equality
16067,formal,официально,formel
16068,formal,официально,officiel
16069,formal,формально,no_equality
16070,formal,школьного,scolaire
16071,formal,бал,no_equality
16072,formal,формальностей,no_equality
16073,formal,формализованный,no_equality
16074,formal,неофициального,no_equality
16075,formal,танцы,no_equality
16076,formal,неофициальном,no_equality
16077,disdainful,высокомерный,méprisant
16078,disdainful,презрительный,no_equality
16079,disdainful,надменный,no_equality
16080,disdainful,пренебрежительный,no_equality
16081,patchy,неравномерный,inégal
16082,patchy,фрагментарным,fragmentaire
16083,patchy,неоднородные,no_equality
16084,patchy,отрывочными,no_equality
16085,patchy,неоднородны,no_equality
16086,patchy,неравномерно,irrégulier
16087,patchy,неоднородными,no_equality
16088,patchy,несистематической,no_equality
16089,ill-breedings,больной,malade
16090,ill-breedings,больной,maladie
16091,ill-breedings,заболел,maladie
16092,ill-breedings,заболела,maladie
16093,ill-breedings,болезни,malade
16094,ill-breedings,болезни,mal
16095,ill-breedings,болезни,maladie
16096,ill-breedings,больные,malade
16097,halenesses,аркан,harnais
16098,halenesses,арканов,harnais
16099,halenesses,жгуты,no_equality
16100,halenesses,ремни безопасности,no_equality
16101,halenesses,жгутов,no_equality
16102,halenesses,арканы,no_equality
16103,observable,наблюдаемых,no_equality
16104,observable,наблюдаемой,no_equality
16105,observable,заметных,no_equality
16106,observable,заметные,visible
16107,observable,наблюдаемые,no_equality
16108,observable,наблюдаемого,no_equality
16109,observable,наблюдаемыми,no_equality
16110,observable,обозримой,no_equality
16111,observable,видимыми,visible
16112,observable,видимые,visible
16113,observable,заметное,visible
16114,observable,заметное,perceptible
16115,observable,наблюдалась,no_equality
16116,apportionment,распределение,répartition
16117,apportionment,распределение,attribution
16118,apportionment,распределение,répartir
16119,apportionment,распределение,ventilation
16120,apportionment,распределение,distribution
16121,apportionment,ассигнования,no_equality
16122,apportionment,ассигнований,no_equality
16123,apportionment,ассигнованиями,crédits ouverts
16124,apportionment,пропорциональное распределение,no_equality
16125,apportionment,выделение,attribution
16126,apportionment,ассигнованной,crédits ouverts
16127,apportionment,распределить,no_equality
16128,landscaped,ландшафтных,no_equality
16129,landscaped,ландшафтные,no_equality
16130,landscaped,прекрасного,no_equality
16131,landscaped,пейзажный,no_equality
16132,landscaped,ландшафтными,no_equality
16133,mourn,скорбеть,pleurer
16134,mourn,оплакивать,pleurer
16135,mourn,оплакивать,faire le deuil
16136,mourn,носить траур,porter le deuil
16137,clothespins,прищепки,pinces à linge
16138,showcases,витрин,vitrine
16139,showcases,демонстрируются,no_equality
16140,showcases,витрины,vitrine
16141,showcases,показах,no_equality
16142,versos,против,no_equality
16143,versos,сопоставлении с,no_equality
16144,versos,вместо,no_equality
16145,versos,сравнению с,no_equality
16146,versos,сравнении с,no_equality
16147,versos,отличие от,no_equality
16148,versos,противовес,no_equality
16149,versos,отношению к,no_equality
16150,versos,а не,no_equality
16151,versos,противопоставлении,no_equality
16152,versos,по сравнению с,no_equality
16153,versos,в сравнении с,no_equality
16154,versos,соотношения,no_equality
16155,Patricks,патрика,saint-patrick
16156,expired,просроченный,périmé
16157,expired,истекший,no_equality
16158,expired,выдыхаемый,no_equality
16159,expired,с истекшим сроком,no_equality
16160,tuber,клубень,tubercule
16161,tuber,клубнями,no_equality
16162,tuber,клубне,no_equality
16163,tuber,клубневых,no_equality
16164,tuber,бугра,no_equality
16165,gloves,перчатки,gant
16166,gloves,перчаток,no_equality
16167,gloves,перчатках,gant
16168,gloves,перчатками,gant
16169,gloves,гловс,gloves
16170,gloves,перчаткам,gant
16171,gloves,рукавицы,no_equality
16172,gloves,рукавиц,no_equality
16173,gloves,варежки,gant
16174,gloves,варежки,mitaine
16175,gloves,гловса,gloves
16176,coolers,охладители,no_equality
16177,coolers,холодильники,glacière
16178,coolers,холодильники,réfrigérateur
16179,coolers,охладителей,no_equality
16180,coolers,холодильника,réfrigérateur
16181,coolers,кулеры,no_equality
16182,coolers,холодильные камеры,refroidissement
16183,coolers,коктейлей,no_equality
16184,coolers,охладителях,no_equality
16185,coolers,холодильниках,réfrigérateur
16186,coolers,холодильник,réfrigérateur
16187,coolers,кулеров для,no_equality
16188,coolers,водоохладители,no_equality
16189,enormity,масштабность,énormité
16190,enormity,масштабность,ampleur
16191,enormity,масштабность,immensité
16192,enormity,грандиозность,immensité
16193,enormity,чудовищность,no_equality
16194,enormity,масштабности,énormité
16195,enormity,масштабности,ampleur
16196,enormity,масштабности,immensité
16197,enormity,огромные масштабы,énormité
16198,enormity,огромные масштабы,immensité
16199,enormity,огромных масштабов,no_equality
16200,enormity,огромными масштабами,immensité
16201,enormity,колоссальных масштабов,ampleur
16202,enormity,этой огромной,no_equality
16203,enormity,всю сложность,no_equality
16204,enormity,насколько велики,no_equality
16205,enormity,масштабом,énormité
16206,enormity,колоссальными,no_equality
16207,enormity,размах,ampleur
16208,enormity,огромный масштаб,ampleur
16209,hollow,полый,creux
16210,hollow,пустой,creux
16211,hollow,пустой,vain
16212,hollow,холлоу,no_equality
16213,hollow,лощине,no_equality
16214,hollow,лощину,no_equality
16215,hollow,пустотелый,no_equality
16216,hollow,лощина,no_equality
16217,hollow,пустота,néant
16218,hollow,дупло,creux
16219,hollow,впадина,no_equality
16220,hollow,котловина,no_equality
16221,hollow,полым,no_equality
16222,hollow,полыми,creux
16223,hollow,неубедительно,no_equality
16224,hollow,пустотелых,no_equality
16225,upstaged,утерли мне нос,no_equality
16226,confrontation,конфронтация,confrontation
16227,confrontation,конфронтация,affrontement
16228,confrontation,противостояние,confrontation
16229,confrontation,противостояние,affrontement
16230,confrontation,противостояние,opposition
16231,confrontation,столкновение,affrontement
16232,confrontation,столкновение,conflit
16233,confrontation,столкновение,accrochage
16234,confrontation,противоборство,confrontation
16235,confrontation,противоборство,combat
16236,confrontation,стычка,confrontation
16237,confrontation,стычка,accrochage
16238,confrontation,конфликта,conflit
16239,confrontation,очной ставки,confrontation
16240,confrontation,очная ставка,confrontation
16241,confrontation,конфронтационных,no_equality
16242,confrontation,очную ставку,confrontation
16243,confrontation,противоборством,no_equality
16244,confrontation,очной ставке,no_equality
16245,represses,подавляет,réprime
16246,operatively,оперативно,no_equality
16247,boiled,варёный,no_equality
16248,boiled,отварной,no_equality
16249,boiled,вареные,no_equality
16250,boiled,вареное,no_equality
16251,boiled,вареная,bouilli
16252,boiled,вареной,no_equality
16253,boiled,сварил,no_equality
16254,boiled,вареную,no_equality
16255,boiled,кипяченой,no_equality
16256,boiled,вареного,no_equality
16257,boiled,сварила,no_equality
16258,boiled,сварили,no_equality
16259,boiled,вареных,no_equality
16260,boiled,сварены,no_equality
16261,boiled,закипела,no_equality
16262,inheres,присущего,no_equality
16263,oiling,смазываю,no_equality
16264,oiling,смазывал,no_equality
16265,oiling,в смазке,no_equality
16266,oiling,промасливание,no_equality
16267,misappropriating,присвоении,détournement
16268,misappropriating,незаконное присваивание,no_equality
16269,sequestrating,конфискация,no_equality
16270,curst,проклятый,maudit
16271,instigation,подстрекательство,no_equality
16272,instigation,побуждение,instigation
16273,instigation,побуждение,incitation
16274,instigation,побуждение,provocation
16275,instigation,склонение,no_equality
16276,instigation,наущению,instigation
16277,instigation,указке,no_equality
16278,instigation,настоянию,instigation
16279,instigation,подстрекательства к,no_equality
16280,peroxided,пероксид,no_equality
16281,peroxided,перекись,no_equality
16282,peroxided,пероксидом,no_equality
16283,lusty,крепкий,no_equality
16284,lusty,здоровый,no_equality
16285,lusty,похотливый,lusty
16286,lusty,похотливый,lascif
16287,taxers,налогов,no_equality
16288,taxers,налоги,no_equality
16289,taxers,налогами,no_equality
16290,taxers,налогообложения,no_equality
16291,taxers,налога,no_equality
16292,taxers,налогах,no_equality
16293,taxers,налог,no_equality
16294,taxers,сборов,no_equality
16295,taxers,налогам,no_equality
16296,taxers,сборы,no_equality
16297,taxers,пошлин,no_equality
16298,taxers,пошлины,no_equality
16299,taxers,налогообложение,no_equality
16300,taxers,налогом,no_equality
16301,taxers,налоговых поступлений,no_equality
16302,annoy,раздражать,ennuyer
16303,annoy,раздражать,embêter
16304,annoy,раздражать,énerver
16305,annoy,раздражать,agacer
16306,annoy,раздражать,déranger
16307,annoy,раздражать,emmerder
16308,annoy,раздражать,irriter
16309,annoy,разозлить,énerver
16310,annoy,разозлить,emmerder
16311,annoy,разозлить,contrarier
16312,annoy,разозлить,irriter
16313,annoy,разозлить,faire chier
16314,annoy,надоедать,ennuyer
16315,annoy,надоедать,embêter
16316,annoy,надоедать,déranger
16317,annoy,надоедать,importuner
16318,annoy,доставать,ennuyer
16319,annoy,доставать,embêter
16320,annoy,доставать,énerver
16321,annoy,доставать,déranger
16322,annoy,доставать,emmerder
16323,annoy,доставать,faire chier
16324,annoy,досадить,énerver
16325,annoy,досадить,emmerder
16326,annoy,досадить,contrarier
16327,annoy,досаждать,ennuyer
16328,annoy,досаждать,embêter
16329,annoy,рассердить,énerver
16330,annoy,позлить,ennuyer
16331,annoy,позлить,embêter
16332,annoy,позлить,énerver
16333,annoy,позлить,agacer
16334,annoy,позлить,emmerder
16335,annoy,позлить,contrarier
16336,annoy,позлить,faire chier
16337,annoy,злить,embêter
16338,annoy,злить,énerver
16339,annoy,злить,agacer
16340,annoy,злить,emmerder
16341,annoy,злить,contrarier
16342,annoy,злить,irriter
16343,annoy,злить,faire chier
16344,annoy,насолить,énerver
16345,annoy,насолить,emmerder
16346,annoy,насолить,contrarier
16347,Philippine,филиппинский,philippin
16348,Philippine,филиппинский,philippine
16349,Philippine,филиппинской,philippin
16350,Philippine,филиппинской,philippine
16351,Philippine,филиппинского,philippin
16352,Philippine,филиппинская,philippin
16353,Philippine,филиппинская,philippine
16354,Philippine,филиппинских,philippin
16355,Philippine,филиппинских,philippine
16356,Philippine,филиппинское,philippin
16357,Philippine,филиппинские,philippin
16358,Philippine,филиппинские,philippine
16359,Philippine,филиппинским,philippin
16360,Philippine,филиппинском,philippin
16361,Philippine,филиппин,no_equality
16362,Philippine,филиппинскими,philippin
16363,Philippine,филиппинскому,philippin
16364,Philippine,филиппины,philippine
16365,Philippine,филиппинскую,no_equality
16366,Philippine,филиппинами,philippine
16367,jabs,оак,no_equality
16368,jabs,оас,no_equality
16369,jabs,прививки,no_equality
16370,jabs,джебов,no_equality
16371,inflexion,флексия,no_equality
16372,inflexion,словоизменение,no_equality
16373,inflexion,сгибание,no_equality
16374,inflexion,перегиб,no_equality
16375,inflexion,отклонение,inflexion
16376,inflexion,модуляция,no_equality
16377,inflexion,изменение формы слова,no_equality
16378,analysis,анализ,analyse
16379,analysis,анализ,étude
16380,analysis,анализ,analysant
16381,analysis,анализ,analysé
16382,analysis,анализ,analytique
16383,analysis,анализ,évaluation
16384,analysis,анализ,réflexion
16385,analysis,аналитика,no_equality
16386,analysis,анализирование,no_equality
16387,analysis,аналитический,no_equality
16388,segment,сегмент,segment
16389,segment,сегмент,débat
16390,segment,сегмент,volet
16391,segment,часть,partie
16392,segment,часть,section
16393,segment,часть,volet
16394,segment,часть,part
16395,segment,совещание,réunion
16396,segment,слоев,no_equality
16397,segment,участок,secteur
16398,segment,участок,section
16399,segment,участок,tronçon
16400,segment,заседания,débat
16401,segment,заседания,réunion
16402,segment,раздел,partie
16403,segment,раздел,section
16404,segment,раздел,volet
16405,segment,этапа заседаний,débat
16406,segment,этап заседаний,segment
16407,segment,этап заседаний,débat
16408,segment,уровня,no_equality
16409,segment,слои,secteur
16410,segment,сюжет,no_equality
16411,segment,сегментировать,segmenter
16412,segment,отрезок,no_equality
16413,segment,сектор,secteur
16414,segment,сектор,section
16415,segment,доля,no_equality
16416,Masons,масонов,franc-maçon
16417,Masons,масоны,no_equality
16418,Masons,каменщиков,maçon
16419,Masons,масонами,maçon
16420,Masons,каменщики,maçon
16421,Masons,каменщиками,maçon
16422,Masons,масонах,no_equality
16423,Masons,мейсоны,no_equality
16424,Masons,masons,no_equality
16425,Masons,приходу мейсонов,no_equality
16426,Masons,каменщика,no_equality
16427,Masons,мэйсоны,no_equality
16428,pickling,травление,no_equality
16429,pickling,соление,no_equality
16430,pickling,маринование,no_equality
16431,pickling,маринования свеклы,no_equality
16432,foreclosures,закладных,no_equality
16433,foreclosures,потери права выкупа,no_equality
16434,foreclosures,обращения взыскания,no_equality
16435,foreclosures,случаев такого отчуждения,no_equality
16436,foreclosures,лишения должников права выкупа заложенного имущества,no_equality
16437,foreclosures,лишение должников права выкупа заложенного имущества,no_equality
16438,foreclosures,долги по закладным,no_equality
16439,foreclosures,отчуждений домов,no_equality
16440,stair,лестница,escalier
16441,stair,ступенька,marche
16442,stair,по лестнице,no_equality
16443,stair,лестничной,no_equality
16444,stair,трап,no_equality
16445,stair,каталку,no_equality
16446,stair,б по ним прошёлся,no_equality
16447,chocks,колодки,no_equality
16448,driftage,призывного возраста,no_equality
16449,driftage,мобилизационном призывном,no_equality
16450,dampers,заслонки,no_equality
16451,dampers,инерции,no_equality
16452,dampers,заслонками,no_equality
16453,dampers,демпферами,no_equality
16454,dampers,клапан,no_equality
16455,dampers,жалюзи,volet
16456,dampers,инерционные стабилизаторы,no_equality
16457,dampers,глушителей,no_equality
16458,balker,уокер,no_equality
16459,balker,уолкер,no_equality
16460,balker,волкер,no_equality
16461,balker,ходок,no_equality
16462,balker,уокера,no_equality
16463,balker,уолкера,no_equality
16464,balker,уокером,no_equality
16465,balker,уолкером,no_equality
16466,balker,уокеру,no_equality
16467,balker,уолкеру,no_equality
16468,balker,вокер,no_equality
16469,balker,ходунки,no_equality
16470,balker,странник,no_equality
16471,balker,ходунков,no_equality
16472,balker,ходячего,no_equality
16473,dallying,развлечение,amusement
16474,bob,боб,bob
16475,bob,боба,bob
16476,bob,бобом,bob
16477,bob,бобу,bob
16478,bob,шиллингов,shilling
16479,bob,ѕоб,bob
16480,bob,бобе,bob
16481,bob,bob,no_equality
16482,bob,лпп,no_equality
16483,bob,воь,no_equality
16484,bob,шиллинга,shilling
16485,bob,бобби,bob
16486,bob,боб-грибок,no_equality
16487,swallowing,глотание,no_equality
16488,swallowing,заглатывание,no_equality
16489,swallowing,глотать,no_equality
16490,swallowing,глотаешь,no_equality
16491,swallowing,проглотить,no_equality
16492,swallowing,проглотил,no_equality
16493,swallowing,глотал,no_equality
16494,swallowing,проглотив,no_equality
16495,swallowing,поглощающая,no_equality
16496,swallowing,глотала,no_equality
16497,swallowing,глотают,avalent
16498,swallowing,глотает,avale
16499,swallowing,глотает,avalait
16500,swallowing,глотательный,no_equality
16501,swallowing,сглатывать,no_equality
16502,Capris,капри,corsaire
16503,pseudonyms,псевдонимов,pseudonyme
16504,pseudonyms,псевдонимов,pseudos
16505,pseudonyms,псевдонимы,pseudonyme
16506,pseudonyms,под псевдонимами,no_equality
16507,wonder,думать,demander
16508,wonder,думать,penser
16509,wonder,удивляться,se demander
16510,wonder,удивляться,s'étonner
16511,wonder,удивляться,s'émerveiller
16512,wonder,задаваться вопросом,se demander
16513,wonder,задаваться вопросом,s'interroger
16514,wonder,задумываться,s'interroger
16515,wonder,задуматься,se demander
16516,wonder,задуматься,s'interroger
16517,wonder,задуматься,penser
16518,wonder,удивиться,se demander
16519,wonder,сомневаться,no_equality
16520,wonder,гадать,se demander
16521,wonder,чудо,merveille
16522,wonder,чудо,émerveillement
16523,wonder,чудо,prodige
16524,wonder,удивление,émerveillement
16525,wonder,удивление,étonnement
16526,wonder,любопытно,no_equality
16527,wonder,интересно,no_equality
16528,wonder,знать,no_equality
16529,wonder,спрашивать себя,se demander
16530,wonder,спросить,demander
16531,wonder,спросить,interroger
16532,rectal,ректальный,no_equality
16533,rectal,ректальное,no_equality
16534,rectal,ректальной,no_equality
16535,rectal,прямой кишки,rectal
16536,rectal,ректальная,no_equality
16537,rectal,ректальным,no_equality
16538,rectal,ректальную,no_equality
16539,rectal,свищ,no_equality
16540,rectal,аноректальное,no_equality
16541,rectal,ректальные,no_equality
16542,rectal,ректальными,no_equality
16543,rectal,ректальных исследований,no_equality
16544,rectal,когда лезут в задницу,no_equality
16545,cursors,курсоры,no_equality
16546,cursors,курсоров,curseur
16547,empire,империя,empire
16548,empire,царство,royaume
16549,empire,имперцы,no_equality
16550,empire,царства,royaume
16551,empire,эмпайр,empire
16552,empire,в стиле ампир,no_equality
16553,empire,empire,no_equality
16554,empire,имперские,no_equality
16555,empire,импайр,no_equality
16556,empire,эмпайер,no_equality
16557,empire,цин,no_equality
16558,distractions,раздражители,no_equality
16559,Punics,пунийцев,no_equality
16560,arpeggios,арпеджио,no_equality
16561,suborning,подкуп,subornation
16562,amputees,лиц с ампутированными конечностями,personnes amputées
16563,amputees,инвалиды,amputé
16564,amputees,ампутантов,no_equality
16565,amputees,людей с ампутированными конечностями,amputé
16566,amputees,людей с ампутированными конечностями,mutilé
16567,amputees,инвалидов с ампутированными конечностями,amputé
16568,amputees,инвалидов с ампутированными конечностями,mutilé
16569,amputees,инвалидам,no_equality
16570,amputees,ампутантам,no_equality
16571,amputees,подвергшихся ампутации,no_equality
16572,amputees,ампутированных,no_equality
16573,amputees,у которых были ампутированы конечности,no_equality
16574,amputees,ампутанты,no_equality
16575,warmers,с подогревом,no_equality
16576,warmers,обогреватели,réchauffeur
16577,warmers,гетры,jambière
16578,minimizes,сводит к минимуму,réduit au minimum
16579,minimizes,минимизирует,no_equality
16580,minimizes,позволяет свести к минимуму,minimiser
16581,minimizes,уменьшает,diminue
16582,minimizes,сводить к минимуму,no_equality
16583,minimizes,сокращает,diminue
16584,minimizes,минимизируют,no_equality
16585,minimizes,принижает,no_equality
16586,minimizes,сводит до минимума,no_equality
16587,minimizes,сворачивается,no_equality
16588,minimizes,сводится к минимуму,no_equality
16589,minimizes,минимизируется,no_equality
16590,minimizes,снижает до минимума,diminue
16591,minimizes,сводила к минимуму,no_equality
16592,minimizes,сведение к минимуму,réduisent au minimum
16593,bads,плохие,mal
16594,refreshing,освежающий,rafraîchissant
16595,refreshing,живительный,no_equality
16596,refreshing,приятный,agréable
16597,refreshing,освежительный,no_equality
16598,refreshing,освежение,no_equality
16599,refreshing,обновление,actualisation
16600,checkouts,проверки,no_equality
16601,checkouts,выписавшихся,no_equality
16602,slavery,рабство,esclavage
16603,slavery,рабство,servitude
16604,slavery,рабство,asservissement
16605,slavery,рабство,servage
16606,slavery,неволя,no_equality
16607,slavery,рабский труд,esclavage
16608,slavery,рабский,no_equality
16609,dahlias,георгины,no_equality
16610,posthumously,посмертно,à titre posthume
16611,posthumously,после его смерти,après sa mort
16612,demographist,демографический,démographique
16613,demographist,демографический,démographie
16614,demographist,населения,no_equality
16615,demographist,демографии,démographique
16616,demographist,демографии,démographie
16617,demographist,народонаселения,no_equality
16618,demographist,демографию,démographie
16619,kidnappings,похищения людей,enlèvement
16620,kidnappings,похищений людей,enlèvement
16621,kidnappings,похищений людей,kidnapping
16622,kidnappings,похищениях,enlèvement
16623,kidnappings,похищениях,kidnapping
16624,kidnappings,похищениям,enlèvement
16625,kidnappings,похищениям,kidnapping
16626,kidnappings,похищениями людей,enlèvement
16627,kidnappings,похищение людей,enlèvement
16628,kidnappings,похищение людей,kidnapping
16629,kidnappings,похищают людей,no_equality
16630,kidnappings,похищением людей,kidnapping
16631,currencies,валют,monnaie
16632,currencies,валют,devise
16633,currencies,валют,change
16634,currencies,валютах,monnaie
16635,currencies,валютах,devise
16636,currencies,валюты,monnaie
16637,currencies,валюты,devise
16638,currencies,валюты,change
16639,currencies,валюты,monétaire
16640,currencies,валютам,monnaie
16641,currencies,валютам,devise
16642,currencies,валюте,monnaie
16643,currencies,валюте,devise
16644,currencies,валютами,monnaie
16645,currencies,валютами,devise
16646,currencies,валюту,monnaie
16647,currencies,валюту,devise
16648,currencies,валюта,monnaie
16649,currencies,валюта,devise
16650,currencies,валютой,monnaie
16651,currencies,валютой,devise
16652,currencies,валютой,change
16653,currencies,валютных курсов,no_equality
16654,currencies,денежных единицах,no_equality
16655,currencies,бумажных денег,monnaie
16656,whistle-blowers,осведомителей,dénonciateurs d'abus
16657,whistle-blowers,осведомителей,informateur
16658,whistle-blowers,информаторов,informateur
16659,whistle-blowers,информаторов,dénonciateur
16660,whistle-blowers,обличителей,no_equality
16661,whistle-blowers,разоблачителей,no_equality
16662,whistle-blowers,сообщающих о правонарушениях,no_equality
16663,whistle-blowers,"лицам, сообщающим информацию",no_equality
16664,whistle-blowers,сообщающих такую информацию,no_equality
16665,whistle-blowers,осведомители,informateur
16666,whistle-blowers,осведомителями,informateur
16667,whistle-blowers,сознательных граждан,no_equality
16668,whistle-blowers,информаторы,informateur
16669,whistle-blowers,сообщающих информацию,no_equality
16670,delicious,вкусный,délicieux
16671,delicious,вкусный,savoureux
16672,delicious,вкусный,bon
16673,delicious,вкусный,exquis
16674,delicious,вкусный,délice
16675,delicious,восхитительный,délicieux
16676,delicious,восхитительно,délicieux
16677,delicious,вкуснейший,délicieux
16678,delicious,аппетитно,appétissant
16679,delicious,изысканный,exquis
16680,delicious,вкуснятина,délicieux
16681,delicious,вкуснятина,succulent
16682,delicious,пальчики оближешь,délicieux
16683,delicious,аппетитные блюда,plat
16684,bulls,быков,taureau
16685,bulls,быков,boeuf
16686,bulls,быки,taureau
16687,bulls,быками,taureau
16688,bulls,быках,taureau
16689,bulls,бычки,no_equality
16690,bulls,бычков,no_equality
16691,bulls,буллз,bulls
16692,bulls,быкам,taureau
16693,traces,следы,trace
16694,traces,следы,piste
16695,mentums,наставников,no_equality
16696,mentums,наставники,no_equality
16697,mentums,наставниками,no_equality
16698,mentums,инструкторов,no_equality
16699,mentums,наставникам,no_equality
16700,mentums,инструкторы,no_equality
16701,mentums,кураторов,no_equality
16702,mentums,попечители,no_equality
16703,mentums,консультантов,no_equality
16704,mentums,наставника,no_equality
16705,words,речь,propos
16706,words,речь,discours
16707,words,речь,langage
16708,words,текст,no_equality
16709,words,пословный,no_equality
16710,scriptural,библейский,biblique
16711,scriptural,священное Писание,no_equality
16712,besieging,осада,assiéger
16713,besieging,осаждающие,no_equality
16714,besieging,осаждают,no_equality
16715,besieging,осаждающих,no_equality
16716,aeronauticss,авиационный,aéronautique
16717,aeronauticss,авиационный,aviation
16718,aeronauticss,аэронавигационных,aéronautique
16719,aeronauticss,аэронавигационной,aéronautique
16720,aeronauticss,аэронавигационные,no_equality
16721,aeronauticss,авиации,no_equality
16722,aeronauticss,аэронавтике,no_equality
16723,aeronauticss,аэронавтики,no_equality
16724,aeronauticss,аэронавигационную,no_equality
16725,aeronauticss,аэрокосмической,no_equality
16726,aeronauticss,воздушную,no_equality
16727,aeronauticss,аэронавигационного,no_equality
16728,Tyrolean,тирольский,no_equality
16729,pastures,пастбищ,pâturage
16730,pastures,пастбищ,prairie
16731,pastures,пастбищ,pâture
16732,pastures,пастбища,pâturage
16733,pastures,пастбища,prairie
16734,pastures,пастбища,pré
16735,pastures,пастбищах,pâturage
16736,pastures,пастбищам,no_equality
16737,pastures,пастбищных угодий,pâturage
16738,pastures,пастбищных угодий,prairie
16739,pastures,пастбищами,pâturage
16740,pastures,лугах,pré
16741,pastures,пасчурес,no_equality
16742,plied,приставала,no_equality
16743,Shiites,шииты,chiite
16744,Shiites,шиитская община,chiite
16745,premising,исходя из того,no_equality
16746,bewildered,сбит с толку,déconcerté
16747,bewildered,сбит с толку,confus
16748,bewildered,в замешательстве,désorienté
16749,bewildered,сбиты с толку,désorienté
16750,bewildered,сбиты с толку,confus
16751,bewildered,озадачило,no_equality
16752,bewildered,сбита с толку,no_equality
16753,bewildered,растерянная,no_equality
16754,bewildered,недоумение,no_equality
16755,bewildered,озадачен,déconcerté
16756,bewildered,в тупик,perplexe
16757,revenues,поступлений,revenu
16758,revenues,поступлений,recette
16759,revenues,поступлений,produit
16760,revenues,поступлений,rentrée
16761,revenues,поступлений,ressource
16762,revenues,поступлений,fond
16763,revenues,доходов,no_equality
16764,revenues,доходы,revenu
16765,revenues,доходы,recette
16766,revenues,доходы,produit
16767,revenues,доходы,bénéfice
16768,revenues,поступления,revenu
16769,revenues,поступления,produit
16770,revenues,поступления,fond
16771,revenues,доходах,no_equality
16772,revenues,доходами,revenu
16773,revenues,доходами,recette
16774,revenues,доходами,produit
16775,revenues,поступлениями,recette
16776,revenues,поступлениями,produit
16777,revenues,поступлениях,recette
16778,revenues,поступлениях,rentrée
16779,revenues,дохода,revenu
16780,revenues,дохода,recette
16781,revenues,дохода,ressource
16782,revenues,дохода,gagner
16783,revenues,доход,no_equality
16784,revenues,прибыли,bénéfice
16785,revenues,доходам,revenu
16786,revenues,доходам,recette
16787,revenues,выручки,revenu
16788,revenues,выручки,recette
16789,revenues,прибыль,revenu
16790,revenues,прибыль,recette
16791,revenues,прибыль,bénéfice
16792,revenues,доходная часть,no_equality
16793,squander,упустить,gâcher
16794,squander,упустить,laisser passer
16795,squander,растрачивать,gaspiller
16796,squander,растрачивать,dilapider
16797,squander,растрачивать,gâcher
16798,squander,упускать,gâcher
16799,squander,упускать,laisser passer
16800,squander,разбазаривать,no_equality
16801,squander,тратить,gaspiller
16802,squander,тратить,gâcher
16803,squander,транжирить,gaspiller
16804,squander,растранжирить,no_equality
16805,squander,расточать,dilapider
16806,squander,растерять,no_equality
16807,squander,проматывать,no_equality
16808,squander,разбрасываться,no_equality
16809,squander,разбазаривания,no_equality
16810,squander,безответственно разбрасываемся,no_equality
16811,squander,растратит,no_equality
16812,musty,затхлый,no_equality
16813,musty,заплесневелый,moisi
16814,musty,устаревший,no_equality
16815,musty,плесенью,no_equality
16816,musty,пыльных,no_equality
16817,musty,затхлая,no_equality
16818,musty,заплесневелых,no_equality
16819,musty,затхлом,no_equality
16820,musty,замшелой,no_equality
16821,musty,залежалый,no_equality
16822,musty,этот запах закрытого помещения,no_equality
16823,musty,затхло,no_equality
16824,trends,тенденции,tendance
16825,trends,тенденции,évolution
16826,trends,тенденции,orientation
16827,trends,тенденции,conjoncture
16828,trends,тенденции,trend
16829,trends,тенденции,situation
16830,trends,тенденции,dynamique
16831,trends,тенденциях,tendance
16832,trends,тенденциях,évolution
16833,trends,тенденциями,tendance
16834,trends,тенденциями,évolution
16835,trends,тенденциям,tendance
16836,trends,тенденциям,évolution
16837,trends,тенденций в области,no_equality
16838,trends,динамика,tendance
16839,trends,динамика,évolution
16840,trends,динамика,dynamique
16841,trends,тенденций изменения,tendance
16842,trends,трендов,tendance
16843,trends,тренды,tendance
16844,trends,динамики,tendance
16845,trends,динамики,évolution
16846,trends,динамики,dynamique
16847,trends,тенденция,tendance
16848,trends,тенденция,évolution
16849,trends,тенденция,dynamique
16850,trends,трендах,tendance
16851,trends,трендам,no_equality
16852,trends,направлениях,orientation
16853,trends,тенденций в этой области,no_equality
16854,masculines,мужской,no_equality
16855,masculines,мужественный,no_equality
16856,masculines,мужского рода,men's
16857,masculines,мужского рода,masculine
16858,masculines,мужеподобной,masculine
16859,masculines,мужчин,masculine
16860,masculines,мужском роде,no_equality
16861,synced,синхронизированы,no_equality
16862,synced,синхронизировал,synchronisé
16863,synced,пожарные,no_equality
16864,synced,синхронизировались,no_equality
16865,synced,синхронизировали,no_equality
16866,synced,переводчикам,no_equality
16867,synced,синхронизирован,no_equality
16868,synced,синхронизировано,synchronisé
16869,synced,переведено,no_equality
16870,radioed,радировал,no_equality
16871,radioed,выходил на связь,no_equality
16872,radioed,связался со,ai appelé
16873,radioed,связался со,ai contacté
16874,radioed,радировали,no_equality
16875,dabble,плескаться,no_equality
16876,dabble,заниматься поверхностно,no_equality
16877,dabble,балуюсь,no_equality
16878,dabble,интересуюсь,no_equality
16879,dispatched,направил,a envoyé
16880,dispatched,направил,a dépêché
16881,dispatched,направил,envoie
16882,dispatched,направила,a envoyé
16883,dispatched,направила,a dépêché
16884,dispatched,направлены,adressé
16885,dispatched,направлены,envoyé
16886,dispatched,направлена,adressé
16887,dispatched,направлена,envoyé
16888,dispatched,направило,a envoyé
16889,dispatched,направило,a dépêché
16890,dispatched,направили,a envoyé
16891,dispatched,направлено,adressé
16892,dispatched,направлено,envoyé
16893,dispatched,направлен,adressé
16894,dispatched,направлен,distribué
16895,dispatched,направлен,envoyé
16896,dispatched,отправил,expédié
16897,dispatched,отправил,a envoyé
16898,dispatched,отправил,envoie
16899,dispatched,направленной,envoyé
16900,dispatched,направленной,dépêchée
16901,dispatched,отправлены,expédié
16902,dispatched,направляются,no_equality
16903,dispatched,направленная,no_equality
16904,dispatched,отправили,no_equality
16905,dispatched,направление,no_equality
16906,REMS,рзм,no_equality
16907,collection,коллекция,collection
16908,collection,собрание,collection
16909,collection,собрание,rassemblement
16910,collection,сбор,no_equality
16911,collection,набор,ensemble
16912,collection,набор,série
16913,collection,скопление,collection
16914,collection,скопление,accumulation
16915,collection,инкассация,no_equality
16916,collection,фонд,fond
16917,collection,семейство,no_equality
16918,collection,собираемость,no_equality
16919,collection,коллекционный,no_equality
16920,collection,инкассовый,no_equality
16921,glassing,остекление,no_equality
16922,glassing,лощение,no_equality
16923,experiential,экспериментальных,no_equality
16924,experiential,экспериментальные,no_equality
16925,experiential,экспериментального,expérimental
16926,experiential,эмпирическим,empirique
16927,experiential,эмпирические,empirique
16928,experiential,эмпирического,empirique
16929,experiential,эмпирической,empirique
16930,experiential,практических,no_equality
16931,experiential,практические,no_equality
16932,explorer,исследователь,explorateur
16933,explorer,исследователь,exploratrice
16934,explorer,исследователь,explorer
16935,explorer,исследователь,chercheur
16936,explorer,путешественник,exploratrice
16937,explorer,путешественник,voyageur
16938,explorer,explorer,no_equality
16939,explorer,мореплаватель,navigateur
16940,explorer,исследовательница,chercheur
16941,explorer,проводнике,no_equality
16942,explorer,эксплорер,explorateur
16943,explorer,эксплорер,explorer
16944,explorer,проводника,no_equality
16945,pedicures,педикюре,pédicure
16946,pedicures,педикюр,pédicure
16947,pedicures,педикюра,no_equality
16948,savoury,солёный,no_equality
16949,savoury,соленых блюд,no_equality
16950,savoury,чабер,no_equality
16951,Shiner,синяк,coquard
16952,Shiner,синяк,cocard
16953,Shiner,Шайнер,no_equality
16954,Shiner,фонарь,coquard
16955,reversionary,возвратный,no_equality
16956,reimbursement,возмещение,remboursement
16957,reimbursement,возмещение,restitution
16958,reimbursement,возмещение,remboursé
16959,reimbursement,возмещение,rembourser
16960,reimbursement,возмещение,indemnisation
16961,reimbursement,возмещение,paiement
16962,reimbursement,компенсация,remboursement
16963,reimbursement,компенсация,indemnisation
16964,reimbursement,возмещение расходов,remboursement
16965,reimbursement,возмещение расходов,rembourser
16966,reimbursement,возмещение расходов,indemnisation
16967,reimbursement,возмещения расходов,remboursement
16968,reimbursement,возмещении расходов,remboursement
16969,reimbursement,возмещением расходов,remboursement
16970,reimbursement,возмещению расходов,rembourser
16971,reimbursement,выплаты,remboursement
16972,reimbursement,выплаты,indemnisation
16973,reimbursement,имущество,no_equality
16974,reimbursement,возмещение затрат,no_equality
16975,reimbursement,ставкам,no_equality
16976,reimbursement,погашения,remboursement
16977,reimbursement,возврата,remboursement
16978,reimbursement,возврата,restitution
16979,reimbursement,выплату,remboursement
16980,reimbursement,выплату,rembourser
16981,reimbursement,возмещаемые,no_equality
16982,superbly,потрясающем,no_equality
16983,superbly,превосходно,parfaitement
16984,superbly,превосходно,merveilleusement
16985,superbly,превосходно,admirablement
16986,dreg,отстой,no_equality
16987,dreg,отброс,no_equality
16988,dreg,осадок,no_equality
16989,dreg,небольшой остаток,no_equality
16990,dreg,муть,no_equality
16991,physical,физический,physique
16992,physical,физический,matériel
16993,physical,физический,corporel
16994,physical,материальный,matériel
16995,physical,физически,physiquement
16996,physical,медосмотр,visite médicale
16997,physical,медосмотр,examen médical
16998,physical,осмотр,examen médical
16999,physical,телесных,no_equality
17000,physical,личной,physique
17001,physical,вещественных,matériel
17002,physical,телесные,physique
17003,physical,фактического,no_equality
17004,physical,вещественные,physique
17005,physical,материально-технической,matériel
17006,physical,реального,no_equality
17007,physical,физики,physique
17008,physical,физ,no_equality
17009,stigmatizing,стигматизации,stigmatiser
17010,stigmatizing,стигматизации,stigmatisation
17011,stigmatizing,стигматизация,stigmatisation
17012,stigmatizing,стигматизирующих,no_equality
17013,stigmatizing,остракизму,stigmatiser
17014,stigmatizing,остракизму,ostraciser
17015,stigmatizing,клеймения,no_equality
17016,stigmatizing,остракизма,stigmatisation
17017,stigmatizing,очернения,no_equality
17018,stigmatizing,клеймят позором,no_equality
17019,stigmatizing,клеймление,no_equality
17020,stigmatizing,со стигматизацией,no_equality
17021,hemorrhoids,геморрой,hémorroïde
17022,hemorrhoids,геморроя,no_equality
17023,hemorrhoids,геморрое,no_equality
17024,hemorrhoids,гемморой,no_equality
17025,hemorrhoids,геморроем,hémorroïde
17026,democratically,демократически,démocratiquement
17027,democratically,демократическим путем,démocratiquement
17028,democratically,демократической основе,démocratiquement
17029,democratically,демократично,no_equality
17030,democratically,демократическим образом,démocratiquement
17031,democratically,демократическим образом,façon démocratique
17032,democratically,демократического,no_equality
17033,democratically,демократическими методами,démocratie
17034,democratically,демократическое,no_equality
17035,democratically,демократические,no_equality
17036,democratically,основе демократических принципов,no_equality
17037,democratically,демократическом,no_equality
17038,shops,магазины,magasin
17039,shops,магазины,commerce
17040,shops,магазины,commerçant
17041,shops,магазинов,magasin
17042,shops,магазинов,boutique
17043,shops,магазинов,commerce
17044,shops,магазинов,commerçant
17045,shops,магазинах,magasin
17046,shops,магазинах,boutique
17047,shops,магазинами,magasin
17048,shops,магазинами,commerce
17049,shops,магазин,magasin
17050,shops,мастерских,atelier
17051,shops,лавки,magasin
17052,shops,лавки,boutique
17053,shops,лавки,commerce
17054,shops,лавки,commerçant
17055,shops,магазина,magasin
17056,shops,лавок,magasin
17057,shops,магазине,magasin
17058,shops,магазине,boutique
17059,shops,магазине,fleuriste
17060,shops,мастерские,atelier
17061,shops,центры,no_equality
17062,shops,цехов,atelier
17063,shops,торговых точек,magasin
17064,shops,магазинчиков,no_equality
17065,martins,мартинш,martin
17066,martins,мартинша,martin
17067,martins,мартиншу,martin
17068,martins,мартинса,martin
17069,martins,ласточек,no_equality
17070,zetas,сетас,no_equality
17071,zetas,лос-зетас,no_equality
17072,zetas,"""зета""",no_equality
17073,vulgarizing,опошление,no_equality
17074,libidinous,сладострастный,no_equality
17075,libidinous,похотливый,no_equality
17076,limiter,ограничитель,limiteur
17077,limiter,подъема,no_equality
17078,limiter,ограничителе,no_equality
17079,breathlessness,одышка,essoufflement
17080,career,карьера,carrière
17081,career,карьера,parcours professionnel
17082,career,продвижение,avancement
17083,career,профессия,métier
17084,career,профессия,profession
17085,career,работа,métier
17086,career,работа,emploi
17087,career,службы,carrière
17088,career,службы,emploi
17089,career,карьерный,no_equality
17090,career,профессиональный,no_equality
17091,career,службе,carrière
17092,career,профессиональной деятельности,carrière
17093,career,профессиональной деятельности,profession
17094,career,трудовой деятельности,carrière
17095,career,трудовой деятельности,emploi
17096,career,специальности,carrière
17097,career,специальности,professionnel
17098,career,специальности,métier
17099,career,специальности,profession
17100,career,кадровых,no_equality
17101,career,успех,no_equality
17102,career,занятие,métier
17103,career,творческий путь,no_equality
17104,career,кадровой,no_equality
17105,marrow,кабачок,courge
17106,marrow,кабачок,courgette
17107,marrow,костный мозг,moelle
17108,marrow,костный мозг,moelle osseuse
17109,marrow,сердцевина,no_equality
17110,marrow,костномозговой,no_equality
17111,ankle,лодыжка,cheville
17112,ankle,щиколотка,cheville
17113,ankle,ногу,cheville
17114,ankle,ноги,no_equality
17115,ankle,голеностоп,no_equality
17116,ankle,ноге,cheville
17117,ankle,колено,no_equality
17118,insomniacs,страдающие бессонницей,insomniaque
17119,fugally,полностью,no_equality
17120,fugally,всецело,no_equality
17121,fugally,вполне,no_equality
17122,fugally,полно,no_equality
17123,fugally,целиком,no_equality
17124,fugally,подробно,no_equality
17125,fugally,безоговорочно,no_equality
17126,fugally,твердо,no_equality
17127,fugally,полный,no_equality
17128,fugally,всесторонний,no_equality
17129,fugally,полноправный,no_equality
17130,fugally,полной мере,no_equality
17131,fugally,абсолютно,no_equality
17132,fugally,совсем,no_equality
17133,fugally,до конца,no_equality
17134,fugally,совершенно,no_equality
17135,truck,грузовик,camion
17136,truck,грузовик,camionnette
17137,truck,грузовик,pick-up
17138,truck,грузовик,voiture
17139,truck,грузовик,véhicule
17140,truck,грузовик,dépanneuse
17141,truck,грузовик,fourgon
17142,truck,грузовик,4x4
17143,truck,машина,camion
17144,truck,машина,voiture
17145,truck,машина,véhicule
17146,truck,машина,bagnole
17147,truck,фургон,camion
17148,truck,фургон,camionnette
17149,truck,фургон,chariot
17150,truck,фургон,voiture
17151,truck,фургон,véhicule
17152,truck,фургон,fourgon
17153,truck,фургон,fourgonnette
17154,truck,пикап,camion
17155,truck,пикап,camionnette
17156,truck,пикап,pick-up
17157,truck,пикап,fourgonnette
17158,truck,машины,camion
17159,truck,машины,voiture
17160,truck,машины,véhicule
17161,truck,машины,bagnole
17162,truck,расчёт,camion
17163,truck,джип,camion
17164,truck,джип,voiture
17165,truck,джип,4x4
17166,truck,грузовичок,camion
17167,truck,грузовичок,pick-up
17168,truck,грузовичок,fourgon
17169,truck,грузовой автомобиль,camion
17170,truck,фура,camion
17171,truck,тягач,camion
17172,truck,тягач,dépanneuse
17173,truck,трак,no_equality
17174,truck,фургончик,camion
17175,truck,грузовых автомобилей,camion
17176,truck,автоцистерна,no_equality
17177,newness,новизна,no_equality
17178,newness,newness,no_equality
17179,litigant,истец,plaignant
17180,litigant,ответчик,no_equality
17181,litigant,тяжущаяся сторона,no_equality
17182,tack,гвоздь,clou
17183,tack,гвоздь,punaise
17184,tack,кнопка,punaise
17185,tack,курс,cap
17186,tack,такт,no_equality
17187,tack,лавировать,no_equality
17188,tack,тактику,tactique
17189,tack,полезет,no_equality
17190,tack,тэк,no_equality
17191,tack,для галстука,no_equality
17192,tack,галсе,no_equality
17193,tack,сарае,no_equality
17194,tack,галсом,no_equality
17195,tack,восемь-четыре,no_equality
17196,tack,каптёрке,no_equality
17197,advising,консультирование,conseil
17198,advising,консультирование,consultation
17199,advising,консультирование,conseiller
17200,advising,консультирование,conseille
17201,advising,консультирование,orientation
17202,advising,рекомендации,conseil
17203,advising,рекомендации,avis
17204,advising,рекомендации,orientation
17205,advising,консультирует,conseiller
17206,advising,консультирует,conseille
17207,advising,консультировать,no_equality
17208,advising,консультации,conseil
17209,advising,консультации,consultation
17210,advising,консультации,conseiller
17211,advising,предоставление консультаций,no_equality
17212,advising,консультируя,conseil
17213,advising,консультируя,conseillant
17214,advising,уведомление,avis
17215,advising,уведомление,informer
17216,advising,уведомление,aviser
17217,advising,предоставления консультаций,conseiller
17218,advising,консультируют,conseillent
17219,advising,оказание консультативных услуг,no_equality
17220,advising,оказание консультативной помощи,no_equality
17221,advising,консультирующих,no_equality
17222,advising,вынесение рекомендаций,no_equality
17223,advising,советует,no_equality
17224,advising,предоставлении консультаций,no_equality
17225,forewarning,предостережение,avertissement
17226,forewarning,предупреждение,avertissement
17227,abstraction,абстракция,abstraction
17228,abstraction,забор,no_equality
17229,abstraction,выкачивание,no_equality
17230,abstraction,абстрагирование,abstraction
17231,abstraction,абстракцию,no_equality
17232,abstraction,водозабор,no_equality
17233,abstraction,водозабора,no_equality
17234,abstraction,обобщения,no_equality
17235,abstraction,абстрагирования,no_equality
17236,abstraction,абстрактным понятием,no_equality
17237,shuts,закрывает,ferme
17238,shuts,закроет,ferme
17239,shuts,затыкает,no_equality
17240,shuts,закрывается,s'enferme
17241,shuts,закрывается,se referme
17242,shuts,отключит,no_equality
17243,shuts,выключает,no_equality
17244,shuts,закрыл,no_equality
17245,shuts,запирается,s'enferme
17246,traumatize,травмировать,no_equality
17247,skeptic,скептик,sceptique
17248,skeptic,скептика,no_equality
17249,abutting,примыкающий,no_equality
17250,abutting,прилегающих к,no_equality
17251,omnipotence,всемогущество,omnipotence
17252,omnipotence,всемогуществом,no_equality
17253,omnipotence,всесильности,no_equality
17254,offering,предложение,offre
17255,offering,жертва,offrande
17256,offering,жертва,sacrifice
17257,offering,подношение,offrande
17258,offering,пожертвование,offrande
17259,offering,предоставление,no_equality
17260,offering,предоставляющий,no_equality
17261,offering,предлагающий,offrant
17262,offering,предлагающий,proposant
17263,offering,предлагаемый,no_equality
17264,epinephrine,эпинефрин,adrénaline
17265,epinephrine,адреналин,épinéphrine
17266,epinephrine,адреналин,adrénaline
17267,epinephrine,эпинифрина,no_equality
17268,snivels,ноет,no_equality
17269,peons,батраки,no_equality
17270,peons,пеонов,no_equality
17271,peons,батракам,no_equality
17272,supplemental,дополнительный,supplémentaire
17273,supplemental,дополнительный,complémentaire
17274,supplemental,дополнительный,additionnel
17275,supplemental,дополнительный,complément
17276,supplemental,дополнительное,supplémentaire
17277,supplemental,дополнительное,complémentaire
17278,supplemental,дополнительное,additionnel
17279,supplemental,дополнение,no_equality
17280,supplemental,дополнять,no_equality
17281,supplemental,дополняет,complément
17282,suit,костюм,costume
17283,suit,костюм,combinaison
17284,suit,костюм,maillot
17285,suit,костюм,costard
17286,suit,костюм,tenue
17287,suit,костюм,tailleur
17288,suit,костюм,armure
17289,suit,костюм,complet
17290,suit,иск,procès
17291,suit,иск,action
17292,suit,иск,poursuite
17293,suit,иск,plainte
17294,suit,купальник,no_equality
17295,suit,скафандр,combinaison
17296,suit,костюмчик,costume
17297,suit,костюмчик,costard
17298,suit,сторона,no_equality
17299,suit,пиджак,no_equality
17300,suit,костюмы,costume
17301,suit,костюмы,combinaison
17302,suit,костюмы,costard
17303,suit,костюмы,tailleur
17304,suit,подходить,convenir
17305,suit,соответствовать,convenir
17306,suit,соответствовать,adapter
17307,suit,соответствовать,cadrer
17308,suit,масть,couleur
17309,suit,идет,no_equality
17310,suit,комбинезон,combinaison
17311,suit,федерал,no_equality
17312,suit,галстук,no_equality
17313,bleaches,обесцвечивает,no_equality
17314,bleaches,отбеливает,no_equality
17315,capitals,столицах,capitale
17316,capitals,столиц,capitale
17317,capitals,столиц,métropole
17318,capitals,столицы,no_equality
17319,capitals,столицами,no_equality
17320,capitals,административных центрах,capitale
17321,capitals,административных центрах,chef-lieu
17322,capitals,столицам,capitale
17323,capitals,правительствами,no_equality
17324,capitals,правительств,capitale
17325,capitals,стран,no_equality
17326,capitals,государств,no_equality
17327,capitals,административных центров,no_equality
17328,capitals,главных городах,grandes villes
17329,capitals,административные центры,no_equality
17330,capitals,столичных городах,no_equality
17331,capitals,капитала,capital
17332,renegades,ренегатов,renégat
17333,renegades,ренегаты,renégat
17334,renegades,отступники,no_equality
17335,renegades,изменники,no_equality
17336,renegades,отступников,no_equality
17337,renegades,вероотступники,no_equality
17338,renegades,поселенцев,no_equality
17339,objections,возражений,objection
17340,objections,возражений,opposition
17341,objections,возражений,exception
17342,objections,возражения,objection
17343,objections,возражения,opposition
17344,objections,возражения,exception
17345,objections,возражения,opposer
17346,objections,возражения,argument
17347,objections,возражениями,objection
17348,objections,возражениями,opposition
17349,objections,возражениях,objection
17350,objections,возражениях,opposition
17351,objections,возражениях,exception
17352,objections,возражениям,no_equality
17353,objections,возражение,objection
17354,objections,возражение,opposition
17355,objections,возражение,exception
17356,objections,возражение,contestation
17357,objections,протесты,objection
17358,objections,протесты,protestation
17359,objections,возражает против,no_equality
17360,objections,протестов,protestation
17361,objections,протестов,contestation
17362,objections,возражают против,no_equality
17363,objections,протест,objection
17364,objections,протест,opposition
17365,objections,протест,protestation
17366,objections,протест,contestation
17367,objections,оговорок,réserve
17368,objections,замечания,réserve
17369,objections,возражаете,objection
17370,objections,совести,no_equality
17371,prattling,болтливым,no_equality
17372,prattling,болтаю,no_equality
17373,prattling,лепетание,no_equality
17374,prattling,болтовню,bavardage
17375,prattling,болтовню,babillage
17376,prattling,болтовню,jacasser
17377,verbalize,выражать словами,no_equality
17378,verbalize,вербализировать,no_equality
17379,verbalize,озвучить,no_equality
17380,verbalize,разглагольствовать,no_equality
17381,tuckered,выговорился,no_equality
17382,tuckered,вымоталась,no_equality
17383,malaccas,малаккском,no_equality
17384,malaccas,малаккского,malacca
17385,malaccas,малаккский,no_equality
17386,malaccas,малаккскому,no_equality
17387,malaccas,малакке,no_equality
17388,malaccas,малакка,malacca
17389,malaccas,malacca,no_equality
17390,malaccas,малаккским,no_equality
17391,malaccas,малакки,malacca
17392,malaccas,малаккских,no_equality
17393,manpowers,кадры,personnel
17394,manpowers,кадры,effectif
17395,manpowers,кадры,ressources humaines
17396,manpowers,персонал,personnel
17397,manpowers,персонал,effectif
17398,manpowers,персонал,ressources humaines
17399,manpowers,рабочей силы,effectif
17400,manpowers,рабочей силы,main d'œuvre
17401,manpowers,рабочей силы,ressources humaines
17402,manpowers,людских ресурсов,personnel
17403,manpowers,людских ресурсов,effectif
17404,manpowers,людских ресурсов,moyens humains
17405,manpowers,трудовых ресурсов,main-d'œuvre
17406,manpowers,трудовых ресурсов,main d'œuvre
17407,manpowers,трудовых ресурсов,ressources humaines
17408,manpowers,людей,homme
17409,manpowers,рабочую силу,no_equality
17410,manpowers,людские ресурсы,ressources humaines
17411,manpowers,людские ресурсы,moyens humains
17412,manpowers,рабочей силе,no_equality
17413,manpowers,трудоустройству,no_equality
17414,manpowers,специалистов,personnel
17415,manpowers,рабочая сила,main d'œuvre
17416,manpowers,трудовые ресурсы,main-d'œuvre
17417,manpowers,людскими ресурсами,ressources humaines
17418,manpowers,людскими ресурсами,moyens humains
17419,manpowers,личного состава,personnel
17420,manpowers,личного состава,effectif
17421,manpowers,личный состав,personnel
17422,dandelions,"""одуванчиков""",no_equality
17423,dandelions,"""одуванчики""",no_equality
17424,procreation,размножение,reproduction
17425,procreation,потомство,procréer
17426,procreation,потомство,reproduction
17427,procreation,порождение,no_equality
17428,procreation,произведение потомства,no_equality
17429,procreation,воспроизведение,reproduction
17430,procreation,воспроизводство потомства,reproduction
17431,workdays,рабочих дней,jours ouvrables
17432,workdays,рабочих дней,jours de travail
17433,workdays,рабочих дней,journées de travail
17434,workdays,человеко-дней,jours de travail
17435,workdays,человеко-дня,no_equality
17436,workdays,рабочих днях,jours de travail
17437,workdays,рабочие дни,journées de travail
17438,inherences,выводы,conclusion
17439,inherences,выводов,conclusion
17440,inherences,умозаключения,no_equality
17441,inherences,предположений,no_equality
17442,inherences,заключениям,conclusion
17443,inherences,выводам,conclusion
17444,abating,уменьшение,réduction
17445,abating,уменьшение,diminution
17446,abating,затухания,no_equality
17447,abating,ослабевает,no_equality
17448,abating,ослабления,réduction
17449,abating,ослабления,réduire
17450,abating,ослабления,diminution
17451,abating,уменьшается,no_equality
17452,abating,загрязнением,no_equality
17453,abating,убыль,diminution
17454,abating,выбросами,no_equality
17455,provider,поставщик,fournisseur
17456,provider,поставщик,prestataire
17457,provider,поставщик,pourvoyeur
17458,provider,поставщик услуг,no_equality
17459,provider,услуга,no_equality
17460,provider,врач,médecin
17461,provider,оферент,no_equality
17462,provider,источник,fournisseur
17463,provider,источник,source
17464,provider,воспитатель,no_equality
17465,provider,кормилец,no_equality
17466,provider,предоставитель,no_equality
17467,provider,поставщик медицинских услуг,fournisseur
17468,provider,поставщик медицинских услуг,prestataire
17469,provider,поставщик медицинских услуг,pourvoyeur
17470,provider,предоставляющий,no_equality
17471,snowdrops,подснежники,no_equality
17472,feminists,феминистки,féministe
17473,feminists,феминисток,féministe
17474,feminists,феминистками,no_equality
17475,feminists,феминисткам,no_equality
17476,do_good,творить добро,faire le bien
17477,do_good,делать добро,faire le bien
17478,do_good,сделать добро,no_equality
17479,do_good,совершать хорошие,no_equality
17480,do_good,как лучше,bien faire
17481,do_good,сделать что-то хорошее,faire le bien
17482,do_good,сделать хорошее,faire le bien
17483,do_good,делают хорошие,no_equality
17484,do_good,сделать хорошую,faire un bon
17485,do_good,быть добрым,faire le bien
17486,do_good,быть хорошим,no_equality
17487,do_good,помогать людям,no_equality
17488,do_good,делать хорошее,no_equality
17489,bricks,кирпичи,brique
17490,bricks,кирпичей,no_equality
17491,bricks,кирпича,brique
17492,bricks,кирпич,no_equality
17493,bricks,кирпичами,no_equality
17494,bricks,кирпичики,bloc
17495,bricks,брусков,lingot
17496,bricks,брикетов,paquet
17497,bricks,слитки,lingot
17498,bricks,кирпичах,no_equality
17499,bricks,кирпичиков,brique
17500,bricks,слитках,no_equality
17501,bricks,брикеты,briquette
17502,MPS,членов парламента,député
17503,MPS,членов парламента,parlementaire
17504,MPS,депутатов,député
17505,MPS,депутатов,parlementaire
17506,MPS,члены парламента,député
17507,MPS,члены парламента,parlementaire
17508,MPS,членами парламента,no_equality
17509,MPS,депутата,député
17510,MPS,депутаты,député
17511,MPS,военная полиция,police militaire
17512,MPS,псм,no_equality
17513,MPS,смп,no_equality
17514,MPS,женщин-парламентариев,no_equality
17515,MPS,парламентариев,député
17516,MPS,парламентариев,parlementaire
17517,MPS,депутатами,député
17518,MPS,депутатами,parlementaire
17519,receptor,рецептор,récepteur
17520,receptor,реципиент,receveur
17521,receptor,рецепторный,no_equality
17522,dependences,зависимостей,no_equality
17523,depopulation,депопуляция,no_equality
17524,depopulation,уменьшение численности населения,no_equality
17525,depopulation,истребление населения,no_equality
17526,depopulation,обезлюдение,no_equality
17527,depopulation,уменьшения численности населения,no_equality
17528,depopulation,оттока населения,no_equality
17529,depopulation,исход населения из,no_equality
17530,depopulation,снижения численности населения,no_equality
17531,depopulation,сокращение численности сельского населения,no_equality
17532,depopulation,депопуляцию,no_equality
17533,depopulation,сокращение численности населения,no_equality
17534,harmless,безобидный,inoffensif
17535,harmless,безобидный,anodin
17536,harmless,безвредный,inoffensif
17537,alphas,альфы,alpha
17538,alphas,альфа,alpha
17539,alphas,альф,alpha
17540,alphas,альфами,alphas
17541,alphas,альфа-самцов,alpha
17542,alphas,неотложных,no_equality
17543,alphas,альфу,alpha
17544,alphas,альфой,alpha
17545,alphas,альфам,no_equality
17546,accomplices,сообщников,complice
17547,accomplices,сообщников,acolyte
17548,accomplices,сообщники,complice
17549,accomplices,пособников,complice
17550,accomplices,пособников,acolyte
17551,accomplices,соучастников,complice
17552,accomplices,соучастников,complicité
17553,accomplices,соучастников,coauteur
17554,accomplices,сообщниками,complice
17555,accomplices,соучастниками,complice
17556,accomplices,соучастниками,complicité
17557,accomplices,соучастниками,coauteur
17558,accomplices,соучастники,complice
17559,accomplices,соучастники,complicité
17560,accomplices,пособники,complice
17561,accomplices,пособниками,complice
17562,accomplices,сообщникам,no_equality
17563,accomplices,сообщника,no_equality
17564,accomplices,соучастникам,complice
17565,accomplices,приспешников,acolyte
17566,accomplices,сообщниках,complice
17567,accomplices,соучастии,complicité
17568,astrophysicss,астрофизика,no_equality
17569,astrophysicss,астрофизикой,no_equality
17570,astrophysicss,астрофизических,no_equality
17571,astrophysicss,астрофизические,no_equality
17572,inns,гостиниц,auberge
17573,inns,гостиниц,hôtel
17574,inns,трактиры,no_equality
17575,inns,гостиницах,no_equality
17576,inns,инны,no_equality
17577,inns,ресторанов,no_equality
17578,inns,inns,no_equality
17579,inns,барристеров,no_equality
17580,inns,трактирах,no_equality
17581,derivatives,производные,produits dérivés
17582,derivatives,производных инструментов,produits dérivés
17583,derivatives,деривативы,produits dérivés
17584,derivatives,деривативов,produits dérivés
17585,derivatives,производных финансовых инструментов,produits dérivés
17586,derivatives,деривативами,dérivé
17587,derivatives,производным,dérivé
17588,derivatives,производным,derivatives
17589,derivatives,производными инструментами,no_equality
17590,derivatives,вторичные ценные бумаги,no_equality
17591,derivatives,дериваты,dérivé
17592,derivatives,дериватов,no_equality
17593,derivatives,деривативам,no_equality
17594,derivatives,фуллеренов,no_equality
17595,derivatives,вторичных ценных бумаг,no_equality
17596,derivatives,нефтепродуктов,no_equality
17597,guiding,руководство,orientation
17598,guiding,руководство,direction
17599,guiding,руководство,dirigé
17600,guiding,направления,orientation
17601,guiding,направления,direction
17602,guiding,руководящего,directeur
17603,guiding,руководящего,direction
17604,guiding,руководствоваться,no_equality
17605,guiding,основных,no_equality
17606,guiding,руководящей,directeur
17607,guiding,руководящей,direction
17608,guiding,основополагающих,directeur
17609,guiding,ориентации,orientation
17610,guiding,направлении,orientation
17611,guiding,направлении,direction
17612,guiding,направляя,no_equality
17613,guiding,направляющих,guide
17614,guiding,регулирующих,régissant
17615,guiding,направлять,no_equality
17616,guiding,направляющей,no_equality
17617,guiding,определяющим,régissant
17618,guiding,путеводный,no_equality
17619,remarking,замечание,no_equality
17620,antivirals,противовирусные препараты,antiviraux
17621,antivirals,антивирусный препарат,no_equality
17622,antivirals,антивирусных препаратов,antiviraux
17623,antivirals,антивирус,no_equality
17624,antivirals,антивирусные клетки,no_equality
17625,sniffles,насморк,rhume
17626,sniffles,насморк,nez qui coule
17627,sniffles,всхлипывает,no_equality
17628,sniffles,шмыгает носом,no_equality
17629,sniffles,насморка,rhume
17630,sniffles,сопение,no_equality
17631,sniffles,сморкается,no_equality
17632,sniffles,сопли,no_equality
17633,sniffles,сопит,no_equality
17634,sniffles,хлюпает носом,no_equality
17635,compensate,компенсировать,compenser
17636,compensate,компенсировать,indemniser
17637,compensate,компенсировать,dédommager
17638,compensate,компенсировать,pallier
17639,compensate,компенсировать,réparer
17640,compensate,компенсировать,combler
17641,compensate,компенсировать,contrebalancer
17642,compensate,компенсировать,verser
17643,compensate,компенсировать,rembourser
17644,compensate,возместить,compenser
17645,compensate,возместить,indemniser
17646,compensate,возместить,dédommager
17647,compensate,возместить,réparer
17648,compensate,возместить,verser
17649,compensate,возместить,rembourser
17650,compensate,выплатить компенсацию,compenser
17651,compensate,выплатить компенсацию,indemniser
17652,compensate,выплатить компенсацию,dédommager
17653,compensate,выплатить компенсацию,réparer
17654,compensate,возмещать,indemniser
17655,compensate,возмещать,réparer
17656,compensate,возмещать,rembourser
17657,compensate,предоставить,no_equality
17658,compensate,скомпенсировать,compenser
17659,compensate,давать компенсацию,indemniser
17660,compensate,возмещения ущерба,indemniser
17661,compensate,возмещения ущерба,dédommager
17662,compensate,компенсация,no_equality
17663,compensate,компенсирования,compenser
17664,compensate,компенсирования,dédommager
17665,compensate,возмещению ущерба,indemniser
17666,compensate,выплачивать,indemniser
17667,compensate,выплачивать,rémunérer
17668,compensate,выплачивать,verser
17669,compensate,выплачивать,rembourser
17670,compensate,компенсацией,no_equality
17671,coat,пальто,manteau
17672,coat,пальто,veste
17673,coat,пальто,pardessus
17674,coat,куртка,manteau
17675,coat,куртка,veste
17676,coat,плащ,manteau
17677,coat,плащ,veste
17678,coat,пиджак,no_equality
17679,coat,шуба,fourrure
17680,coat,шерсть,no_equality
17681,coat,слой,couche
17682,coat,манто,manteau
17683,coat,манто,fourrure
17684,coat,покрывать,revêtir
17685,coat,покрывать,recouvrir
17686,coat,покрывать,couvrir
17687,coat,мундир,no_equality
17688,coat,накидка,manteau
17689,coat,жакет,manteau
17690,coat,жакет,veste
17691,coat,камзол,no_equality
17692,coat,шинель,no_equality
17693,coat,покрытие,revêtement
17694,coat,шубку,manteau
17695,countersigning,подписание,no_equality
17696,thought,мысль,pensée
17697,thought,мысль,idée
17698,thought,мышление,pensée
17699,thought,мышление,idée
17700,thought,мышление,réflexion
17701,thought,идея,pensée
17702,thought,идея,idée
17703,thought,размышление,réflexion
17704,thought,Дума,no_equality
17705,thought,рассуждение,no_equality
17706,thought,мыслительный,no_equality
17707,microeconomists,макроэкономисты,no_equality
17708,concocting,придумывая,no_equality
17709,concocting,стряпня,no_equality
17710,gymnastic,гимнастический,de gymnastique
17711,gymnastic,гимнастики,no_equality
17712,gymnastic,гимнастику,no_equality
17713,automatics,автоматика,automatique
17714,automatics,автоматик,no_equality
17715,automatics,автоматики,no_equality
17716,automatics,автоматике,no_equality
17717,automatics,автоматические,no_equality
17718,automatics,автоматику,no_equality
17719,restrainer,ограничитель,no_equality
17720,squeeze,сжать,serrer
17721,squeeze,сжать,pincer
17722,squeeze,выжать,soutirer
17723,squeeze,сжимать,presser
17724,squeeze,сжимать,serrer
17725,squeeze,сжимать,comprimer
17726,squeeze,нажать,presser
17727,squeeze,выжимать,no_equality
17728,squeeze,втиснуть,caser
17729,squeeze,давить,presser
17730,squeeze,давить,serrer
17731,squeeze,давить,écraser
17732,squeeze,прижать,serrer
17733,squeeze,прижать,pincer
17734,squeeze,потискать,presser
17735,squeeze,сжатие,compression
17736,squeeze,выдавливать,presser
17737,squeeze,тискать,presser
17738,squeeze,сдавливать,serrer
17739,squeeze,нажимай,no_equality
17740,squeeze,втискивать,no_equality
17741,resuscitating,реанимировать,réanimation
17742,resuscitating,реанимировать,ressusciter
17743,resuscitating,реанимировать,réanimer
17744,resuscitating,реанимировать,ranimer
17745,resuscitating,реанимирование,no_equality
17746,resuscitating,возрождении,ranimer
17747,earls,принцами,no_equality
17748,earls,графы,comte
17749,earls,earls,no_equality
17750,earls,ярлами,no_equality
17751,plantal,спланировать все,no_equality
17752,plantal,планом все,no_equality
17753,plantal,плана все,no_equality
17754,administered,управляемый,no_equality
17755,administered,осуществляется,no_equality
17756,administered,управляемых,no_equality
17757,administered,управляется,no_equality
17758,administered,управляются,no_equality
17759,administered,управляет,gèrent
17760,administered,находящихся под управлением,no_equality
17761,administered,под руководством,no_equality
17762,administered,применяется,no_equality
17763,administered,осуществлялось,no_equality
17764,administered,управлении,no_equality
17765,administered,относящихся,relevant
17766,administered,управляли,gèrent
17767,administered,управлять,no_equality
17768,administered,управляла,no_equality
17769,soothing,успокаивающий,apaisant
17770,soothing,успокаивающий,douce
17771,soothing,успокаивает,no_equality
17772,soothing,успокоительное,calmant
17773,soothing,успокоительное,sédatif
17774,soothing,умиротворяет,no_equality
17775,soothing,расслабляющее,no_equality
17776,soothing,успокаивать,no_equality
17777,picnicking,пикнике,pique-niquer
17778,picnicking,пикнике,pique-nique
17779,impairment,обесценение,dépréciation
17780,impairment,нарушение,atteinte
17781,impairment,нарушение,trouble
17782,impairment,ухудшение,détérioration
17783,impairment,зрения,no_equality
17784,impairment,ущемление,no_equality
17785,impairment,слуха,no_equality
17786,impairment,инвалидности,déficience
17787,impairment,инвалидности,handicap
17788,impairment,инвалидности,incapacité
17789,impairment,расстройствами,trouble
17790,impairment,расстройства здоровья,trouble
17791,impairment,дефектов,no_equality
17792,impairment,расстройств,déficience
17793,impairment,расстройств,trouble
17794,impairment,увечья,no_equality
17795,flatters,льстит,flatte
17796,shouldering,несут на себе,assument
17797,shouldering,несут на себе,supportent
17798,shouldering,взять на,assument
17799,shouldering,взять на,supporter
17800,shouldering,выполнение им,no_equality
17801,shouldering,несении,no_equality
17802,shouldering,берут на себя,assumer
17803,shouldering,берут на себя,assument
17804,shouldering,возросшую,no_equality
17805,shouldering,взяв на себя,no_equality
17806,stuffily,начинка,no_equality
17807,stuffily,набивка,no_equality
17808,stuffily,набивать,no_equality
17809,stuffily,наполнения,no_equality
17810,stuffily,набивку,no_equality
17811,stuffily,набивала,no_equality
17812,stuffily,набить,no_equality
17813,stuffily,засовывать,no_equality
17814,stuffily,набивая,no_equality
17815,stuffily,начинке,no_equality
17816,stuffily,набивает,no_equality
17817,stuffily,запихивал,no_equality
17818,acridities,деятельности,no_equality
17819,acridities,деятельность,no_equality
17820,acridities,мероприятий,no_equality
17821,acridities,мероприятия,no_equality
17822,acridities,деятельностью,no_equality
17823,acridities,мероприятиях,no_equality
17824,acridities,виды деятельности,no_equality
17825,acridities,действий,no_equality
17826,acridities,работы,no_equality
17827,acridities,мероприятиям,no_equality
17828,acridities,действия,no_equality
17829,acridities,мероприятиями,no_equality
17830,acridities,работе,no_equality
17831,acridities,мер,no_equality
17832,acridities,работу,no_equality
17833,inpatients,пациентов,no_equality
17834,diligently,старательно,soigneusement
17835,diligently,неустанно,assidûment
17836,diligently,неустанно,sans relâche
17837,diligently,неустанно,arrache-pied
17838,beneficiations,обогащение,enrichissement
17839,articulary,особенно,no_equality
17840,niceness,любезность,gentillesse
17841,niceness,любезность,bonté
17842,niceness,любезность,amabilité
17843,niceness,доброта,gentillesse
17844,niceness,доброта,bonté
17845,niceness,правильность,no_equality
17846,niceness,добрый нрав,no_equality
17847,squeamishly,брезгливый,délicat
17848,squeamishly,разборчивый,no_equality
17849,squeamishly,брезгуете,no_equality
17850,squeamishly,брезглива,no_equality
17851,squeamishly,брезгливы,no_equality
17852,squeamishly,брезгливая,no_equality
17853,squeamishly,брезгуешь,no_equality
17854,squeamishly,брезгливости,no_equality
17855,squeamishly,брезгливой,délicat
17856,squeamishly,слишком брезглив,no_equality
17857,squeamishly,из слабонервных,no_equality
17858,academically,академически,académiquement
17859,academically,в учебе,no_equality
17860,academically,академической успеваемости,résultats scolaires
17861,academically,с успеваемостью,résultats scolaires
17862,academically,академическом плане,no_equality
17863,academically,академической основе,no_equality
17864,determined,установленный,no_equality
17865,determined,детерминированный,no_equality
17866,determined,решенный,no_equality
17867,determined,предопределенный,no_equality
17868,determined,определивший,no_equality
17869,determined,принявший решение,décidé
17870,determined,преисполненный решимости,décidé
17871,determined,решившийся,no_equality
17872,determined,решительно,no_equality
17873,determined,непреклонный,no_equality
17874,determined,решительный,déterminé
17875,determined,определенный,déterminé
17876,determined,определенный,défini
17877,determined,твердый,no_equality
17878,determined,преисполненный,no_equality
17879,determined,полный решимости,décidé
17880,pedestrians,пешеходов,piéton
17881,pedestrians,пешеходы,piéton
17882,pedestrians,пешеходам,piéton
17883,pedestrians,пешеходами,piéton
17884,pedestrians,пешеходах,no_equality
17885,pedestrians,пешеходное движение,no_equality
17886,pedestrians,прохожие,passant
17887,pedestrians,прохожих,piéton
17888,pedestrians,прохожих,passant
17889,descendents,потомки,descendant
17890,descendents,потомки,descendance
17891,descendents,потомков,descendant
17892,descendents,потомков,descendance
17893,descendents,потомками,descendant
17894,descendents,потомками,descendance
17895,descendents,потомкам,descendant
17896,descendents,потомкам,descendance
17897,descendents,шошонов,no_equality
17898,descendents,потомках,no_equality
17899,descendents,нисходящей,descendant
17900,blares,расчёт,no_equality
17901,uncompromisingly,бескомпромиссно,no_equality
17902,uncompromisingly,бескомпромиссную борьбу,no_equality
17903,combination,сочетание,combinaison
17904,combination,сочетание,association
17905,combination,сочетание,ensemble
17906,combination,сочетание,mélange
17907,combination,сочетание,conjonction
17908,combination,сочетание,conjugaison
17909,combination,соединение,combinaison
17910,combination,соединение,combiné
17911,combination,объединение,association
17912,combination,объединение,regroupement
17913,combination,объединение,réunion
17914,combination,комплекс,ensemble
17915,combination,совокупность,combinaison
17916,combination,совокупность,ensemble
17917,combination,смесь,mélange
17918,combination,совместительство,no_equality
17919,combination,комбинированный,no_equality
17920,ventriloquist,чревовещатель,ventriloque
17921,ventriloquist,чревовещателей,no_equality
17922,ventriloquist,чревовещательный,no_equality
17923,ins,син,no_equality
17924,ins,инс,no_equality
17925,ins,иммиграционную службу,no_equality
17926,ins,службу иммиграции,no_equality
17927,ins,нис,ins
17928,ins,иммиграционной службы,immigration
17929,ins,коренных народностей,no_equality
17930,hiccoughing,икота,no_equality
17931,countenanced,закрывать глаза,no_equality
17932,bonbons,конфеты,bonbon
17933,bonbons,конфет,no_equality
17934,bonbons,леденцы,bonbon
17935,governance,руководство,gouvernance
17936,governance,руководство,gestion
17937,governance,руководство,administration
17938,governance,руководство,direction
17939,governance,власть,no_equality
17940,governance,правление,gouvernance
17941,governance,правление,gouvernement
17942,governance,правление,régime
17943,governance,стратегическое управление,no_equality
17944,governance,вопрос управления,no_equality
17945,governance,практика управления,no_equality
17946,governance,управленческий,gestion
17947,governance,руководящий,direction
17948,seagulls,чаек,mouette
17949,seagulls,чаек,goéland
17950,seagulls,чайки,goéland
17951,seagulls,чайками,mouette
17952,seagulls,чайках,no_equality
17953,seagulls,чайкам,no_equality
17954,straws,соломинку,no_equality
17955,straws,соломинки,no_equality
17956,straws,трубочки,no_equality
17957,straws,соломинок,no_equality
17958,straws,соломинками,no_equality
17959,straws,жребий,no_equality
17960,lay,положить,poser
17961,lay,положить,mettre
17962,lay,положить,déposer
17963,lay,прокладывать,construire
17964,lay,закладывать,poser
17965,lay,закладывать,mettre
17966,lay,закладывать,jeter
17967,lay,сложить,mettre
17968,lay,сложить,déposer
17969,lay,ложиться,no_equality
17970,lay,изложить,no_equality
17971,lay,разложить,no_equality
17972,lay,полагать,no_equality
17973,lay,приклонить,no_equality
17974,lay,приложить,no_equality
17975,lay,настилать,no_equality
17976,lay,складывать,mettre
17977,lay,мирянин,no_equality
17978,lay,прокладка,no_equality
17979,lay,кладки,no_equality
17980,crusaders,крестоносцы,crusaders
17981,crusaders,крестоносцев,no_equality
17982,crusaders,крестоносцами,croisé
17983,crusaders,борцы,no_equality
17984,crusaders,крестоносцам,no_equality
17985,crusaders,рыцари,chevalier
17986,Minotaurs,минотавров,no_equality
17987,Minotaurs,минотаврам,no_equality
17988,inverted,перевернутый,renversé
17989,inverted,перевернутый,à l'envers
17990,inverted,поменять местами,no_equality
17991,inverted,перевернутом,no_equality
17992,inverted,перевернутого,no_equality
17993,inverted,перевернули,no_equality
17994,inverted,перевернутая,inversée
17995,inverted,перевернуты,no_equality
17996,inverted,кавычки,no_equality
17997,inverted,перевернутое,inversé
17998,inverted,встречная,no_equality
17999,inverted,вывернутые,no_equality
18000,inverted,виде перевернутой,no_equality
18001,inverted,инвертированных,no_equality
18002,inverted,инвертированные,no_equality
18003,inverted,инвертированный,no_equality
18004,generation,поколение,génération
18005,generation,генерация,génération
18006,generation,формирование,apparition
18007,generation,формирование,formation
18008,generation,создание,création
18009,generation,род,no_equality
18010,generation,производство,production
18011,generation,производство электроэнергии,no_equality
18012,generation,выработка,production
18013,generation,рождение,no_equality
18014,generation,получение,no_equality
18015,generation,Generation,no_equality
18016,generation,генерационный,no_equality
18017,seekers,искатели,chercheur
18018,seekers,искателей,aventurier
18019,seekers,лицам,no_equality
18020,seekers,ходатайствующие,no_equality
18021,seekers,обращающихся,no_equality
18022,seekers,претендентов,no_equality
18023,seekers,обратившихся,no_equality
18024,seekers,соискателей,no_equality
18025,seekers,ходатайствующих,no_equality
18026,seekers,стремящихся,no_equality
18027,seekers,соискатели,no_equality
18028,impinging,ущемляя,no_equality
18029,impinging,воздействующих,no_equality
18030,impinging,ущемлением,no_equality
18031,impinging,давит,no_equality
18032,impinging,затрагивая,no_equality
18033,impinging,посягая,no_equality
18034,impinging,нарушая,no_equality
18035,integrality,целостность,intégrité
18036,integrality,интегральность,no_equality
18037,cowboys,ковбои,cowboys
18038,cowboys,ковбои,cow-boy
18039,cowboys,ковбоев,cow-boy
18040,cowboys,ковбоев,cowboy
18041,cowboys,ковбоями,cow-boy
18042,cowboys,ковбоям,cowboys
18043,cowboys,ковбоях,cowboys
18044,cowboys,"""ковбойс""",no_equality
18045,cowboys,ковбоем,cow-boy
18046,cowboys,ковбоем,cowboy
18047,grizzle,сереть,no_equality
18048,hearts,сердца,no_equality
18049,hearts,сердцах,no_equality
18050,hearts,сердец,coeur
18051,hearts,сердец,âme
18052,hearts,сердце,coeur
18053,hearts,сердце,âme
18054,hearts,сердце,fond
18055,hearts,сердце,amour
18056,hearts,сердце,poitrine
18057,hearts,сердцами,cœurs
18058,hearts,сердцем,no_equality
18059,hearts,червей,cœurs
18060,hearts,сердцам,coeur
18061,hearts,души,coeur
18062,hearts,души,âme
18063,hearts,души,esprit
18064,hearts,сердечки,no_equality
18065,hearts,сердцу,no_equality
18066,hearts,черви,no_equality
18067,hearts,сердечками,cœurs
18068,hearts,червы,cœurs
18069,hearts,hearts,no_equality
18070,subbed,заменил,no_equality
18071,subbed,перепоручил,no_equality
18072,subbed,заменяла,remplacé
18073,valuable,ценный,précieux
18074,valuable,ценный,utile
18075,valuable,ценный,appréciable
18076,valuable,важный,précieux
18077,valuable,важный,important
18078,valuable,полезный,précieux
18079,valuable,полезный,utile
18080,valuable,полезный,bon
18081,valuable,полезный,fructueux
18082,valuable,бесценный,précieux
18083,valuable,бесценный,inestimable
18084,valuable,ценность,utile
18085,valuable,ценность,valeur
18086,valuable,ценность,intérêt
18087,valuable,ценность,prix
18088,valuable,важное значение,utile
18089,valuable,важное значение,important
18090,valuable,важное значение,intérêt
18091,valuable,ценности,valeur
18092,valuable,ценности,intérêt
18093,valuable,неоценимую,précieux
18094,valuable,неоценимую,appréciable
18095,valuable,неоценимую,inestimable
18096,valuable,большую,important
18097,valuable,ценнейший,no_equality
18098,valuable,драгоценный,précieux
18099,valuable,неоценимой,précieux
18100,valuable,неоценимой,inestimable
18101,valuable,прекрасную,no_equality
18102,valuable,дорогие,no_equality
18103,valuable,дорого,no_equality
18104,planar,плоских,plat
18105,planar,плоскую,no_equality
18106,planar,плоской,plat
18107,planar,плоскостных,no_equality
18108,planar,планарных,no_equality
18109,planar,планарной,no_equality
18110,planar,плоскостной,no_equality
18111,planar,планарный,no_equality
18112,waving,машет,agite
18113,waving,машет,fait des signes
18114,waving,размахивая,no_equality
18115,waving,размахивать,no_equality
18116,waving,махал,agitait
18117,waving,махать,no_equality
18118,waving,размахивал,no_equality
18119,waving,размахивает,agite
18120,waving,машешь,no_equality
18121,waving,машете,no_equality
18122,waving,размахивали,no_equality
18123,waving,размахивание,agiter
18124,waving,размахиваю,no_equality
18125,waving,размахивала,no_equality
18126,waving,размахивают,no_equality
18127,waving,машу,agitant
18128,trotting,рысь,no_equality
18129,trotting,несущийся,no_equality
18130,intrusion,вторжение,intrusion
18131,intrusion,вторжение,atteinte
18132,intrusion,вторжение,pénétration
18133,intrusion,вторжение,effraction
18134,intrusion,вторжение,irruption
18135,intrusion,внедрение,no_equality
18136,intrusion,посягательство,atteinte
18137,intrusion,посягательство,empiétement
18138,intrusion,посягательство,violation
18139,intrusion,интрузия,intrusion
18140,intrusion,навязывание,no_equality
18141,intrusion,навязчивость,no_equality
18142,intrusion,охранный,no_equality
18143,repayment,погашение,remboursement
18144,repayment,погашение,paiement
18145,repayment,выплата,remboursement
18146,repayment,выплата,paiement
18147,repayment,выплата,versement
18148,repayment,выплаты,remboursement
18149,repayment,выплаты,paiement
18150,repayment,выплаты,rembourser
18151,repayment,выплаты,versement
18152,repayment,возврат,remboursement
18153,repayment,возврат,restitution
18154,repayment,возврат,récupération
18155,repayment,возмещение,remboursement
18156,repayment,возмещение,restitution
18157,repayment,возмещение,recouvrement
18158,repayment,окупаемости,amortissement
18159,repayment,платежей,remboursement
18160,repayment,платежей,paiement
18161,repayment,платежей,recouvrement
18162,repayment,платежей,versement
18163,miniaturization,миниатюризация,no_equality
18164,miniaturization,миниатюризацией,no_equality
18165,coincident,совпадающий,no_equality
18166,coincident,совпало,coïncidence
18167,coincident,совпадающих,no_equality
18168,plater,выпрямитель multi PULS,no_equality
18169,disregarded,игнорируются,négligé
18170,disregarded,игнорируются,écarté
18171,disregarded,игнорируются,méconnaît
18172,disregarded,игнорировать,no_equality
18173,disregarded,игнорируется,ignoré
18174,disregarded,игнорируется,négligé
18175,disregarded,игнорируется,méconnu
18176,disregarded,игнорируется,ne tient pas compte
18177,disregarded,игнорируется,fait abstraction
18178,disregarded,игнорируется,tenu aucun compte
18179,disregarded,игнорируется,méconnaît
18180,disregarded,игнорируют,no_equality
18181,disregarded,проигнорировал,no_equality
18182,disregarded,проигнорированы,ignoré
18183,disregarded,проигнорированы,méconnu
18184,disregarded,не учитывается,ne tient pas compte
18185,disregarded,не учитываются,ne tient pas compte
18186,disregarded,игнорировались,no_equality
18187,disregarded,игнорировали,ignoré
18188,disregarded,игнорировали,méconnu
18189,disregarded,игнорировали,tenu aucun compte
18190,disregarded,пренебрегать,no_equality
18191,disregarded,не соблюдаются,no_equality
18192,disregarded,проигнорировали,no_equality
18193,disregarded,не принял во внимание,no_equality
18194,disregarded,проигнорирована,no_equality
18195,transiency,быстротечность,no_equality
18196,investigations,расследований,investigation
18197,investigations,расследований,instruction
18198,investigations,расследования,enquête
18199,investigations,расследования,investigation
18200,investigations,расследования,recherche
18201,investigations,расследования,instruction
18202,investigations,расследования,examen
18203,investigations,расследования,poursuite
18204,investigations,расследование,enquête
18205,investigations,расследование,investigation
18206,investigations,расследование,recherche
18207,investigations,расследование,instruction
18208,investigations,расследование,poursuite
18209,investigations,расследование,information
18210,investigations,расследованиям,enquête
18211,investigations,расследованиям,investigation
18212,investigations,расследованиях,enquête
18213,investigations,расследованиях,investigation
18214,investigations,расследованиями,enquête
18215,investigations,расследованиями,investigation
18216,investigations,следствия,investigation
18217,investigations,исследований,enquête
18218,investigations,исследований,recherche
18219,investigations,исследований,étude
18220,investigations,исследований,travaux
18221,investigations,расследованию,investigation
18222,investigations,исследования,enquête
18223,investigations,исследования,recherche
18224,investigations,исследования,étude
18225,investigations,следствие,enquête
18226,investigations,следствие,instruction
18227,investigations,расследованием,enquête
18228,investigations,расследованием,investigation
18229,investigations,следственной,enquête
18230,investigations,следственной,investigation
18231,investigations,следственных действий,enquête
18232,investigations,следственных действий,investigation
18233,investigations,следственных действий,instruction
18234,investigations,обследований,enquête
18235,investigations,обследований,étude
18236,investigations,обследований,examen
18237,zymotic,заразный,no_equality
18238,zymotic,бродильный,no_equality
18239,mailing,рассылка,envoi
18240,mailing,почтовая отправка,envoi
18241,mailing,отправка по почте,envoi
18242,mailing,адресная рассылка,no_equality
18243,mailing,почтовый,no_equality
18244,analyse,проанализировать,analyser
18245,analyse,проанализировать,étudier
18246,analyse,проанализировать,examiner
18247,analyse,проанализировать,déterminer
18248,analyse,проанализировать,évaluer
18249,analyse,анализировать,analyser
18250,analyse,анализировать,examiner
18251,analyse,анализировать,évaluer
18252,analyse,анализироваться,analyser
18253,analyse,изучить,analyser
18254,analyse,изучить,étudier
18255,analyse,изучить,examiner
18256,analyse,изучить,déterminer
18257,analyse,изучить,évaluer
18258,analyse,анализа,no_equality
18259,analyse,анализу,analyser
18260,analyse,анализу,évaluer
18261,analyse,анализе,no_equality
18262,analyse,анализом,analyser
18263,analyse,изучения,no_equality
18264,analyse,анализ,no_equality
18265,analyse,изучать,analyser
18266,analyse,изучать,étudier
18267,analyse,изучать,examiner
18268,analyse,подвергнуть анализу,analyser
18269,sniffed,учуяла,a senti
18270,sniffed,нюхал,ai sniffé
18271,sniffed,нюхал,reniflait
18272,sniffed,понюхал,renifler
18273,sniffed,обнюхал,no_equality
18274,sniffed,подобранный,no_equality
18275,sniffed,унюхали,no_equality
18276,sniffed,учуял,a reniflé
18277,sniffed,учуял,a senti
18278,sniffed,учуял,a flairé
18279,sniffed,принюхивался,no_equality
18280,sniffed,обнюхали,no_equality
18281,loaves,буханок,miche
18282,loaves,буханки,no_equality
18283,loaves,батонов,no_equality
18284,loaves,хлебы,no_equality
18285,loaves,батона,no_equality
18286,loaves,порциями хлеба,no_equality
18287,loaves,хлебами,no_equality
18288,loaves,пять хлебов,no_equality
18289,earningss,доход,no_equality
18290,earningss,заработок,revenu
18291,earningss,заработок,rémunération
18292,earningss,заработок,salaire
18293,earningss,заработок,gagnent
18294,earningss,доходы,gain
18295,earningss,доходы,revenu
18296,earningss,доходы,bénéfice
18297,earningss,доходы,profit
18298,earningss,доходы,rendement
18299,earningss,поступления,revenu
18300,earningss,поступления,recette
18301,earningss,прибыль,gain
18302,earningss,прибыль,revenu
18303,earningss,прибыль,recette
18304,earningss,прибыль,bénéfice
18305,earningss,прибыль,profit
18306,earningss,прибыль,rendement
18307,earningss,прибыли,gain
18308,earningss,прибыли,bénéfice
18309,earningss,прибыли,profit
18310,earningss,прибыли,rendement
18311,earningss,выручка,recette
18312,earningss,заработная плата,rémunération
18313,earningss,заработная плата,salaire
18314,earningss,поступлений,revenu
18315,earningss,заработной платы,revenu
18316,earningss,заработной платы,rémunération
18317,earningss,заработной платы,salaire
18318,earningss,поступлениях,no_equality
18319,earningss,вознаграждения,rémunération
18320,earningss,вознаграждения,salaire
18321,earningss,вознаграждения,prime
18322,earningss,вознаграждения,salariale
18323,earningss,заработке,no_equality
18324,earningss,заработной плате,rémunération
18325,earningss,заработной плате,salaire
18326,earningss,заработную плату,rémunération
18327,earningss,заработную плату,salaire
18328,boxers,боксеры,boxeur
18329,boxers,боксеры,caleçon
18330,boxers,боксеры,boxer
18331,boxers,боксеров,boxer
18332,boxers,трусы,caleçon
18333,boxers,трусы,slip
18334,boxers,трусах,boxer
18335,boxers,труселя,caleçon
18336,boxers,боксерами,no_equality
18337,boxers,семейники,no_equality
18338,boxers,трусами,caleçon
18339,boxers,трусами,boxer
18340,boxers,труселях,caleçon
18341,boxers,труселях,slip
18342,boxers,боксерах,boxer
18343,boxers,трусов,caleçon
18344,boxers,трусов,slip
18345,expounded,подробно остановился,no_equality
18346,expounded,провозглашенных,no_equality
18347,expounded,изложенная,no_equality
18348,expounded,подробно изложены,no_equality
18349,expounded,изложенную,énoncée
18350,whirrs,жужжание,no_equality
18351,base,база,base
18352,base,база,fondement
18353,base,опора,pied
18354,base,плацдарм,no_equality
18355,base,подставка,support
18356,base,базирование,no_equality
18357,base,основывать,fonder
18358,base,основывать,baser
18359,base,основывать,asseoir
18360,base,базовый,basique
18361,base,низменный,no_equality
18362,base,низкопробный,no_equality
18363,luxuriation,благоденствие,no_equality
18364,violator,нарушитель,contrevenant
18365,violator,баламут,violator
18366,violator,правонарушитель,no_equality
18367,trekking,походов,no_equality
18368,trekking,на экскурсии,excursion
18369,trekking,пешие прогулки,no_equality
18370,trekking,трекинга,no_equality
18371,trekking,походы,randonnée
18372,trekking,походы,excursion
18373,trekking,треккинг,no_equality
18374,honored,заслуженный,émérite
18375,honored,почетный,honorable
18376,honored,почетный,émérite
18377,honored,польщен,no_equality
18378,honored,честью,no_equality
18379,honored,за честь,honoré
18380,honored,для меня честь,no_equality
18381,honored,это честь для меня,no_equality
18382,honored,для меня большая честь,no_equality
18383,honored,польщена,no_equality
18384,honored,уважаемый,respecté
18385,honored,уважаемый,honorable
18386,honored,горд,no_equality
18387,honored,польщены,flatté
18388,honored,чествовали,no_equality
18389,honored,чествуют,no_equality
18390,honored,почтен,no_equality
18391,appointment,назначение,nomination
18392,appointment,назначение,rendez-vous
18393,appointment,назначение,désignation
18394,appointment,назначение,nommé
18395,appointment,назначение,poste
18396,appointment,назначение,affectation
18397,appointment,назначение,désigné
18398,appointment,должность,nomination
18399,appointment,должность,nommé
18400,appointment,должность,poste
18401,appointment,свидание,rendez-vous
18402,appointment,свидание,rendez vous
18403,appointment,свидание,rencard
18404,appointment,свидание,rancard
18405,appointment,запись,rendez-vous
18406,appointment,контракт,engagement
18407,appointment,назначение на должность,nomination
18408,appointment,назначение на должность,désignation
18409,appointment,назначение на должность,nommé
18410,appointment,назначение на должность,affectation
18411,appointment,деловое свидание,no_equality
18412,discarding,отказа от,abandon
18413,discarding,отказавшись от,no_equality
18414,discarding,выброс рыбы,rejet
18415,discarding,выброса рыбы,rejet
18416,discarding,отбрасывать,no_equality
18417,discarding,выбросу,rejet
18418,discarding,отбрасывание,no_equality
18419,discarding,отказ,rejet
18420,discarding,отказ,élimination
18421,discarding,отказ,abandon
18422,Shawns,шон,no_equality
18423,Shawns,шона,no_equality
18424,Shawns,шоном,no_equality
18425,Shawns,шону,no_equality
18426,Shawns,ўон,no_equality
18427,Shawns,шоне,no_equality
18428,swapping,замена,échange
18429,swapping,замена,remplacement
18430,swapping,обмен,échange
18431,swapping,меняла,no_equality
18432,swapping,свопинг,no_equality
18433,swapping,перекачка,no_equality
18434,swapping,обменивались,no_equality
18435,swapping,меняемся,no_equality
18436,swapping,поменяться,no_equality
18437,swapping,перестановки,no_equality
18438,swapping,обмениваемся,no_equality
18439,swapping,сдвигов в структуре,no_equality
18440,swapping,меняем,changeant
18441,swapping,махнуться,no_equality
18442,swapping,меняю,no_equality
18443,scratch,царапина,égratignure
18444,scratch,царапина,rayure
18445,scratch,царапина,éraflure
18446,scratch,царапина,griffure
18447,scratch,царапина,écorchure
18448,scratch,поцарапать,no_equality
18449,scratch,почесать,se gratter
18450,scratch,вычеркнуть,rayer
18451,scratch,вычеркнуть,supprimer
18452,scratch,выцарапать,no_equality
18453,scratch,чесать,gratter
18454,scratch,скрип,no_equality
18455,scratch,царапать,gratter
18456,scratch,царапать,griffer
18457,scratch,царапать,égratigner
18458,scratch,почесаться,no_equality
18459,scratch,чесаться,se gratter
18460,scratch,царапинки,égratignure
18461,scratch,забудь,no_equality
18462,scratch,выцарапала,no_equality
18463,scratch,расчесывать,no_equality
18464,acetic_acid,уксусная кислота,acide acétique
18465,acetic_acid,уксусной кислоты,acide acétique
18466,acetic_acid,уксусную кислоту,no_equality
18467,acetic_acid,уксусной кислотой,no_equality
18468,acetic_acid,уксусной кислоте,acide acétique
18469,acetic_acid,кислота уксусная,no_equality
18470,insertion,включение,no_equality
18471,insertion,вставка,insertion
18472,insertion,вставка,insérer
18473,insertion,интеграции,no_equality
18474,insertion,ввода,insertion
18475,insertion,ввода,introduction
18476,insertion,включить,no_equality
18477,insertion,добавить,no_equality
18478,insertion,вставить,no_equality
18479,insertion,добавления,no_equality
18480,insertion,добавление,no_equality
18481,functionally,функционально,fonctionnellement
18482,heritages,наследие народа,patrimoine
18483,heritages,наследие народа,héritage
18484,extent,степень,étendue
18485,extent,степень,ampleur
18486,extent,степень,degré
18487,extent,степень,importance
18488,extent,степень,niveau
18489,extent,степень,gravité
18490,extent,размер,mesure
18491,extent,размер,étendue
18492,extent,размер,importance
18493,extent,размер,niveau
18494,extent,размер,superficie
18495,extent,протяженность,étendue
18496,extent,протяжение,no_equality
18497,extent,пределы,étendue
18498,extent,пределы,portée
18499,extent,экстент,no_equality
18500,extent,распространение,étendue
18501,extent,распространение,extension
18502,chlorides,хлориды,no_equality
18503,chlorides,хлоридов,no_equality
18504,chlorides,хлоридами,no_equality
18505,parabola,парабола,no_equality
18506,sculptor,скульптор,sculpteur
18507,sculptor,скульптору,sculpture
18508,venal,продажный,vénal
18509,venal,продажный,véreux
18510,venal,корыстным,no_equality
18511,penetrators,зондов - пенитраторов,no_equality
18512,fluid,жидкость,fluide
18513,fluid,жидкость,liquide
18514,fluid,жидкости,fluide
18515,fluid,флюид,no_equality
18516,fluid,текучей,no_equality
18517,fluid,нестабильной,no_equality
18518,fluid,жидкий,liquide
18519,fluid,текучий,no_equality
18520,fluid,флюида,no_equality
18521,fluid,неустойчивой,no_equality
18522,fluid,текучих,no_equality
18523,fluid,изменчивой,no_equality
18524,fluid,fluid,no_equality
18525,fluid,изменчивых,no_equality
18526,deals,касается,vise
18527,deals,занимается,traite
18528,deals,занимается,s'occupe
18529,deals,сделок,transaction
18530,deals,сделок,opération
18531,deals,сделки,accord
18532,deals,сделки,affaire
18533,deals,сделки,contrat
18534,deals,рассматриваются,no_equality
18535,deals,рассматривается,traite
18536,deals,рассматривается,aborde
18537,deals,посвящена,traite
18538,deals,рассматривает,traite
18539,deals,рассматривает,s'occupe
18540,deals,рассматривает,aborde
18541,deals,посвящен,traite
18542,deals,посвящен,aborde
18543,deals,сделках,transaction
18544,deals,сделках,opération
18545,deals,имеет дело,traite
18546,deals,имеет дело,s'occupe
18547,deals,речь идет о,traite
18548,deals,затрагивает,traite
18549,deals,затрагивает,concerne
18550,deals,затрагивает,aborde
18551,deals,затрагивает,vise
18552,deals,предусматривает,offre
18553,deals,предусматривает,vise
18554,deals,касающийся,concerne
18555,optimize,оптимизировать,optimiser
18556,optimize,оптимизировать,optimaliser
18557,basilar,базилярный,no_equality
18558,basilar,основной,no_equality
18559,caucuses,совещаний,groupe
18560,caucuses,форумов,forum
18561,caucuses,фракций,no_equality
18562,caucuses,фракциями,no_equality
18563,caucuses,кавказе,caucase
18564,caucuses,кавказа,caucase
18565,caucuses,кавказ,caucase
18566,caucuses,совещаниях,no_equality
18567,caucuses,встречах,no_equality
18568,caucuses,форумах,forum
18569,caucuses,айове,no_equality
18570,amputations,ампутаций,no_equality
18571,amputations,ампутациях,no_equality
18572,amputations,отсечение конечностей,amputation
18573,mentors,наставников,mentor
18574,mentors,наставников,tuteur
18575,mentors,наставников,guide
18576,mentors,наставников,parrain
18577,mentors,наставников,encadreur
18578,mentors,наставников,mentorat
18579,mentors,наставников,encadrement du corps
18580,mentors,наставники,mentor
18581,mentors,наставниками,mentor
18582,mentors,инструкторов,mentor
18583,mentors,наставникам,no_equality
18584,mentors,инструкторы,no_equality
18585,mentors,кураторов,no_equality
18586,mentors,попечители,tuteur
18587,mentors,консультантов,conseiller
18588,mentors,наставника,mentor
18589,anion,анион,anion
18590,anion,аниона,no_equality
18591,anion,анионом,no_equality
18592,anion,дефицит анионов и,no_equality
18593,juvenile,несовершеннолетний,no_equality
18594,juvenile,малолетний,no_equality
18595,juvenile,подросток,jeune
18596,juvenile,подросток,mineur
18597,juvenile,подросток,adolescent
18598,juvenile,подростковой,no_equality
18599,juvenile,детской,juvénile
18600,juvenile,ювенального,no_equality
18601,juvenile,молодежи,jeunesse
18602,juvenile,молодежи,adolescent
18603,juvenile,ювенальных,no_equality
18604,juvenile,молодых,jeune
18605,juvenile,воспитательных,no_equality
18606,juvenile,по-детски,puéril
18607,juvenile,по-детски,immature
18608,juvenile,молодежной,juvénile
18609,juvenile,молодежной,jeune
18610,juvenile,ювенальные,no_equality
18611,juvenile,несовершеннолетнее лицо,mineur
18612,juvenile,подростковая,juvénile
18613,visors,смотровых козырьков,écran
18614,visors,козырьками,no_equality
18615,visors,смотровые козырьки,no_equality
18616,ellipticity,эллиптичность,no_equality
18617,horizons,горизонты,horizon
18618,horizons,горизонты,perspective
18619,horizons,горизонтов,horizon
18620,horizons,кругозор,horizon
18621,horizons,перспективы,perspective
18622,horizons,перспективы,terme
18623,horizons,горизонтам,horizon
18624,horizons,горизонтах,no_equality
18625,horizons,horizons,horizon
18626,horizons,хорайзонс,no_equality
18627,horizons,кругозора,no_equality
18628,horizons,перспектив,perspective
18629,horizons,горизонт,horizon
18630,horizons,периоды,no_equality
18631,revs,набирает обороты,no_equality
18632,revs,оборотов,régime
18633,revs,оборотов,tour
18634,revs,оборотах,no_equality
18635,revs,рев,no_equality
18636,revs,растут обороты,no_equality
18637,strains,штаммов,souche
18638,strains,штаммы,no_equality
18639,strains,напряженность,no_equality
18640,strains,нагрузку,no_equality
18641,strains,напряженности,tension
18642,strains,трудности,difficulté
18643,strains,напряжение,tension
18644,strains,штаммами,souche
18645,strains,сортов,no_equality
18646,strains,видов,espèce
18647,strains,сорта,variété
18648,strains,разновидностей,souche
18649,strains,разновидностей,variété
18650,strains,бременем,no_equality
18651,strains,штамма,souche
18652,strains,нагрузка,no_equality
18653,gazing,глядя,no_equality
18654,gazing,я гляжу,no_equality
18655,gazing,пялиться,no_equality
18656,gazing,глядите,no_equality
18657,gazing,пялился,no_equality
18658,gazing,пристально смотря,regarder
18659,impotence,бессилие,impuissance
18660,impotence,бессилие,impuissant
18661,impotence,импотенция,impuissance
18662,impotence,беспомощность,impuissance
18663,impotence,беспомощность,impuissant
18664,impotence,неспособность,impuissance
18665,impotence,неспособность,incapacité
18666,impotence,импотент,impuissant
18667,impotence,малодушием,no_equality
18668,madness,безумие,folie
18669,madness,безумие,fou
18670,madness,безумие,démence
18671,madness,безумие,délire
18672,madness,безумие,insensé
18673,madness,безумие,frénésie
18674,madness,сумасшествие,folie
18675,madness,сумасшествие,fou
18676,madness,сумасшествие,insensé
18677,madness,безумство,folie
18678,madness,безумство,insensé
18679,madness,ума,folie
18680,madness,помешательство,folie
18681,madness,помешательство,démence
18682,madness,дурдом,folie
18683,madness,дурдом,fou
18684,madness,бешенство,rage
18685,madness,сумашествия,no_equality
18686,madness,madness,no_equality
18687,pitches,футбольных поля,terrain
18688,contriver,надуманный,no_equality
18689,contriver,неестественный,no_equality
18690,contriver,придуман,no_equality
18691,contriver,ухитрился,no_equality
18692,contriver,задумано,no_equality
18693,leashed,на поводке,no_equality
18694,communing,общение,no_equality
18695,Baghdads,багдад,bagdad
18696,Baghdads,багдад,baghdad
18697,Baghdads,багдадский,de bagdad
18698,Baghdads,багдаде,baghdad
18699,Baghdads,багдада,bagdad
18700,Baghdads,багдада,baghdad
18701,Baghdads,багдадском,bagdad
18702,Baghdads,багдадского,bagdad
18703,Baghdads,багдадом,bagdad
18704,Baghdads,багдадским,bagdad
18705,Baghdads,багдаду,no_equality
18706,Baghdads,багдадскому,no_equality
18707,Baghdads,багдадское,no_equality
18708,Baghdads,багдадская,no_equality
18709,growlers,"""ворчуны""",no_equality
18710,handfuls,горсти,no_equality
18711,handfuls,горстей,no_equality
18712,motility,подвижность,mobilité
18713,motility,моторика,no_equality
18714,dizzily,головокружительно,no_equality
18715,dizzily,ошеломленно,no_equality
18716,hugs,объятия,câlin
18717,hugs,объятий,câlin
18718,hugs,объятий,embrassade
18719,hugs,объятий,accolade
18720,hugs,обнимает,câlin
18721,hugs,обнимает,étreint
18722,hugs,обнимает,embrasse
18723,hugs,обнимает,prend dans ses bras
18724,hugs,обнимает,serre dans ses bras
18725,hugs,обнимашки,câlin
18726,hugs,обниматься,câlin
18727,hugs,объятья,câlin
18728,hugs,обнимашек,câlin
18729,hugs,объятиями,no_equality
18730,hugs,обнимаю,no_equality
18731,hugs,обнимать,no_equality
18732,hugs,обняла,embrasse
18733,hugs,обними,embrasse
18734,hugs,обнимет,câlin
18735,hugs,обнимается,câlin
18736,reorganize,реорганизовывать,no_equality
18737,reorganize,преобразовывать,réorganiser
18738,reorganize,перестроиться,no_equality
18739,reorganize,перестраивать,restructurer
18740,reorganize,переустраивать,restructurer
18741,hideouts,убежищ,cachette
18742,hideouts,убежищ,planque
18743,hideouts,укрытий,cachette
18744,hideouts,укрытий,planque
18745,hideouts,тайники,cachette
18746,hideouts,тайники,cache
18747,hideouts,убежища,planque
18748,hideouts,тайные укрытия,no_equality
18749,contradicting,противоречащий,contradiction
18750,contradicting,противоречащий,contraire à
18751,contradicting,противоречие,contredire
18752,contradicting,противоречие,contradiction
18753,contradicting,противоречие,contradictoire
18754,acutely,остро,vivement
18755,acutely,остро,gravement
18756,acutely,остро,aiguë
18757,acutely,остро,particulièrement
18758,acutely,остро,cruellement
18759,acutely,остро,avec acuité
18760,acutely,сильно,profondément
18761,acutely,сильно,vivement
18762,acutely,сильно,gravement
18763,acutely,сильно,fortement
18764,acutely,сильно,durement
18765,acutely,сильно,très
18766,acutely,острую,no_equality
18767,acutely,всей остротой,no_equality
18768,acutely,острой,no_equality
18769,acutely,острого,no_equality
18770,acutely,острее,no_equality
18771,acutely,острая,aiguë
18772,reservation,оговорка,réserve
18773,reservation,бронирование,réservation
18774,reservation,бронирование,réserver
18775,reservation,резервация,réservation
18776,reservation,резервация,réserve
18777,reservation,резервирование,réservation
18778,reservation,резервирование,réserver
18779,reservation,столик,réservation
18780,reservation,столик,réserver
18781,reservation,столик,table
18782,reservation,бронь,no_equality
18783,reservation,заказ,réservation
18784,reservation,возражения,no_equality
18785,reservation,брони,réservation
18786,Andrews,эндрюс,andrews
18787,Andrews,эндрюса,andrews
18788,Andrews,эндрюсом,andrews
18789,Andrews,эндрю,andrew
18790,Andrews,ёндрюс,andrews
18791,Andrews,эндрюсу,andrews
18792,Andrews,эндрюсе,no_equality
18793,Andrews,андрюс,no_equality
18794,grantors,"лиц, предоставляющих право",constituant
18795,grantors,праводателей,no_equality
18796,grantors,"лицам, предоставляющим право",constituant
18797,grantors,"лица, предоставляющие право",no_equality
18798,grantors,"лица, предоставившие право",no_equality
18799,grantors,"лицами, предоставляющими право",no_equality
18800,grantors,"лиц, предоставляющих обеспечительное право",no_equality
18801,grantors,предоставляющим обеспечение,no_equality
18802,grantors,"лицо, предоставившее право",constituant
18803,grantors,предоставляющим право лицам,constituant
18804,grantors,"лицам, предоставившим право",constituant
18805,grantors,"лиц, предоставивших право",no_equality
18806,grantors,"лиц, передающих право",no_equality
18807,odours,запахов,odeur
18808,odours,запах,odeur
18809,odours,запахи,odeur
18810,odours,неприятного запаха,odeur
18811,odours,неприятного запаха,parfum
18812,suspends,приостанавливает,suspend
18813,suspends,приостанавливает,est suspensif
18814,suspends,приостановит,suspend
18815,suspends,приостановки,suspendre
18816,suspends,приостановки,suspension
18817,opaqueness,непрозрачность,opacité
18818,verification,проверка,vérification
18819,verification,проверка,contrôle
18820,verification,проверка,vérifié
18821,verification,проверка,vérifier
18822,verification,проверка,validation
18823,verification,проверка,inspection
18824,verification,контроль,no_equality
18825,verification,верификация,vérification
18826,verification,подтверждение,validation
18827,verification,подтверждение,confirmation
18828,verification,сверка,no_equality
18829,verification,проверочный,vérification
18830,verification,контрольный,no_equality
18831,verification,верификационных,no_equality
18832,verification,верификационные,no_equality
18833,verification,верификационного,no_equality
18834,verification,верификационный,no_equality
18835,verification,удостоверения,vérification
18836,verification,удостоверения,vérifier
18837,verification,удостоверения,validation
18838,verification,выверки,no_equality
18839,verification,верификационной,no_equality
18840,verification,верификационным,no_equality
18841,consonant,согласуется,no_equality
18842,consonant,созвучны,no_equality
18843,consonant,созвучно,no_equality
18844,consonant,созвучные,no_equality
18845,consonant,созвучным,no_equality
18846,consonant,согласующиеся,no_equality
18847,consonant,согласный,no_equality
18848,consonant,согласуются,no_equality
18849,consonant,совпадает,no_equality
18850,consonant,отвечающий,no_equality
18851,tearing,разрыв,déchirement
18852,tearing,разрыв,déchirure
18853,tearing,разрыв,rupture
18854,tearing,разрывает,déchirer
18855,tearing,разрывает,déchire
18856,tearing,разрывание,no_equality
18857,tearing,разрывая,no_equality
18858,tearing,раздирают,déchirent
18859,tearing,рвать,no_equality
18860,tearing,рвет,déchire
18861,tearing,рвет,déchirent
18862,tearing,рвет,arrache
18863,tearing,разорвать,no_equality
18864,tearing,снести,no_equality
18865,tearing,разрывают,déchirent
18866,tearing,рвут,no_equality
18867,tearing,сносят,no_equality
18868,Liaos,лаос,no_equality
18869,Liaos,лаосе,no_equality
18870,Liaos,лаоса,no_equality
18871,Liaos,лаосом,no_equality
18872,Liaos,лаосу,no_equality
18873,predisposing,предрасполагающим,no_equality
18874,predisposing,предрасполагающие,no_equality
18875,predisposing,предрасположенности к,no_equality
18876,predisposing,предрасположение,no_equality
18877,predisposing,предрасполагающего,no_equality
18878,predisposing,предрасполагающих,no_equality
18879,responsible,ответственный,responsable
18880,responsible,ответственный,chargé
18881,responsible,ответственный,responsabilité
18882,responsible,поручено,chargé
18883,responsible,ответственность,no_equality
18884,responsible,виновных,responsable
18885,responsible,виновных,coupable
18886,responsible,виновных,auteur
18887,responsible,виновные,no_equality
18888,responsible,виновен,auteur
18889,responsible,виноват,no_equality
18890,responsible,виновными,responsable
18891,responsible,виновными,coupable
18892,responsible,виновными,auteur
18893,responsible,виновным,responsable
18894,responsible,виновным,coupable
18895,responsible,занимающихся,responsable
18896,responsible,занимающихся,chargé
18897,responsible,входит,no_equality
18898,responsible,отвечали,no_equality
18899,responsible,в ответе,responsable
18900,responsible,обязаны,no_equality
18901,responsible,ответственный сотрудник,responsable
18902,responsible,ответственный сотрудник,chargé
18903,responsible,ответственный сотрудник,responsabilité
18904,traded,продаваемый,vendu
18905,physiological,физиологический,physiologique
18906,physiological,физиологическом,no_equality
18907,physiological,психологические,psychologique
18908,physiological,психологического,psychologique
18909,pivoting,поворот,rotation
18910,pivoting,шарнирная,no_equality
18911,pivoting,функцией поворота,no_equality
18912,immigrated,иммигрировал,no_equality
18913,immigrated,иммигрировали,ont immigré
18914,immigrated,эмигрировал,a immigré
18915,immigrated,эмигрировал,a émigré
18916,immigrated,иммигрировала,no_equality
18917,immigrated,эмигрировала,a émigré
18918,immigrated,иммигрирующие,no_equality
18919,immigrated,иммигрировавшим,no_equality
18920,immigrated,эмигрировали,ont immigré
18921,immigrated,иммигрировавших,immigrant
18922,immigrated,иммигрировавшие,no_equality
18923,immigrated,иммигрировало,ont immigré
18924,immigrated,иммигрирует,no_equality
18925,hatcheries,инкубаторов,no_equality
18926,hatcheries,инкубаторах,no_equality
18927,hatcheries,питомника,no_equality
18928,designer,проектировщик,créateur
18929,designer,художник,dessinateur
18930,designer,оформитель,no_equality
18931,designer,кутюрье,couturier
18932,designer,стилист,styliste
18933,designer,дизайнерский,no_equality
18934,epochal,эпохальный,no_equality
18935,usance,поскольку,no_equality
18936,usance,со времени,no_equality
18937,usance,начиная с,no_equality
18938,usance,так как,no_equality
18939,usance,раз уж,no_equality
18940,usance,со времен,no_equality
18941,usance,впоследствии,no_equality
18942,usance,ведь,no_equality
18943,usance,начиная со,no_equality
18944,usance,уже после,no_equality
18945,usance,после,no_equality
18946,usance,с тех пор как,no_equality
18947,usance,ибо,no_equality
18948,usance,учитывая,no_equality
18949,usance,ввиду,no_equality
18950,usance,пока,no_equality
18951,centralizing,централизация,no_equality
18952,centralizing,сведение воедино,centraliser
18953,centralizing,централизованного,no_equality
18954,centralizing,централизуя,no_equality
18955,editorial,редакционный,éditorial
18956,editorial,редакционный,rédactionnel
18957,editorial,передовая,no_equality
18958,editorial,редакционная статья,article
18959,editorial,редакция,édition
18960,editorial,редакционный характер,no_equality
18961,editorial,редакционный материал,éditorial
18962,editorial,редакционный материал,rédactionnel
18963,editorial,редакторская статья,article
18964,editorial,редакционный комментарий,éditorial
18965,editorial,редакционный комментарий,rédactionnel
18966,contributive,делающий вклад,no_equality
18967,trembler,тремблер,no_equality
18968,trembler,датчик удара,no_equality
18969,jays,соек,no_equality
18970,jays,джейс,no_equality
18971,jays,сойки,no_equality
18972,jays,джейз,no_equality
18973,equally,одинаково,également
18974,equally,одинаково,tout aussi
18975,equally,одинаково,uniformément
18976,equally,одинаково,pareillement
18977,equally,одинаково,même manière
18978,equally,одинаково,égal
18979,equally,в равной степени,également
18980,equally,в равной степени,équitablement
18981,equally,в равной степени,manière égale
18982,equally,в равной степени,tout autant
18983,equally,в равной степени,même
18984,equally,в равной степени,à égalité
18985,equally,наравне,égal
18986,equally,равноценно,no_equality
18987,equally,равноправно,équitablement
18988,equally,равно,no_equality
18989,equally,равноправный,no_equality
18990,equally,также,également
18991,equally,также,même
18992,equally,равным образом,de même
18993,equally,равным образом,pareillement
18994,equally,равным образом,même manière
18995,equally,ровно,no_equality
18996,hearings,слушаний,audition
18997,hearings,слушания,audition
18998,hearings,слушаниях,audience
18999,hearings,слушаниях,audition
19000,hearings,слушаниях,procédure orale
19001,hearings,заседаний,réunion
19002,hearings,заседаний,travaux
19003,hearings,заседаний,rencontre
19004,hearings,заседания,séance
19005,hearings,заседания,réunion
19006,hearings,заседания,rencontre
19007,hearings,разбирательства,no_equality
19008,hearings,слушаниям,audition
19009,hearings,заседаниях,audience
19010,hearings,заседаниях,séance
19011,hearings,заседаниях,réunion
19012,hearings,заслушании,no_equality
19013,hearings,слушание,audience
19014,hearings,слушание,audition
19015,hearings,слушаниями,audience
19016,hearings,разбирательство,audience
19017,hearings,разбирательство,débat
19018,hearings,разбирательство,procès
19019,hearings,разбирательство,enquête
19020,hearings,слушании дел,no_equality
19021,hearings,обсуждения,examen
19022,hearings,заслушания,audition
19023,lures,заманивает,attire
19024,lures,соблазняет,no_equality
19025,lures,блёсны,appât
19026,lures,приманки,leurre
19027,lures,приманки,appât
19028,lures,манит,attire
19029,lures,наживка,leurre
19030,lures,наживка,appât
19031,lures,завлекает,attire
19032,lures,заманил,no_equality
19033,lures,сухих мушек,no_equality
19034,cavillers,охладителей,no_equality
19035,cavillers,охладители,no_equality
19036,cavillers,холодильных установок,no_equality
19037,cavillers,кондиционеры,no_equality
19038,cavillers,холодильники,no_equality
19039,cavillers,холодильные камеры,no_equality
19040,cavillers,охладителя,no_equality
19041,cavillers,охладителях,no_equality
19042,cavillers,холодильников,no_equality
19043,cavillers,холодильных установках,no_equality
19044,cavillers,холодильных камерах,no_equality
19045,cavillers,холодильного оборудования,no_equality
19046,cavillers,chillers,no_equality
19047,cavillers,водоохладителей,no_equality
19048,cavillers,hcfc-123,no_equality
19049,exits,выходы,porte
19050,exits,выходов,entrée
19051,exits,выхода,issue
19052,exits,выхода,porte
19053,exits,выхода,entrée
19054,exits,выходами,no_equality
19055,exits,выходах,no_equality
19056,exits,выходам,no_equality
19057,exits,выходу,sortie
19058,exits,выходу,porte
19059,exits,выходу,entrée
19060,exits,выход,sortie
19061,exits,выход,issue
19062,exits,выход,porte
19063,exits,выход,entrée
19064,exits,выходит,sort
19065,exits,выходит,quitte
19066,exits,выходит,sortant
19067,exits,выездов,sortie
19068,exits,выходе,sortie
19069,exits,выездах,no_equality
19070,exits,выезды,no_equality
19071,snickers,хихикает,no_equality
19072,snickers,сникерсы,no_equality
19073,snickers,сникерса,no_equality
19074,snickers,сникерс,snickers
19075,snickers,шоколадку,no_equality
19076,snickers,сникерсов,no_equality
19077,snickers,нутс,no_equality
19078,snickers,сникерсом,no_equality
19079,treasured,драгоценный,précieux
19080,treasured,бесценный,précieux
19081,treasured,ценить,no_equality
19082,treasured,дорожила,no_equality
19083,treasured,ценил,apprécié
19084,treasured,ценили,no_equality
19085,treasured,заветной,no_equality
19086,treasured,ценная,précieux
19087,treasured,дорожат,no_equality
19088,treasured,ценным,précieux
19089,treasured,прошлых сокровищ,no_equality
19090,self-conscious,застенчивый,timide
19091,self-conscious,самосознающий,no_equality
19092,self-conscious,стеснялся,no_equality
19093,self-conscious,неловкость,no_equality
19094,self-conscious,стеснительна,no_equality
19095,self-conscious,неловко,gêné
19096,self-conscious,неловко,mal à l'aise
19097,self-conscious,неловко,embarrassé
19098,self-conscious,стесняется,embarrassé
19099,self-conscious,стесняюсь,no_equality
19100,self-conscious,смущаться,no_equality
19101,self-conscious,застенчиво,no_equality
19102,self-conscious,стеснения,no_equality
19103,self-conscious,стесняетесь,no_equality
19104,self-conscious,стесняться,no_equality
19105,visualize,визуализировать,visualiser
19106,visualize,визуализации,no_equality
19107,visualize,визуалистов,no_equality
19108,visualize,представлять,visualiser
19109,visualize,представлять,imaginer
19110,visualize,представлять,représenter
19111,visualize,представь,imaginer
19112,visualize,наглядно представить,visualiser
19113,visualize,визуализацию,no_equality
19114,visualize,визуализацией,visualize
19115,visualize,представить себе,imaginer
19116,visualize,представить себе,envisager
19117,visualize,представить себе,concevoir
19118,visualize,представьте,imaginer
19119,visualize,визуализация,no_equality
19120,visualize,визуалисты,no_equality
19121,tablespoons,столовые ложки,cuillères à soupe
19122,tablespoons,столовых ложек,no_equality
19123,tablespoons,чайных,no_equality
19124,tablespoons,столовых ложки,no_equality
19125,raspberries,малиной,framboise
19126,raspberries,малина,framboise
19127,raspberries,малину,framboise
19128,raspberries,малины,framboise
19129,semicolons,запятые,no_equality
19130,Orwell,оруэлл,no_equality
19131,Orwell,оруэлла,no_equality
19132,Orwell,орвелл,no_equality
19133,Orwell,оруэллом,no_equality
19134,dirt,грязь,poussière
19135,dirt,грязь,boue
19136,dirt,грязь,crasse
19137,dirt,земля,terre
19138,dirt,земля,sol
19139,dirt,компромат,saleté
19140,dirt,компромат,crasse
19141,dirt,земли,terre
19142,dirt,земли,sol
19143,dirt,пыль,poussière
19144,dirt,грязный,no_equality
19145,dirt,грунт,terre
19146,dirt,грунт,sol
19147,dirt,почва,terre
19148,dirt,почва,sol
19149,dirt,грунтовые,no_equality
19150,dirt,грунтовую,no_equality
19151,dirt,грунтовых,no_equality
19152,dirt,дерьма,no_equality
19153,sappers,саперов,sapeur
19154,sappers,саперы,no_equality
19155,sappers,саперами,no_equality
19156,obedience,послушание,obéissance
19157,obedience,послушание,obédience
19158,impairs,подрывает,entrave
19159,impairs,подрывает,compromet
19160,impairs,подрывает,affaiblit
19161,impairs,препятствует,entrave
19162,impairs,препятствует,compromet
19163,impairs,ограничивает,entrave
19164,impairs,затрудняет,entrave
19165,impairs,затрудняет,compromet
19166,impairs,снижает,compromet
19167,impairs,снижает,affecte
19168,impairs,снижает,diminue
19169,impairs,наносит ущерб,compromet
19170,impairs,наносит ущерб,porte atteinte
19171,impairs,ухудшает,détériore
19172,impairs,негативно отражается,no_equality
19173,impairs,влияет на,affecte
19174,impairs,отрицательно сказывается,affecte
19175,impairs,ослабляет,compromet
19176,impairs,ослабляет,affaiblit
19177,impairs,ущемляет,compromet
19178,impairs,ущемляет,porte atteinte
19179,impairs,ущемляет,affaiblit
19180,earthy,земной,terrestre
19181,earthy,землистый,no_equality
19182,earthy,житейский,no_equality
19183,earthy,перстный,no_equality
19184,earthy,землистые тона,no_equality
19185,logician,логик,logicien
19186,precursors,прекурсоров,précurseur
19187,precursors,прекурсорами,précurseur
19188,precursors,прекурсоры,précurseur
19189,precursors,прекурсорам,précurseur
19190,precursors,прекурсорах,précurseur
19191,precursors,исходных веществ,no_equality
19192,precursors,предвестников,no_equality
19193,precursors,исходные вещества,no_equality
19194,precursors,предтечи,no_equality
19195,appropriated,ассигнованных,crédits ouverts
19196,appropriated,ассигновала,no_equality
19197,appropriated,выделенных,affecté
19198,appropriated,выделенных,alloué
19199,appropriated,выделенных,crédits ouverts
19200,appropriated,ассигнований,no_equality
19201,appropriated,ассигнованные,crédits ouverts
19202,appropriated,ассигнована,no_equality
19203,appropriated,выделенные,affecté
19204,appropriated,выделенные,alloué
19205,appropriated,выделенные,crédits ouverts
19206,appropriated,выделено,affecté
19207,appropriated,выделено,alloué
19208,appropriated,выделены,affecté
19209,appropriated,выделены,alloué
19210,appropriated,выделены,crédit
19211,appropriated,ассигнования,no_equality
19212,appropriated,ассигнованы,no_equality
19213,appropriated,присвоены,no_equality
19214,appropriated,выделил,no_equality
19215,appropriated,ассигнованную,no_equality
19216,appropriated,выделяемые,affecté
19217,appropriated,выделяемые,alloué
19218,swillings,шиллингов,shilling
19219,swillings,шиллингов,schilling
19220,swillings,шиллинга,shilling
19221,swillings,шиллинга,schilling
19222,swillings,шиллинги,shilling
19223,swillings,шиллингах,shilling
19224,swillings,шиллингах,schilling
19225,engendered,порожденный,no_equality
19226,engendered,рожденный,no_equality
19227,engendered,зарожденный,no_equality
19228,Cuscoes,таможенный,no_equality
19229,Cuscoes,таможня,no_equality
19230,Cuscoes,таможенных,no_equality
19231,Cuscoes,таможенной,no_equality
19232,Cuscoes,таможенного,no_equality
19233,Cuscoes,таможни,no_equality
19234,Cuscoes,обычаев,no_equality
19235,Cuscoes,обычаи,no_equality
19236,Cuscoes,таможне,no_equality
19237,Cuscoes,обычаями,no_equality
19238,Cuscoes,таможню,no_equality
19239,Cuscoes,таможней,no_equality
19240,Cuscoes,обычаям,no_equality
19241,Cuscoes,обычаях,no_equality
19242,Cuscoes,таможенниками,no_equality
19243,Cuscoes,таможенная пошлина,no_equality
19244,besetting,которыми сталкиваются,no_equality
19245,besetting,стоящих перед,que connaît
19246,besetting,преследующих,qui affligent
19247,besetting,преследующие,no_equality
19248,besetting,который переживает,que connaît
19249,besetting,обрушившихся,no_equality
19250,besetting,которые преследуют,qui frappent
19251,besetting,которые переживает,que connaît
19252,besetting,переживаемый,no_equality
19253,besetting,которыми сталкивается,qui affligent
19254,besetting,стоящие перед,no_equality
19255,besetting,отягощающие,no_equality
19256,besetting,которые стоят перед,no_equality
19257,occasional,периодический,no_equality
19258,occasional,случайный,no_equality
19259,occasional,редкий,no_equality
19260,occasional,время от времени,no_equality
19261,occasional,отдельные,quelques
19262,occasional,отдельных,quelques
19263,occasional,нерегулярных,occasionnel
19264,occasional,иногда,no_equality
19265,occasional,эпизодических,no_equality
19266,occasional,эпизодические,no_equality
19267,occasional,разовых,no_equality
19268,occasional,непериодических,no_equality
19269,occasional,эпизодически,no_equality
19270,occasional,нерегулярные,no_equality
19271,streamlines,упрощает,simplifie
19272,streamlines,рационализирует,simplifie
19273,streamlines,рационализировать,no_equality
19274,streamlines,обеспечивает рационализацию,no_equality
19275,streamlines,оптимизирует,optimise
19276,streamlines,упорядочить,no_equality
19277,streamlines,проведена рационализация,no_equality
19278,streamlines,упорядочение,simplification
19279,divests,отказывается от,no_equality
19280,divests,лишает,no_equality
19281,enrages,приводит,no_equality
19282,enrages,раздражает,no_equality
19283,hired,нанял,a engagé
19284,hired,нанял,ai engagé
19285,hired,нанял,engager
19286,hired,нанял,embaucher
19287,hired,нанял,a engagée
19288,hired,нанял,ai engagée
19289,hired,наняли,a engagé
19290,hired,наняли,engager
19291,hired,наняли,embaucher
19292,hired,наняли,a engagée
19293,hired,наняла,a engagé
19294,hired,наняла,ai engagé
19295,hired,наняла,engager
19296,hired,наняла,a engagée
19297,hired,наняла,ai engagée
19298,hired,нанят,recruté
19299,hired,нанят,fait appel
19300,hired,наняты,recruté
19301,hired,наняты,employé
19302,hired,нанять,no_equality
19303,hired,нанятых,recruté
19304,hired,нанимал,a engagé
19305,hired,нанимал,ai engagé
19306,hired,нанимал,a engagée
19307,hired,нанимал,ai engagée
19308,hired,нанимали,embauché
19309,hired,на работу,no_equality
19310,hired,наем,no_equality
19311,hired,нанимают,no_equality
19312,hired,взяли,no_equality
19313,hired,нанятый,no_equality
19314,hired,наёмный,no_equality
19315,brew,варить,no_equality
19316,brew,заваривать,infuser
19317,brew,заваривать,faire
19318,brew,назревать,no_equality
19319,brew,настояться,no_equality
19320,brew,варить пиво,brasser
19321,brew,напиток,breuvage
19322,brew,напиток,boisson
19323,brew,напиток,cocktail
19324,brew,варево,no_equality
19325,brew,варка,no_equality
19326,brew,заварка,thé
19327,brew,настой,infusion
19328,brew,самогон,no_equality
19329,brew,опара,no_equality
19330,brew,сусловарочный,no_equality
19331,artificiality,искусственный характер,no_equality
19332,artificiality,искусствённость,no_equality
19333,volunteer,доброволец,bénévole
19334,volunteer,доброволец,volontaire
19335,volunteer,волонтёр,bénévole
19336,volunteer,добровольцы,bénévole
19337,volunteer,добровольцы,volontaire
19338,volunteer,добровольный,no_equality
19339,volunteer,добровольческий,bénévolat
19340,volunteer,добровольческих,bénévole
19341,volunteer,добровольческих,volontaire
19342,volunteer,добровольческих,bénévolat
19343,volunteer,добровольческих,volontariat
19344,volunteer,добровольной основе,spontanément
19345,volunteer,добровольческие,volontaire
19346,volunteer,добровольческие,volontariat
19347,volunteer,добровольчества,volontaire
19348,volunteer,добровольчества,bénévolat
19349,volunteer,добровольчества,volontariat
19350,volunteer,добровольных началах,no_equality
19351,volunteer,волонтером,bénévole
19352,volunteer,волонтером,volontaire
19353,volunteer,волонтером,bénévolat
19354,volunteer,волонтером,volontariat
19355,volunteer,волонтеров,bénévole
19356,volunteer,волонтеров,volontaire
19357,volunteer,волонтеров,volontariat
19358,volunteer,вызваться,no_equality
19359,volunteer,вызываться,no_equality
19360,volunteer,добровольно предлагать,volontaire
19361,volunteer,вызываться добровольцем,se porter volontaire
19362,volunteer,добровольческого движения,bénévolat
19363,volunteer,добровольческого движения,volontariat
19364,watchtowers,сторожевых вышек,no_equality
19365,watchtowers,сторожевые вышки,no_equality
19366,pedagogy,педагогика,pédagogie
19367,pedagogy,педагогическом,no_equality
19368,pedagogy,педагогических методов,no_equality
19369,pedagogy,педагогическая деятельность,pédagogique
19370,pedagogy,педагогическим,no_equality
19371,pedagogy,преподавания,pédagogique
19372,straightness,честность,no_equality
19373,straightness,прямоствольности,no_equality
19374,stoning,забрасывание камнями,lapidation
19375,stoning,побивание камнями,lapidation
19376,stoning,забивание камнями,lapidation
19377,stoning,забрасывания камнями,lapidation
19378,stoning,забивания камнями,lapidation
19379,stoning,избиение камнями,lapider
19380,stoning,побивания камнями,lapider
19381,stoning,побитие камнями,lapidation
19382,stoning,побития камнями,lapider
19383,stoning,забрасыванию камнями,lapidation
19384,stoning,бросанием камней,no_equality
19385,stoning,казни,no_equality
19386,PDAS,кпк,pda
19387,PDAS,орп,no_equality
19388,PDAS,ппч,no_equality
19389,PDAS,нрп,no_equality
19390,PDAS,pda,no_equality
19391,PDAS,карманных компьютерах,no_equality
19392,PDAS,карманных персональных компьютеров,no_equality
19393,PDAS,карманных компьютеров,no_equality
19394,rationalise,рационализировать,rationaliser
19395,rationalise,рационализировать,rationalisation
19396,rationalise,рационализировать,rationnaliser
19397,rationalise,рационализация,no_equality
19398,elapses,проходит,s'écoule
19399,elapses,течением времени,no_equality
19400,elapses,пройдет,no_equality
19401,elapses,моментом,no_equality
19402,elapses,истекает,no_equality
19403,luncheons,обедов,déjeuner
19404,luncheons,обедов,dîner
19405,luncheons,ланчей,déjeuner
19406,luncheons,рабочих завтраков,no_equality
19407,luncheons,неофициальные обеды,déjeuner
19408,luncheons,неофициальные обеды,dîner
19409,luncheons,официальные завтраки,déjeuner
19410,delineate,разграничить,délimiter
19411,delineate,разграничить,cerner
19412,delineate,определить,définir
19413,delineate,определить,déterminer
19414,delineate,определить,cerner
19415,delineate,очертить,délimiter
19416,delineate,очертить,cerner
19417,delineate,отграничить,no_equality
19418,delineate,описать,définir
19419,delineate,описать,décrire
19420,delineate,обрисовать,décrire
19421,delineate,определения,no_equality
19422,delineate,разграничения,no_equality
19423,delineate,разграничению,no_equality
19424,delineate,разграничении,no_equality
19425,delineate,разграничиваются,no_equality
19426,delineate,разграничение,no_equality
19427,delineate,делимитации,no_equality
19428,delineate,отграничения,no_equality
19429,FCSS,суета,no_equality
19430,FCSS,суматоха,no_equality
19431,FCSS,суетиться,no_equality
19432,FCSS,шума,no_equality
19433,FCSS,переполох,no_equality
19434,FCSS,скандал,no_equality
19435,FCSS,суетитесь,no_equality
19436,FCSS,шумихи,no_equality
19437,FCSS,хлопот,no_equality
19438,FCSS,поднимать шум,no_equality
19439,fertilisers,удобрений,engrais
19440,fertilisers,удобрений,fertilisant
19441,fertilisers,удобрения,engrais
19442,thrones,престолов,no_equality
19443,thrones,троны,trône
19444,derogations,отступления,dérogation
19445,derogations,отступления,déroger
19446,derogations,отступлений,dérogation
19447,derogations,отступлений,déroger
19448,derogations,отступлений,dérogé
19449,derogations,изъятия,dérogation
19450,derogations,изъятия,exception
19451,derogations,исключения,dérogation
19452,derogations,исключения,déroger
19453,derogations,исключения,exception
19454,derogations,отступление,no_equality
19455,derogations,отступлениях,dérogation
19456,derogations,отступлениями,dérogation
19457,derogations,отступлениям,no_equality
19458,derogations,изъятий,dérogation
19459,derogations,изъятий,exception
19460,latitudes,широтах,latitude
19461,latitudes,широт,latitude
19462,latitudes,широты,latitude
19463,cuckoos,кукушки,no_equality
19464,cuckoos,кукушек,no_equality
19465,centrifuged,центрифугируют,no_equality
19466,distortions,диспропорций,no_equality
19467,distortions,искажения,déformation
19468,distortions,искажения,fausser
19469,distortions,искажения,altération
19470,distortions,перекосов,distorsion
19471,distortions,перекосов,fausser
19472,distortions,перекосов,déséquilibre
19473,distortions,перекосов,disparité
19474,distortions,перекосов,dysfonctionnement
19475,distortions,искажений,distorsion
19476,distortions,искажений,déformation
19477,distortions,перекосы,distorsion
19478,distortions,перекосы,déformation
19479,distortions,перекосы,fausser
19480,distortions,перекосы,déséquilibre
19481,distortions,искажениям,no_equality
19482,distortions,искажениями,distorsion
19483,distortions,деформации,déformation
19484,distortions,перекосам,distorsion
19485,distortions,перекосам,fausser
19486,distortions,перекосам,déséquilibre
19487,distortions,перекосам,faussent
19488,distortions,нарушения,perturbation
19489,distortions,несоответствий,déséquilibre
19490,distortions,несоответствий,disparité
19491,distortions,отклонения,no_equality
19492,distortions,диспропорциями,distorsion
19493,distortions,диспропорциями,déséquilibre
19494,distortions,диспропорциями,disparité
19495,distortions,диспропорциям,distorsion
19496,distortions,диспропорциям,fausser
19497,distortions,диспропорциям,déséquilibre
19498,distortions,дисбалансов,déséquilibre
19499,distortions,дисбалансов,disparité
19500,Trajans,троянцы,no_equality
19501,Trajans,троянов,no_equality
19502,Trajans,трояны,no_equality
19503,Trajans,троянцев,no_equality
19504,Trajans,троянцами,no_equality
19505,Trajans,троянцам,no_equality
19506,Trajans,троянец,no_equality
19507,athletes,гимнастки,no_equality
19508,athletes,гимнасты,no_equality
19509,collocation,расположение,no_equality
19510,collocation,коллокация,no_equality
19511,collocation,словосочетание,no_equality
19512,collocation,совместное размещение,colocalisation
19513,Stalinists,сталинистов,no_equality
19514,Stalinists,сталинисты,no_equality
19515,calisthenicss,гимнастика,no_equality
19516,milled,обрабатывалось,no_equality
19517,carping,критика,no_equality
19518,carping,придирками,no_equality
19519,architecturally,архитектурно,no_equality
19520,architecturally,с точки зрения архитектуры,architecture
19521,repeals,отменяет,abroge
19522,repeals,отменяет,annule
19523,repeals,отменяет,abolit
19524,repeals,аннулирует,abroge
19525,repeals,аннулирует,annule
19526,repeals,отменяющий,no_equality
19527,paste,паста,pâte
19528,paste,вставить,coller
19529,paste,клей,colle
19530,paste,паштет,pâté
19531,paste,вставлять,coller
19532,paste,склеить,no_equality
19533,paste,вставки,collage
19534,paste,наклеивают,no_equality
19535,paste,paste,no_equality
19536,paste,вставка,collage
19537,stormed,ворвались,ont envahi
19538,stormed,ворвалась,no_equality
19539,stormed,штурмовали,ont pris d'assaut
19540,stormed,штурмовали,ont attaqué
19541,stormed,ворвался,no_equality
19542,stormed,штурмовал,no_equality
19543,stormed,взяли штурмом,no_equality
19544,stormed,штурма,no_equality
19545,stormed,штурмовала,no_equality
19546,stormed,атаковали,ont attaqué
19547,stormed,атаковали,a attaqué
19548,leftover,остатки,reste
19549,leftover,остатки,vestige
19550,leftover,объедки,reste
19551,leftover,пережиток,vestige
19552,leftover,оставшиеся,qui restent
19553,leftover,недоеденный,no_equality
19554,leftover,остатками,reste
19555,leftover,остатками,vestige
19556,leftover,оставшихся,reste
19557,leftover,оставшихся,qui restent
19558,allergies,аллергия,no_equality
19559,allergies,аллергии,allergie
19560,allergies,аллергии,allergique
19561,allergies,аллергией,allergie
19562,allergies,аллергией,allergique
19563,allergies,аллергию,allergie
19564,allergies,аллергию,allergique
19565,allergies,аллергенов,allergie
19566,allergies,аллергик,allergique
19567,schoolgirls,школьниц,écolier
19568,schoolgirls,школьниц,lycéen
19569,schoolgirls,школьниц,étudiant
19570,schoolgirls,школьницы,écolier
19571,schoolgirls,школьницы,lycéen
19572,schoolgirls,школьницам,no_equality
19573,schoolgirls,школьницами,étudiant
19574,schoolgirls,девочек-школьниц,no_equality
19575,schoolgirls,учениц,étudiant
19576,schoolgirls,девочек,no_equality
19577,choke,подавиться,no_equality
19578,choke,задушить,étouffer
19579,choke,задушить,étrangler
19580,choke,душить,étouffer
19581,choke,душить,étrangler
19582,choke,придушить,étouffer
19583,choke,придушить,étrangler
19584,choke,давиться,no_equality
19585,choke,задыхаться,étouffer
19586,choke,задыхаться,étrangler
19587,choke,задыхаться,s'étouffer
19588,choke,задыхаться,suffoquer
19589,choke,дроссельная катушка,no_equality
19590,choke,задохнется,no_equality
19591,choke,задохнуться,suffoquer
19592,bpss,ссбп,no_equality
19593,bpss,ссдо,no_equality
19594,scarecrows,пугала,épouvantail
19595,scarecrows,чучел,no_equality
19596,scarecrows,чучела,no_equality
19597,scarecrows,пугало,épouvantail
19598,scarecrows,пугалом,épouvantail
19599,scarecrows,пугалами,no_equality
19600,boxy,такая коробка,boîte
19601,redeployments,перераспределение должностей,redéploiement
19602,redeployments,перераспределения должностей,réaffectation
19603,redeployments,перераспределении должностей,no_equality
19604,redeployments,перевод должностей,transfert
19605,redeployments,передислокация,redéploiement
19606,redeployments,перераспределений,no_equality
19607,redeployments,перераспределение ресурсов,no_equality
19608,redeployments,передислокации,transfert
19609,redeployments,передислокации,redéploiement
19610,redeployments,передислокации,redéployer
19611,redeployments,перераспределении средств,no_equality
19612,redeployments,перераспределенных должностей,no_equality
19613,redeployments,передачи должностей,transfert
19614,redeployments,передислокацию,redéploiement
19615,redeployments,передислокацию,redéployer
19616,redeployments,перераспределению,réaffectation
19617,redeployments,перестановок,no_equality
19618,redeployments,перевода должностей,no_equality
19619,disbursements,выплаты,décaissement
19620,disbursements,выплаты,versement
19621,disbursements,выплат,décaissement
19622,disbursements,выплат,versement
19623,disbursements,расходов,dépense
19624,disbursements,расходов,frai
19625,disbursements,платежей,versement
19626,disbursements,платежей,dépense
19627,disbursements,платежей,frai
19628,disbursements,ассигнования,no_equality
19629,disbursements,ассигнований,dépense
19630,disbursements,расходы,dépense
19631,disbursements,выплатами,décaissement
19632,disbursements,выплатами,versement
19633,disbursements,выделения средств,no_equality
19634,disbursements,выделение средств,décaissement
19635,disbursements,выделение средств,versement
19636,disbursements,платежи,versement
19637,disbursements,выплатах,décaissement
19638,disbursements,выплатах,versement
19639,disbursements,выделяемых,no_equality
19640,disbursements,выплатам,versement
19641,disbursements,выделенных,no_equality
19642,naturalization,натурализация,naturalisation
19643,naturalization,получения гражданства,no_equality
19644,naturalization,приема в гражданство,naturalisation
19645,naturalization,приема в гражданство,nationalité
19646,naturalization,натурализоваться,no_equality
19647,rehearsals,репетиции,répétition
19648,rehearsals,репетиции,répéter
19649,rehearsals,репетициях,répétition
19650,rehearsals,репетицию,répétition
19651,rehearsals,репетицию,répéter
19652,rehearsals,репетиция,répétition
19653,rehearsals,репетировать,répéter
19654,formulating,разработке,formulation
19655,formulating,разработке,formuler
19656,formulating,разработке,élaboration
19657,formulating,разработке,élaborer
19658,formulating,разработке,définir
19659,formulating,разработке,définition
19660,formulating,разработке,concevoir
19661,formulating,разработке,rédaction
19662,formulating,разработке,conception
19663,formulating,разработки,formulation
19664,formulating,разработки,formuler
19665,formulating,разработки,élaboration
19666,formulating,разработки,élaborer
19667,formulating,разработки,définir
19668,formulating,разработки,concevoir
19669,formulating,разработки,rédaction
19670,formulating,разработки,conception
19671,formulating,разработка,formulation
19672,formulating,разработка,élaboration
19673,formulating,разработка,établissement
19674,formulating,разработка,définition
19675,formulating,разработка,rédaction
19676,formulating,разработка,conception
19677,formulating,формулирования,formulation
19678,formulating,формулирования,formuler
19679,formulating,формулирования,élaboration
19680,formulating,формулирования,élaborer
19681,formulating,формулирования,définir
19682,formulating,формулирования,définition
19683,formulating,формулирования,rédaction
19684,formulating,формулировании,formulation
19685,formulating,формулировании,formuler
19686,formulating,формулировании,élaboration
19687,formulating,формулировании,élaborer
19688,formulating,выработке,formulation
19689,formulating,выработке,élaboration
19690,formulating,выработке,définition
19691,formulating,выработке,rédaction
19692,formulating,выработки,formulation
19693,formulating,выработки,formuler
19694,formulating,выработки,élaboration
19695,formulating,выработки,élaborer
19696,formulating,выработки,définir
19697,formulating,выработки,définition
19698,formulating,выработки,concevoir
19699,formulating,формулирование,formulation
19700,formulating,формулирование,formuler
19701,formulating,формулирование,élaboration
19702,formulating,подготовке,élaboration
19703,formulating,подготовке,rédaction
19704,formulating,разрабатывает,élaboration
19705,formulating,разрабатывает,formule
19706,formulating,составлении,établissement
19707,formulating,сформулировать,no_equality
19708,formulating,подготовки,élaboration
19709,formulating,подготовки,rédaction
19710,formulating,выработка,formulation
19711,formulating,выработка,formuler
19712,formulating,выработка,définir
19713,formulating,разработать,formuler
19714,formulating,разработать,élaborer
19715,formulating,разработать,définir
19716,formulating,разработать,concevoir
19717,source_code,исходный код,code source
19718,source_code,исходный код,source code
19719,source_code,исходного кода,code source
19720,source_code,исходным кодом,code source
19721,source_code,исходник,no_equality
19722,source_code,исходному коду,no_equality
19723,source_code,исходных кодов,code source
19724,source_code,исходные коды,no_equality
19725,source_code,исходном коде,code source
19726,source_code,исходных текстов,no_equality
19727,source_code,исходные тексты,no_equality
19728,source_code,исходных текстах,no_equality
19729,source_code,исходным кодам,code source
19730,source_code,код источника,source
19731,respirators,респираторы,no_equality
19732,respirators,респираторов,no_equality
19733,respirators,противогазы,no_equality
19734,respirators,противогазов,no_equality
19735,Lysols,лизола,no_equality
19736,Lysols,лизол,no_equality
19737,Lysols,"""лайсола""",no_equality
19738,Lysols,"""лайсол""",no_equality
19739,Lysols,лизоле,no_equality
19740,overratings,переедание,suralimentation
19741,overratings,переедание,trop manger
19742,overratings,обжорство,no_equality
19743,overratings,переедать,no_equality
19744,seamed,завальцованы,no_equality
19745,accumulate,накапливаться,s'accumuler
19746,accumulate,накапливаться,s'accumule
19747,accumulate,накапливать,accumuler
19748,accumulate,накапливать,cumuler
19749,accumulate,накапливать,amasser
19750,accumulate,накапливать,acquérir
19751,accumulate,накопить,accumuler
19752,accumulate,накопить,amasser
19753,accumulate,накопить,accumulation
19754,accumulate,накопить,acquérir
19755,accumulate,накопить,rassembler
19756,accumulate,аккумулироваться,s'accumuler
19757,accumulate,аккумулировать,accumuler
19758,accumulate,накопления,no_equality
19759,accumulate,накоплению,no_equality
19760,accumulate,скапливаться,s'accumuler
19761,accumulate,копить,accumuler
19762,accumulate,копить,amasser
19763,accumulate,аккумуляции,no_equality
19764,accumulate,накопление,no_equality
19765,forwarded,направлены,envoyé
19766,forwarded,направлены,adressé
19767,forwarded,направлен,envoyé
19768,forwarded,направлен,communiqué
19769,forwarded,направлен,adressé
19770,forwarded,направлен,renvoyé
19771,forwarded,направлен,soumis
19772,forwarded,препровождены,no_equality
19773,forwarded,направил,no_equality
19774,forwarded,направляются,no_equality
19775,forwarded,препровожден,no_equality
19776,forwarded,переданы,communiqué
19777,forwarded,переданы,transféré
19778,forwarded,переданы,soumis
19779,forwarded,направлена,envoyé
19780,forwarded,направлена,communiqué
19781,forwarded,направлена,adressé
19782,forwarded,направляться,no_equality
19783,forwarded,препроводил,no_equality
19784,forwarded,направила,no_equality
19785,forwarded,препровождаются,no_equality
19786,forwarded,направлено,envoyé
19787,forwarded,направлено,adressé
19788,forwarded,направило,no_equality
19789,forwarded,препровождено,transmise
19790,introductions,представлений,no_equality
19791,introductions,знакомства,no_equality
19792,introductions,вступительные заявления,exposés liminaires
19793,introductions,знакомств,no_equality
19794,introductions,привнесения,no_equality
19795,introductions,введений,introduction
19796,introductions,знакомство,présentation
19797,introductions,знакомство,introduction
19798,introductions,введениях,no_equality
19799,introductions,вступительных заявлений,no_equality
19800,introductions,представиться,no_equality
19801,introductions,интродукций,introduction
19802,introductions,интродукций,introduits
19803,introductions,надо представляться,présenter
19804,introductions,вводных тематических сообщений,no_equality
19805,introductions,"познакомимся, наконец",no_equality
19806,introductions,знакомьтесь,no_equality
19807,appreciative,благодарный,reconnaissant
19808,appreciative,признателен,apprécie
19809,appreciative,признательность за,apprécie
19810,appreciative,признательность за,apprécions
19811,appreciative,признательность за,satisfait
19812,appreciative,признательны за,apprécions
19813,appreciative,признательна,apprécie
19814,appreciative,ценю,no_equality
19815,appreciative,удовлетворением отмечая,no_equality
19816,appreciative,ценят,apprécie
19817,appreciative,ценят,apprécient
19818,tidal,приливный,no_equality
19819,tidal,приливов,marémotrice
19820,tidal,приливов,marée
19821,tidal,прилива,no_equality
19822,tidal,приливными,no_equality
19823,tidal,приливах,no_equality
19824,tidal,приливно-отливных течений,no_equality
19825,Yeniseis,дениз -,denise est
19826,Yeniseis,дэниз,no_equality
19827,Yeniseis,денис,no_equality
19828,meditates,медитирует,médite
19829,gigabytes,гигабайт,gigaoctets
19830,gigabytes,гигабайт,giga-octet
19831,gigabytes,гигабайт,gigabytes
19832,gigabytes,гигабайтов,gigaoctets
19833,gigabytes,гигабайтов,gigabytes
19834,gigabytes,гигабайта,gigaoctets
19835,gigabytes,гигабайта,gigabytes
19836,gigabytes,гигабайты,no_equality
19837,gigabytes,гигабайтами,no_equality
19838,gigabytes,гигабайтах,no_equality
19839,gigabytes,гб,go
19840,gigabytes,гб,gigabits
19841,ascendant,восходящий,ascendant
19842,ascendant,путь восхождения,no_equality
19843,ascendant,Асцендент,ascendant
19844,ascendant,поднимающийся,no_equality
19845,eating,еда,alimentation
19846,eating,еда,repas
19847,eating,еда,nourriture
19848,eating,еда,table
19849,eating,поедание,no_equality
19850,eating,есть,no_equality
19851,eating,ешь,no_equality
19852,eating,ем,no_equality
19853,eating,ест,no_equality
19854,eating,ел,repas
19855,eating,едят,no_equality
19856,eating,едим,no_equality
19857,eating,ели,repas
19858,eating,ела,no_equality
19859,eating,едите,no_equality
19860,eating,питания,alimentation
19861,eating,питания,repas
19862,eating,питания,nourriture
19863,eating,питания,restauration
19864,eating,съесть,no_equality
19865,eating,поедая,no_equality
19866,eating,употребление в пищу,consommation
19867,Swazilands,свазиленд,swaziland
19868,Swazilands,свазиленда,swazi
19869,Swazilands,свазиленда,swaziland
19870,Swazilands,свазиленде,no_equality
19871,Swazilands,свазиленду,swaziland
19872,Swazilands,свазилендом,swaziland
19873,Swazilands,свазилендская,no_equality
19874,Swazilands,свазилендского,no_equality
19875,Swazilands,свазилендский,no_equality
19876,Swazilands,свазилендской,no_equality
19877,participants,участники,acteur
19878,participants,участники,intervenant
19879,participants,участники,membre
19880,participants,участников,participant
19881,participants,участников,acteur
19882,participants,участников,personne
19883,participants,участников,intervenant
19884,participants,участников,membre
19885,participants,участников,représentant
19886,participants,участников,participation
19887,participants,участникам,participant
19888,participants,участникам,acteur
19889,participants,участникам,intervenant
19890,participants,участникам,membre
19891,participants,участниками,participant
19892,participants,участниками,acteur
19893,participants,участниками,intervenant
19894,participants,участниками,membre
19895,participants,участниками,participer
19896,participants,человек,membre
19897,participants,представителей,participant
19898,participants,представителей,acteur
19899,participants,представителей,membre
19900,participants,представителей,représentant
19901,participants,представителей,participation
19902,participants,участие,participation
19903,participants,слушателей,participant
19904,participants,слушателей,stagiaire
19905,participants,представители,participant
19906,participants,представители,intervenant
19907,participants,представители,membre
19908,participants,представители,représentant
19909,participants,участника,participant
19910,participants,участника,acteur
19911,participants,участника,intervenant
19912,participants,участника,membre
19913,participants,делегатов,participant
19914,participants,делегатов,intervenant
19915,participants,делегатов,membre
19916,participants,делегатов,représentant
19917,participants,слушатели,participant
19918,participants,участвуют,participant
19919,participants,участвуют,participent
19920,participants,участвуют,ont participé
19921,participants,участвуют,participation
19922,participants,участвуют,participer
19923,participants,совещания,participant
19924,participants,участвовали,participant
19925,participants,участвовали,participent
19926,participants,участвовали,ont participé
19927,participants,участвовали,participation
19928,participants,участвовали,participer
19929,uncles,дяди,oncle
19930,uncles,дядей,oncle
19931,uncles,дядями,oncle
19932,uncles,дядюшки,oncle
19933,uncles,дядья,oncle
19934,uncles,дядям,oncle
19935,uncles,дядюшек,no_equality
19936,uncles,дядек,no_equality
19937,uncles,дядя,oncle
19938,golf,гольф,golf
19939,golf,гольф,golfeur
19940,golf,по гольфу,no_equality
19941,golf,в гольфе,no_equality
19942,golf,golf,no_equality
19943,golf,для гольфа,no_equality
19944,golf,гольф-клуба,no_equality
19945,golf,поле,parcours
19946,golf,играть в гольф,golfer
19947,golf,играть в гольф,jouer au golf
19948,golf,голф,golf
19949,golf,мини-гольфа,no_equality
19950,golf,в гольф-клубе,no_equality
19951,lands,земли,terre
19952,lands,земли,terrain
19953,lands,земли,territoire
19954,lands,земли,land
19955,lands,земель,terre
19956,lands,земель,terrain
19957,lands,земель,territoire
19958,lands,земель,land
19959,lands,земель,pâturage
19960,lands,землях,terre
19961,lands,землях,terrain
19962,lands,землях,territoire
19963,lands,землями,terre
19964,lands,землям,terre
19965,lands,территорий,terrain
19966,lands,территорий,territoire
19967,lands,территорий,zone
19968,lands,землю,terre
19969,lands,землю,pays
19970,lands,землю,terrain
19971,lands,землю,territoire
19972,lands,земле,terre
19973,lands,земле,pays
19974,lands,земле,terrain
19975,lands,земле,territoire
19976,lands,земле,land
19977,lands,приземлится,no_equality
19978,lands,территориях,terre
19979,lands,территориях,territoire
19980,lands,территориях,zone
19981,lands,земельных ресурсов,terre
19982,lands,землей,terre
19983,lands,землей,terrain
19984,lands,районах,pays
19985,lands,районах,zone
19986,lands,земельным,terre
19987,lands,приземляется,atterrit
19988,unevennesses,неровностями,no_equality
19989,admonishment,предостережение,avertissement
19990,admonishment,наставление,no_equality
19991,admonishment,замечание,no_equality
19992,tulips,тюльпаны,tulipe
19993,tulips,тюльпанов,tulipe
19994,tulips,тюльпанах,tulipe
19995,tulips,тюльпанами,no_equality
19996,fixtures,арматуры,accessoire
19997,fixtures,светильники,luminaire
19998,fixtures,светильники,lampe
19999,fixtures,постоянных принадлежностях,immeubles par destination
20000,fixtures,фурнитуры,no_equality
20001,fixtures,оборудование,appareil
20002,fixtures,приспособлений,appareil
20003,fixtures,приспособлений,accessoire
20004,fixtures,приспособлений,dispositif
20005,fixtures,приспособлений,agencement
20006,fixtures,постоянные принадлежности,no_equality
20007,fixtures,постоянных принадлежностей,immeubles par destination
20008,fixtures,арматуру,no_equality
20009,fixtures,приборов,appareil
20010,fixtures,приборов,dispositif
20011,fixtures,арматура,montage
20012,fixtures,сантехнику,no_equality
20013,fixtures,креплений,no_equality
20014,fixtures,инвентарь,no_equality
20015,fixtures,сантехника,no_equality
20016,disclaims,отказывается от,rejette
20017,disclaims,не несет,no_equality
20018,outnumbered,в меньшинстве,en minorité
20019,outnumbered,в меньшинстве,en infériorité numérique
20020,outnumbered,в меньшинстве,en sous-nombre
20021,outnumbered,в меньшинстве,inférieurs en nombre
20022,outnumbered,превышает число,sont plus nombreuses que
20023,outnumbered,меньше,no_equality
20024,outnumbered,численностью,no_equality
20025,outnumbered,превысило число,no_equality
20026,outnumbered,превышало количество,no_equality
20027,outnumbered,превышает количество,no_equality
20028,outnumbered,"было больше, чем",no_equality
20029,outnumbered,превышало число,no_equality
20030,outnumbered,численное преимущество,no_equality
20031,outnumbered,превзошли,no_equality
20032,outnumbered,численно,no_equality
20033,outnumbered,их больше,no_equality
20034,outnumbered,численное превосходство,no_equality
20035,outnumbered,числом,no_equality
20036,refracted,преломил,no_equality
20037,disgraces,позорит,déshonore
20038,disclaimers,оговорки,no_equality
20039,disclaimers,оговорок,no_equality
20040,disclaimers,оговорками,no_equality
20041,remnants,остатки,reste
20042,remnants,остатки,vestige
20043,remnants,остатки,débris
20044,remnants,остатки,résidu
20045,remnants,остатки,éléments restants
20046,remnants,пережитками,vestige
20047,remnants,пережитками,séquelle
20048,remnants,пережитки,vestige
20049,remnants,остатков,reste
20050,remnants,остатков,vestige
20051,remnants,остатков,débris
20052,remnants,остатков,résidu
20053,remnants,остатков,éléments restants
20054,remnants,пережитках,no_equality
20055,remnants,остатками,reste
20056,remnants,остатками,vestige
20057,remnants,остатками,résidu
20058,remnants,останков,reste
20059,remnants,останки,reste
20060,remnants,останки,vestige
20061,remnants,останки,débris
20062,remnants,остаткам,no_equality
20063,remnants,оставшихся после,no_equality
20064,remnants,остатках,vestige
20065,remnants,остатках,résidu
20066,remnants,следы,trace
20067,blatantly,очевидно,manifestement
20068,blatantly,демонстративно,no_equality
20069,blatantly,вопиюще,no_equality
20070,blatantly,наглый,no_equality
20071,splendidly,великолепно,magnifiquement
20072,splendidly,великолепно,superbement
20073,splendidly,блестяще,brillamment
20074,splendidly,отлично поладим,no_equality
20075,coquettish,игривый,no_equality
20076,coquettish,кокетливая,no_equality
20077,rottenness,гниль,pourriture
20078,overriding,основной,principal
20079,overriding,основной,majeur
20080,overriding,основной,prioritaire
20081,overriding,основной,fondamental
20082,overriding,главной,principal
20083,overriding,главной,fondamental
20084,overriding,главная,principal
20085,overriding,главная,majeur
20086,overriding,главная,fondamental
20087,overriding,важнейшей,fondamental
20088,overriding,первостепенной,no_equality
20089,overriding,главным,principal
20090,overriding,главным,majeur
20091,overriding,главным,fondamental
20092,overriding,первоочередной,primordial
20093,overriding,первоочередной,prioritaire
20094,overriding,важнейших,principal
20095,overriding,важнейших,majeur
20096,overriding,главных,principal
20097,overriding,главных,majeur
20098,overriding,главных,fondamental
20099,overriding,важнейшим,principal
20100,overriding,важнейшим,fondamental
20101,overriding,главную,primordial
20102,overriding,главную,principal
20103,overriding,главную,majeur
20104,overriding,главную,fondamental
20105,overriding,основополагающим,fondamental
20106,overriding,первостепенную,primordial
20107,overriding,главнейшей,no_equality
20108,wantonly,произвольно,arbitrairement
20109,wantonly,бессмысленно,no_equality
20110,wantonly,безответственно,no_equality
20111,wantonly,преднамеренно,délibérément
20112,destinations,пункты назначения,destination
20113,destinations,направлений,no_equality
20114,destinations,пунктов назначения,destination
20115,destinations,места назначения,destination
20116,destinations,места назначения,endroit
20117,destinations,мест назначения,destination
20118,destinations,пунктами назначения,destination
20119,destinations,районы,lieux
20120,destinations,районы,localité
20121,destinations,районы,endroit
20122,destinations,районы,site
20123,destinations,страны,no_equality
20124,destinations,направлениях,no_equality
20125,destinations,направлениям,no_equality
20126,destinations,пунктах назначения,no_equality
20127,destinations,стран назначения,no_equality
20128,destinations,местах назначения,destination
20129,destinations,маршруты,no_equality
20130,destinations,направлениями,no_equality
20131,verging,граничащий,no_equality
20132,verging,доходящий,no_equality
20133,candies,конфеты,bonbon
20134,candies,конфеты,friandise
20135,candies,конфеты,confiserie
20136,candies,конфеты,sucrerie
20137,candies,конфеты,chocolat
20138,candies,конфет,friandise
20139,candies,конфетки,bonbon
20140,candies,сладостей,bonbon
20141,candies,сладостей,confiserie
20142,candies,сладости,bonbon
20143,candies,леденцов,bonbon
20144,candies,леденцов,caramel
20145,candies,конфетами,bonbon
20146,candies,конфетами,friandise
20147,candies,шоколадки,chocolat
20148,candies,леденцы,bonbon
20149,candies,леденцы,sucrerie
20150,candies,ириски,caramel
20151,candies,ириски,chocolat
20152,friendships,дружеские контакты,no_equality
20153,cods,трески,no_equality
20154,caroller,поющих,no_equality
20155,caroller,воспевающие,no_equality
20156,caroller,славители рождества,no_equality
20157,jinxed,сглазил,no_equality
20158,jinxed,сглазила,no_equality
20159,jinxed,сглазили,no_equality
20160,jinxed,прокляли,no_equality
20161,jinxed,сглажен,no_equality
20162,matinees,дневных спектакля,no_equality
20163,matinees,дневные сеансы,no_equality
20164,Halifaxes,галифакс,halifax
20165,Halifaxes,галифаксе,halifax
20166,Halifaxes,галифакса,halifax
20167,stammers,заикается,bégaye
20168,stammers,заикается,bégaie
20169,stammers,запинается,no_equality
20170,squealer,стукач,mouchard
20171,squealer,стукач,balance
20172,squealer,стукачка,no_equality
20173,squealer,прожженым стукачом,mouchard
20174,squealer,прожженым стукачом,balance
20175,squealer,отличным доносчиком,mouchard
20176,squealer,канзаский доносчик,mouchard
20177,squealer,канзаский доносчик,balance
20178,consigner,отправитель,expéditeur
20179,consigner,грузоотправитель,no_equality
20180,aquicultures,аквакультура,no_equality
20181,aquicultures,рыбоводство,no_equality
20182,aquicultures,аквикультуры,no_equality
20183,aquicultures,аквакультурных,no_equality
20184,aquicultures,рыбоводческих хозяйств,no_equality
20185,aquicultures,аквакультурного,no_equality
20186,aquicultures,аквакультурной,no_equality
20187,aquicultures,рыбхозов,no_equality
20188,pimple,прыщ,bouton
20189,pimple,прыщик,no_equality
20190,pimple,прыщи,bouton
20191,pimple,прыщом,no_equality
20192,pimple,прыще,no_equality
20193,pimple,пимпл,no_equality
20194,pimple,от прыщей,no_equality
20195,richness,богатство,richesse
20196,richness,богатство,abondance
20197,richness,сочность,no_equality
20198,richness,жирность,no_equality
20199,dislocated,вывихнул,disloqué
20200,dislocated,вывихнул,me suis démis
20201,dislocated,вывихнул,me suis déboîté
20202,dislocated,вывих,no_equality
20203,dislocated,вывихнула,no_equality
20204,dislocated,вывихнуто,déboîtée
20205,dislocated,перемещенных,no_equality
20206,dislocated,вывихнули,no_equality
20207,dislocated,вывихнут,no_equality
20208,dislocated,вывихом,no_equality
20209,dislocated,перемещенному,no_equality
20210,dislocated,перемещенным,no_equality
20211,dislocated,перемещенные,no_equality
20212,dislocated,вывихнуты,no_equality
20213,dislocated,вывиха,no_equality
20214,dislocated,была нарушена,no_equality
20215,dislocated,смещение,no_equality
20216,motor,двигатель,moteur
20217,motor,двигатель,machine
20218,motor,мотор,moteur
20219,motor,моторный,no_equality
20220,motor,автомобильный,automobile
20221,motor,двигательных,no_equality
20222,motor,двигательной,no_equality
20223,motor,двигательные,no_equality
20224,motor,моторчик,moteur
20225,motor,мото,no_equality
20226,motor,колесах,no_equality
20227,motor,механическим,no_equality
20228,motor,двигательную,no_equality
20229,motor,motor,no_equality
20230,parenthetic,скобка,no_equality
20231,parenthetic,скобки,no_equality
20232,emanating,вытекающих,émanant
20233,emanating,вытекающих,découlant
20234,emanating,вытекающих,issue
20235,emanating,вытекающих,résultant
20236,emanating,вытекающие,émanant
20237,emanating,вытекающие,découlant
20238,emanating,вытекающие,qui découlent
20239,emanating,вытекающие,résultant
20240,emanating,исходящие,émanant
20241,emanating,исходящие,provenant
20242,emanating,исходящие,venant
20243,emanating,исходящих,émanant
20244,emanating,исходящих,venant
20245,emanating,исходящей,provenance
20246,emanating,исходящей,émaner
20247,emanating,принятых,issue
20248,emanating,исходящая,émanant
20249,emanating,поступающих,émanant
20250,emanating,поступающих,provenant
20251,emanating,поступающих,formulées
20252,emanating,поступающих,provenance
20253,emanating,сформулированные,no_equality
20254,emanating,подготовленные,no_equality
20255,emanating,вытекающими,découlant
20256,emanating,поступающие,émanant
20257,emanating,поступающие,provenant
20258,emanating,поступающие,provenance
20259,emanating,сформулированных,formulées
20260,emanating,принятые,no_equality
20261,emanating,полученных,émanant
20262,emanating,полученных,provenant
20263,behemoths,бегемотов,no_equality
20264,waiters,официанты,serveur
20265,waiters,официантов,no_equality
20266,waiters,официантами,serveur
20267,waiters,официантам,no_equality
20268,Salisburys,солсбери,no_equality
20269,Salisburys,селисбери,no_equality
20270,brinkmanships,балансирование на грани войны,no_equality
20271,brinkmanships,балансирования на грани войны,no_equality
20272,brinkmanships,балансировании на грани войны,no_equality
20273,trumped,превзошел,no_equality
20274,trumped,обошел,no_equality
20275,trumped,превзошла,no_equality
20276,trumped,покорил,no_equality
20277,trumped,превосходит,no_equality
20278,trumped,сфабриковано,no_equality
20279,trumped,козырь,no_equality
20280,trumped,осадили,no_equality
20281,helplessness,беспомощность,impuissance
20282,helplessness,беспомощность,impuissant
20283,helplessness,беззащитности,no_equality
20284,helplessness,бессилия,impuissance
20285,helplessness,беззащитностью,no_equality
20286,helplessness,беспомощного,no_equality
20287,benches,скамейки,banc
20288,benches,скамеек,banc
20289,benches,скамейках,no_equality
20290,benches,коллегий,formation
20291,benches,скамьи,no_equality
20292,benches,скамейками,no_equality
20293,benches,скамьях,no_equality
20294,benches,скамьями,no_equality
20295,benches,стендов,banc
20296,benches,лавки,boutique
20297,benches,лавок,banc
20298,benches,судебные коллегии,no_equality
20299,benches,лавках,no_equality
20300,benches,секциями,no_equality
20301,benches,сидениях,no_equality
20302,squall,шквал,grain
20303,squall,шквал,bourrasque
20304,squall,шквал,rafale
20305,squall,орать,brailler
20306,squall,шторм,tempête
20307,disbeliever,неверующий,no_equality
20308,levelling,выравнивание,nivellement
20309,levelling,нивелирование,no_equality
20310,levelling,регулировки,no_equality
20311,levelling,выдвигая,no_equality
20312,levelling,сглаживание,aplanir
20313,levelling,выдвигать,no_equality
20314,levelling,haemmerle,no_equality
20315,stashed,спрятал,no_equality
20316,stashed,припрятал,no_equality
20317,stashed,спрятали,cacher
20318,stashed,спрятала,no_equality
20319,stashed,спрятано,caché
20320,stashed,прятал,no_equality
20321,stashed,заныкал,no_equality
20322,stashed,припрятала,no_equality
20323,stashed,припрятана,no_equality
20324,stashed,припрятали,no_equality
20325,stashed,припрятано,no_equality
20326,stashed,заначка,no_equality
20327,stashed,спрятаны,planqué
20328,stashed,спрятаны,caché
20329,stashed,прячет,no_equality
20330,stashed,спрятать,no_equality
20331,compares,сопоставляются,compare
20332,compares,сопоставляются,comparer
20333,compares,сопоставляются,comparant
20334,compares,сопоставляются,comparaison
20335,compares,сравнивает,compare
20336,compares,для сравнения,no_equality
20337,compares,сопоставляет,compare
20338,compares,сопоставляет,confronte
20339,compares,сравнится,comparaison
20340,compares,сравниваются,compare
20341,compares,сопоставляется,compare
20342,compares,сопоставляется,comparer
20343,compares,сопоставляется,comparent
20344,compares,сопоставляется,comparaison
20345,compares,соотносится,no_equality
20346,compares,проводится сопоставление,compare
20347,compares,проводится сопоставление,comparaison
20348,compares,проводится сравнение,compare
20349,compares,проводится сравнение,comparaison
20350,compares,сопоставимо,est comparable
20351,compares,может сравниться,no_equality
20352,compares,можно сравнить,no_equality
20353,compares,по сравнению,no_equality
20354,compares,сравнивается,comparée
20355,marketplaces,рынках,marché
20356,marketplaces,рынки,marché
20357,marketplaces,рынков,marché
20358,marketplaces,рынкам,marché
20359,marketplaces,торговые площадки,no_equality
20360,Expatriation,эмиграция,no_equality
20361,Expatriation,экспатриация,expatriation
20362,Expatriation,изгнание,no_equality
20363,scrofula,золотуха,no_equality
20364,scrofula,золотухи,no_equality
20365,ethnographers,этнографы,no_equality
20366,cleaner,уборщик,nettoyeur
20367,cleaner,очиститель,nettoyeur
20368,cleaner,очиститель,nettoyant
20369,cleaner,очиститель,purificateur
20370,cleaner,очиститель,détergent
20371,cleaner,фильтр,no_equality
20372,cleaner,моющее средство,détergent
20373,cleaner,Химчистка,nettoyeur
20374,cleaner,техничка,no_equality
20375,cleaner,более чистый,no_equality
20376,cleaner,чистящий,no_equality
20377,Aeoluses,вызывает,suscite
20378,Aeoluses,вызывает,provoque
20379,Aeoluses,вызывает,soulève
20380,Aeoluses,возбуждает,excite
20381,Aeoluses,пробуждает,réveille
20382,Aeoluses,рождает,no_equality
20383,titterer,изобилует,no_equality
20384,titterer,усеяна,no_equality
20385,titterer,завален,no_equality
20386,titterer,усеян,no_equality
20387,titterer,усеяны,no_equality
20388,titterer,подстилкой,no_equality
20389,titterer,усыпан,no_equality
20390,titterer,наполнена,no_equality
20391,titterer,завалено,no_equality
20392,titterer,усеянных,no_equality
20393,titterer,насорил,no_equality
20394,titterer,засоряется,no_equality
20395,titterer,разбросанные,no_equality
20396,citrate,цитрат,citrate
20397,citrate,лимоннокислый,no_equality
20398,citrate,цитратный,no_equality
20399,orbited,орбиту,no_equality
20400,orbited,облетел вокруг,no_equality
20401,vitally,жизненно,extrêmement
20402,vitally,жизненно,absolument
20403,vitally,жизненно,vital
20404,vitally,жизненно,indispensable
20405,vitally,жизненно,essentielle
20406,vitally,жизненно,vitaux
20407,vitally,насущно,vital
20408,vitally,кровно,no_equality
20409,vitally,принципиально,fondamental
20410,vitally,важнейшее,fondamental
20411,astronauticss,астронавтика,no_equality
20412,astronauticss,космонавтики,astronautique
20413,astronauticss,астронавтике,no_equality
20414,astronauticss,космонавтике,no_equality
20415,explodes,взорвется,explose
20416,explodes,взорвется,explosera
20417,explodes,взорвется,explosion
20418,explodes,взорвется,va exploser
20419,explodes,взорвется,explosait
20420,explodes,взрывается,explose
20421,explodes,взрывается,éclate
20422,explodes,взрывается,explosent
20423,explodes,взрывается,fait éclater
20424,explodes,разрывается,explose
20425,explodes,разрывается,éclate
20426,explodes,взлетит на воздух,explose
20427,explodes,взлетит на воздух,explosera
20428,explodes,взлетит на воздух,va exploser
20429,explodes,взрывает,explose
20430,explodes,взрывает,fait exploser
20431,explodes,лопнет,explose
20432,explodes,лопнет,éclate
20433,explodes,лопнет,va exploser
20434,explodes,происходит взрыв,explosion
20435,explodes,взорвался,explose
20436,explodes,взорвался,explosion
20437,strutting,напыщенные,no_equality
20438,strutting,вонзаешься,no_equality
20439,procurer,поставщиком,no_equality
20440,procurer,покупателем,acheteur
20441,procurer,добытчиком,no_equality
20442,procurer,покупателя,no_equality
20443,procurer,сутенер,proxénète
20444,procurer,поставщика,no_equality
20445,lament,жаловаться,déplorer
20446,lament,жаловаться,pleurer
20447,lament,оплакивать,pleurer
20448,lament,сетовать,no_equality
20449,lament,сокрушаться,no_equality
20450,lament,плач,no_equality
20451,lament,скорбим,no_equality
20452,lament,выражаем сожаление,no_equality
20453,lament,сожалеть о том,no_equality
20454,lament,плачьте,no_equality
20455,lament,стенания,no_equality
20456,lament,лех,no_equality
20457,lament,сожалеем,no_equality
20458,neoplasms,новообразования,tumeur
20459,neoplasms,новообразований,tumeur
20460,neoplasms,опухолей,néoplasme
20461,neoplasms,опухоли,tumeur
20462,neoplasms,неоплазмы,no_equality
20463,neoplasms,новообразованиями,no_equality
20464,neoplasms,опухолями,no_equality
20465,neoplasms,злокачественные,no_equality
20466,neoplasms,неоплазия,no_equality
20467,fatally,смертельно,mortellement
20468,fatally,безвозвратно,irrémédiablement
20469,fatally,смертельное,no_equality
20470,fatally,смертельные,mortellement
20471,incineration,сжигание,incinération
20472,incineration,сжигание,combustion
20473,incineration,мусоросжигательный,no_equality
20474,incineration,мусоросжигательные,incinération
20475,incineration,мусоросжигательные,incinérateur
20476,incineration,инсинерация,no_equality
20477,incineration,инсинерацию,no_equality
20478,incineration,инсинерации,no_equality
20479,incineration,кремации,incinération
20480,incineration,кремации,crémation
20481,incineration,кремации,incinéré
20482,incineration,испепеления,no_equality
20483,incineration,сожжения,incinération
20484,incineration,сожжения,crémation
20485,incineration,отходов,incinération
20486,incineration,отходов,déchet
20487,vegans,веганы,no_equality
20488,vegans,вегетарианцев,végétarien
20489,vegans,веганов,no_equality
20490,vegans,веганами,no_equality
20491,demands,требования,exigence
20492,demands,требования,demande
20493,demands,требования,revendication
20494,demands,требования,besoin
20495,demands,требует,demande
20496,demands,требует,exige
20497,demands,требует,besoin
20498,demands,требует,requiert
20499,demands,требует,nécessite
20500,demands,требует,exigent
20501,demands,требований,exigence
20502,demands,требований,demande
20503,demands,требований,besoin
20504,demands,потребностей,no_equality
20505,demands,потребности,exigence
20506,demands,потребности,demande
20507,demands,потребности,besoin
20508,demands,потребности,attente
20509,demands,требованиям,no_equality
20510,demands,требованиями,demande
20511,demands,требованиями,exige
20512,demands,требованиями,revendication
20513,demands,требованиями,exigent
20514,demands,требованиями,impératif
20515,demands,спроса,exigence
20516,demands,спроса,demande
20517,demands,спроса,besoin
20518,demands,спрос,demande
20519,demands,потребностями,exigence
20520,demands,потребностями,demande
20521,demands,потребностями,besoin
20522,demands,запросы,no_equality
20523,demands,требуют,exige
20524,demands,требуют,nécessite
20525,demands,требуют,exigent
20526,demands,запросов,exigence
20527,demands,запросов,demande
20528,demands,запросов,besoin
20529,demands,потребностям,demande
20530,demands,потребностям,impératif
20531,demands,просьбы,demande
20532,demands,просьбы,requête
20533,forays,набегов,incursion
20534,forays,набеги,no_equality
20535,forays,рейдов,incursion
20536,forays,вылазки,incursion
20537,copyist,переписчика,no_equality
20538,fourths,четверти,quart
20539,fourths,четвертей,no_equality
20540,fourths,четвертями,quart
20541,orphanages,детских домов,orphelinat
20542,orphanages,сиротских приютов,orphelinat
20543,orphanages,детские дома,orphelinat
20544,orphanages,детских домах,orphelinat
20545,orphanages,сиротские приюты,orphelinat
20546,orphanages,сиротских приютах,orphelinat
20547,orphanages,детским домам,no_equality
20548,orphanages,приюты для сирот,orphelinat
20549,orphanages,сиротские дома,no_equality
20550,orphanages,детских приютов,no_equality
20551,orphanages,домов милосердия,no_equality
20552,orphanages,сиротским приютам,orphelinat
20553,orphanages,приютов для сирот,orphelinat
20554,orphanages,приютов для сирот,orphelin
20555,orphanages,домов для сирот,orphelinat
20556,orphanages,сиротских домах,no_equality
20557,divining,предугадывание,no_equality
20558,lukewarmness,слабая нагретость,no_equality
20559,reunion,воссоединение,no_equality
20560,reunion,встреча,réunion
20561,reunion,встреча,retrouvaille
20562,reunion,встреча,rassemblement
20563,reunion,встреча,rencontre
20564,reunion,Реюньон,réunion
20565,reunion,встреча друзей,réunion
20566,reunion,встреча друзей,rencontre
20567,Boreass,перерывы,no_equality
20568,Boreass,перерывов,no_equality
20569,Boreass,разбивает,no_equality
20570,Boreass,сломается,no_equality
20571,Boreass,ломает,no_equality
20572,Boreass,нарушает,no_equality
20573,Boreass,перерыва,no_equality
20574,Boreass,нарушит,no_equality
20575,Boreass,разрывы,no_equality
20576,Boreass,перерыв,no_equality
20577,Boreass,разрывов,no_equality
20578,Boreass,сломает,no_equality
20579,Boreass,разобьет,no_equality
20580,Boreass,разрывает,no_equality
20581,Boreass,перерывами,no_equality
20582,guises,формах,forme
20583,guises,личин,no_equality
20584,guises,обличье,apparence
20585,guises,обличии,no_equality
20586,guises,личиной,no_equality
20587,guises,обличиях,no_equality
20588,guises,разъединяющего,no_equality
20589,guises,обличьях,no_equality
20590,guises,проявлениях,forme
20591,tossing,подбрасывание,no_equality
20592,tossing,швырять,jeter
20593,tossing,швырять,lancer
20594,tossing,швырять,balancer
20595,tossing,подбрасывая,no_equality
20596,tossing,выбрасывает,jetant
20597,tossing,выбрасывает,jetait
20598,tossing,ворочаться,no_equality
20599,tossing,метался,no_equality
20600,tossing,обыскивает,no_equality
20601,tossing,подбрасывать,lancer
20602,tossing,выбрасываем,no_equality
20603,tossing,бросая,lançant
20604,tossing,кидать,jeter
20605,tossing,кидать,lancer
20606,tossing,ворочаешься,no_equality
20607,tossing,бросании,no_equality
20608,tossing,бросал,jetait
20609,tossing,бросания,jet
20610,stereotyped,стереотипный,stéréotypé
20611,stereotyped,стереотипов,no_equality
20612,stereotyped,стереотипы,no_equality
20613,stereotyped,стереотипах,no_equality
20614,bespeaks,свидетельствует о,no_equality
20615,insiders,инсайдеров,initié
20616,insiders,инсайдеры,initié
20617,insiders,инсайдерами,no_equality
20618,insiders,insiders,no_equality
20619,insiders,инсайдерам,no_equality
20620,insiders,"принадлежащих к ""внутреннему кругу""",no_equality
20621,insiders,осведомленными сторонами,no_equality
20622,procurators,прокуроров,procureur
20623,procurators,прокуроры,procureur
20624,procurators,прокурорами,procureur
20625,procurators,прокурорами,parquet
20626,procurators,прокурор,procureur
20627,procurators,прокурор,ministère public
20628,procurators,прокуратуры,ministère public
20629,procurators,прокуратуры,parquet
20630,procurators,прокурора,procureur
20631,procurators,прокурора,ministère public
20632,procurators,прокурора,parquet
20633,procurators,прокурорам,no_equality
20634,procurators,уполномоченных,no_equality
20635,procurators,поверенных,no_equality
20636,procurators,прокурорах,procureur
20637,procurators,прокуратур,procureur
20638,procurators,прокуратур,parquet
20639,extremity,оконечность,no_equality
20640,extremity,конец,extrémité
20641,extremity,край,extrémité
20642,extremity,крайность,extrémité
20643,extremity,крайность,extrême
20644,ponds,прудов,mare
20645,ponds,пруды,étang
20646,ponds,пруды,bassin
20647,ponds,прудах,no_equality
20648,ponds,отстойников,no_equality
20649,ponds,прудов-отстойников,mare
20650,ponds,прудами,no_equality
20651,ponds,водоемах,réservoir
20652,ponds,озер,lac
20653,ponds,бассейны,bassin
20654,ponds,бассейны,piscine
20655,ponds,бассейнах,bassin
20656,ponds,озера,étang
20657,ponds,озера,lac
20658,ponds,хвостохранилищ,no_equality
20659,ponds,хвостохранилищах,no_equality
20660,ponds,водоемов для разведения,plans d'eau
20661,ponds,понды,no_equality
20662,elegant,элегантный,élégant
20663,elegant,шикарный,chic
20664,elegant,элегантно,élégant
20665,elegant,изящество,no_equality
20666,occurrences,случаев,cas
20667,occurrences,случаи,cas
20668,occurrences,случаи,incident
20669,occurrences,происшествий,événement
20670,occurrences,происшествий,incident
20671,occurrences,происшествий,accident
20672,occurrences,залежей,gîte
20673,occurrences,залежей,gisement
20674,occurrences,событий,événement
20675,occurrences,событий,incident
20676,occurrences,событий,manifestation
20677,occurrences,явлений,événement
20678,occurrences,явлений,phénomène
20679,occurrences,явлениями,phénomène
20680,occurrences,события,phénomène
20681,occurrences,ситуаций,accident
20682,occurrences,явлением,phénomène
20683,occurrences,происшествия,événement
20684,occurrences,происшествия,incident
20685,occurrences,происшествия,fait
20686,occurrences,происшествия,accident
20687,occurrences,случаями,cas
20688,occurrences,случаями,incident
20689,occurrences,залежи,gîte
20690,occurrences,залежи,gisement
20691,occurrences,событиях,événement
20692,occurrences,событиях,incident
20693,occurrences,событиях,manifestation
20694,occurrences,инцидентов,événement
20695,occurrences,инцидентов,cas
20696,occurrences,инцидентов,incident
20697,occurrences,инцидентов,accident
20698,outcrop,обнажение,no_equality
20699,outcrop,выходов,affleurement
20700,externality,внешних факторов,externalité
20701,externality,внешних факторов,extérieur
20702,externality,внешних факторов,facteur externe
20703,externality,внешний фактор,externalité
20704,externality,внешний фактор,facteur externe
20705,externality,внешний эффект,extérieur
20706,externality,внешним фактором,no_equality
20707,externality,внешность,no_equality
20708,externality,внешним эффектом,no_equality
20709,externality,экзогенных факторов,externalité
20710,metallurgical,металлургический,no_equality
20711,metallurgical,металлургии,sidérurgique
20712,metallurgical,металлургическому,no_equality
20713,metallurgical,коксующегося,no_equality
20714,metallurgical,металлолома,métal
20715,adapters,адаптеры,no_equality
20716,adapters,адаптеров,no_equality
20717,adapters,переходники,no_equality
20718,adapters,адаптерами,no_equality
20719,adapters,адаптера,no_equality
20720,adapters,megaraid,no_equality
20721,woodenly,деревянный,no_equality
20722,woodenly,из дерева,no_equality
20723,woodenly,из натурального дерева,no_equality
20724,woodenly,вуден,no_equality
20725,submits,утверждает,fait valoir
20726,submits,утверждает,affirme
20727,submits,утверждает,soutient
20728,submits,утверждает,indique
20729,submits,утверждает,estime
20730,submits,утверждает,déclare
20731,submits,утверждает,prétend
20732,submits,представляет,soumet
20733,submits,представляет,présente
20734,submits,представляет,soumettre
20735,submits,заявляет,fait valoir
20736,submits,заявляет,affirme
20737,submits,заявляет,soutient
20738,submits,заявляет,indique
20739,submits,заявляет,estime
20740,submits,заявляет,déclare
20741,submits,заявляет,prétend
20742,submits,заявляет,considère
20743,submits,отмечает,fait valoir
20744,submits,отмечает,indique
20745,submits,отмечает,estime
20746,submits,отмечает,fait observer
20747,submits,сообщает,affirme
20748,submits,сообщает,indique
20749,submits,сообщает,déclare
20750,submits,указывает,fait valoir
20751,submits,указывает,affirme
20752,submits,указывает,indique
20753,submits,указывает,déclare
20754,submits,указывает,fait observer
20755,submits,считает,estime
20756,submits,считает,considère
20757,submits,полагает,estime
20758,submits,полагает,considère
20759,submits,направляет,soumet
20760,submits,направляет,transmet
20761,submits,представит,soumettre
20762,submits,представил,no_equality
20763,submits,представляют,no_equality
20764,submits,передает,remet
20765,submits,передает,transmet
20766,submits,вносит,présente
20767,submits,признает,estime
20768,submits,признает,considère
20769,matching,сопоставление,comparaison
20770,matching,увязка,couplage
20771,matching,согласование,concordance
20772,matching,соответствие,correspondance
20773,matching,соответствие,concordance
20774,matching,соответствие,adéquation
20775,matching,подбор,no_equality
20776,matching,соответствующий,correspondant
20777,matching,одинаковые,no_equality
20778,matching,совмещение,no_equality
20779,matching,сверки,rapprochement
20780,matching,соответствует,no_equality
20781,matching,одинаковых,no_equality
20782,matching,подходящие,no_equality
20783,matching,совпадающие,no_equality
20784,matching,подходящий под,no_equality
20785,matching,подходящего под,no_equality
20786,reexamined,перепроверил,no_equality
20787,reexamined,перепроверила,no_equality
20788,literals,литералах,no_equality
20789,muggee,ограбили,no_equality
20790,muggee,напали,agression
20791,muggee,ограбил,no_equality
20792,muggee,грабили,agressé
20793,muggee,грабили,été agressée
20794,muggee,грабил,no_equality
20795,muggee,грабанул,no_equality
20796,muggee,ограбить,no_equality
20797,muggee,ограбила,no_equality
20798,muggee,ограбят,faire agresser
20799,muggee,напал на,no_equality
20800,blabbering,болтаешь,no_equality
20801,blabbering,болтаю,no_equality
20802,blabbering,болтает,no_equality
20803,ruminating,размышление,no_equality
20804,plainly,явно,clairement
20805,plainly,явно,manifestement
20806,plainly,явно,clair
20807,plainly,явно,nettement
20808,plainly,явно,ouvertement
20809,plainly,явно,évidemment
20810,plainly,прямо,clairement
20811,plainly,ясно,clairement
20812,plainly,ясно,manifestement
20813,plainly,ясно,clair
20814,plainly,ясно,nettement
20815,plainly,ясно,évidemment
20816,plainly,очевидно,clairement
20817,plainly,очевидно,manifestement
20818,plainly,очевидно,évidemment
20819,plainly,откровенно,franchement
20820,plainly,откровенно,ouvertement
20821,plainly,откровенно,sans détour
20822,plainly,начистоту,franchement
20823,plainly,плоско,no_equality
20824,plainly,попросту говоря,no_equality
20825,authorisation,разрешение,autorisation
20826,authorisation,разрешение,agrément
20827,authorisation,разрешение,habilitation
20828,authorisation,разрешение,approbation
20829,authorisation,разрешение,licence
20830,authorisation,авторизация,no_equality
20831,authorisation,санкция,autorisation
20832,authorisation,санкция,approbation
20833,authorisation,наделении полномочиями,pouvoir
20834,authorisation,наделении полномочиями,mandat
20835,authorisation,разрешительных,no_equality
20836,authorisation,выдачи разрешений,no_equality
20837,authorisation,доверенность,no_equality
20838,telling,выразительный,no_equality
20839,telling,многоговорящий,no_equality
20840,telling,показательный,significatif
20841,telling,рассказывающий,no_equality
20842,telling,говорящий,no_equality
20843,telling,сообщающий,no_equality
20844,telling,рассказ,no_equality
20845,telling,сообщение,no_equality
20846,life,жизнь,vie
20847,life,жизнь,existence
20848,life,жизнь,vécu
20849,life,жизнь,vivre
20850,life,существование,vie
20851,life,существование,existence
20852,life,существование,vivre
20853,life,душа,no_equality
20854,life,срок,vie
20855,life,срок,durée
20856,life,быт,no_equality
20857,life,ресурс,no_equality
20858,life,долговечность,no_equality
20859,life,Лайф,life
20860,life,житие,vie
20861,life,жизненный,vital
20862,life,пожизненный,no_equality
20863,nineties,90-х годов,no_equality
20864,nineties,1990-х годов,no_equality
20865,nineties,90-е годы,no_equality
20866,nineties,90х годов,no_equality
20867,nineties,1990-х годах,no_equality
20868,nineties,90-х годах,no_equality
20869,nineties,девяностые,années 90
20870,nineties,девяностых годов,no_equality
20871,nineties,1990-е годы,no_equality
20872,nineties,90 лет,no_equality
20873,nineties,1990е годы,no_equality
20874,nineties,90х годах,no_equality
20875,nineties,90е годы,no_equality
20876,sovereignties,суверенитетов,no_equality
20877,sovereignties,суверенитеты,no_equality
20878,sovereignties,суверенных государств,no_equality
20879,commodities,товары широкого потребления,no_equality
20880,commodities,товарный фьючерс,no_equality
20881,onslaughts,натиску,no_equality
20882,burgled,ограбили,no_equality
20883,burgled,ограблен,no_equality
20884,burgled,ограблена,no_equality
20885,burgled,обокрали,no_equality
20886,burgled,грабили,été cambriolé
20887,burgled,взломали,no_equality
20888,burgled,обворуют,no_equality
20889,Trondheims,тронхейме,trondheim
20890,Trondheims,тронхейм,no_equality
20891,Trondheims,трондхейма,no_equality
20892,Trondheims,трондхейм,no_equality
20893,Trondheims,тронхейма,no_equality
20894,Trondheims,трондхейме,no_equality
20895,Trondheims,трондхайме,no_equality
20896,painstakingly,тщательно,soigneusement
20897,painstakingly,тщательно,minutieusement
20898,painstakingly,тщательно,méticuleusement
20899,painstakingly,тщательно,avec soin
20900,painstakingly,кропотливо,méticuleusement
20901,painstakingly,мучительно,péniblement
20902,painstakingly,старательно,soigneusement
20903,painstakingly,усердно,no_equality
20904,painstakingly,дотошно,no_equality
20905,painstakingly,таким трудом,difficilement
20906,painstakingly,столь болезненно,péniblement
20907,painstakingly,таким большим трудом,no_equality
20908,painstakingly,скрупулезно,no_equality
20909,exorcized,изгнать всех,no_equality
20910,complexity,сложность,complexité
20911,complexity,сложность,complexe
20912,complexity,сложность,difficulté
20913,complexity,сложность,complication
20914,complexity,запутанность,complexité
20915,complexity,степень сложности,no_equality
20916,complexity,усложнение,no_equality
20917,complexity,усложненность,no_equality
20918,prolix,тягучий,no_equality
20919,prolix,скучный,no_equality
20920,prolix,нудный,no_equality
20921,prolix,многословный,no_equality
20922,prolix,многоречивый,no_equality
20923,prolix,занудный,no_equality
20924,prolix,долгий,no_equality
20925,prolix,длительный,no_equality
20926,prolix,излишне подробн,no_equality
20927,plunder,разграбление,no_equality
20928,plunder,добыча,butin
20929,plunder,расхищение,no_equality
20930,plunder,грабить,piller
20931,plunder,разграбить,piller
20932,plunder,расхищать,piller
20933,plunder,ограбить,piller
20934,plunder,грабежа,pillage
20935,plunder,грабежи,pillage
20936,plunder,грабежей,no_equality
20937,plunder,награбленное,no_equality
20938,plunder,грабежах,pillage
20939,plunder,грабитель,pilleur
20940,plunder,грабителя,pilleur
20941,shout,кричать,crier
20942,shout,кричать,hurler
20943,shout,кричать,gueuler
20944,shout,кричать,engueuler
20945,shout,крикнуть,crier
20946,shout,крикнуть,hurler
20947,shout,орать,crier
20948,shout,орать,hurler
20949,shout,орать,gueuler
20950,shout,орать,engueuler
20951,shout,закричать,crier
20952,shout,закричать,hurler
20953,shout,крик,cri
20954,shout,крик,appel
20955,shout,знать,no_equality
20956,shout,прокричать,no_equality
20957,shout,выкрикивать,crier
20958,shout,выкрикивать,hurler
20959,shout,покричать,hurler
20960,shout,покричать,engueuler
20961,shout,накричать,engueuler
20962,shout,возглас,cri
20963,shout,крикнешь,no_equality
20964,retina,сетчатка,rétine
20965,retina,сетчатка,rétinien
20966,retina,ретина,no_equality
20967,evangelise,проповедовать Евангелие,no_equality
20968,oligarch,олигарх,oligarque
20969,oligarch,олигархический,no_equality
20970,popes,папы,pape
20971,popes,римских пап,pape
20972,popes,папам,pape
20973,popes,папах,no_equality
20974,doctoral,докторский,no_equality
20975,doctoral,докторантуры,no_equality
20976,doctoral,докторантуру,no_equality
20977,doctoral,аспирантуры,no_equality
20978,doctoral,докторантов,doctorant
20979,doctoral,докторантуре,no_equality
20980,doctoral,докторантура,no_equality
20981,doctoral,аспирантуре,no_equality
20982,doctoral,доктора наук,no_equality
20983,doctoral,аспирантов,doctorat
20984,doctoral,подготовки докторов наук,doctorat
20985,succeeder,удалось,no_equality
20986,succeeder,преуспел,no_equality
20987,succeeder,смогли,no_equality
20988,succeeder,смогла,no_equality
20989,succeeder,сменил,no_equality
20990,succeeder,удавалось,no_equality
20991,succeeder,получилось,no_equality
20992,succeeder,сумел,no_equality
20993,succeeder,сумела,no_equality
20994,succeeder,позволили,no_equality
20995,succeeder,привели,no_equality
20996,succeeder,позволила,no_equality
20997,succeeder,смену,no_equality
20998,succeeder,смогло,no_equality
20999,succeeder,удастся,no_equality
21000,pillboxes,доты,no_equality
21001,sheathe,прятать в ножны,no_equality
21002,sheathe,обшить,no_equality
21003,sheathe,вкладывать в ножны,no_equality
21004,scolded,ругала,no_equality
21005,scolded,ругал,no_equality
21006,scolded,отругала,no_equality
21007,scolded,ругают,no_equality
21008,scolded,ругали,réprimandé
21009,scolded,ворчал на,no_equality
21010,scolded,ругалась,no_equality
21011,scolded,отчитал,no_equality
21012,scolded,отругал,no_equality
21013,scolded,отругали,no_equality
21014,scolded,нагоняй,no_equality
21015,scolded,будут ругать,no_equality
21016,scolded,бранится на,no_equality
21017,aggressors,агрессоров,agresseur
21018,aggressors,агрессоров,agression
21019,aggressors,агрессоры,agresseur
21020,aggressors,агрессорами,agresseur
21021,aggressors,агрессорам,no_equality
21022,aggressors,агрессора,agresseur
21023,aggressors,нападавших,agresseur
21024,aggressors,нападавших,assaillant
21025,aggressors,обидчиков,agresseur
21026,aggressors,напавших,no_equality
21027,aggressors,агрессору,agresseur
21028,aggressors,правонарушителей,agresseur
21029,hunted,преследуемый,no_equality
21030,hunted,разыскиваемый,no_equality
21031,penitentially,пенитенциарный,pénitentiaire
21032,penitentially,тюрьма,pénitencier
21033,penitentially,тюрьма,prison
21034,penitentially,тюрьма,établissement pénitentiaire
21035,penitentially,тюремной,pénitentiaire
21036,penitentially,тюремной,carcéral
21037,penitentially,пенитенциарных учреждений,pénitentiaire
21038,penitentially,пенитенциарных учреждений,carcéral
21039,penitentially,пенитенциарий,no_equality
21040,penitentially,исполнения наказаний,no_equality
21041,penitentially,уголовно-исполнительной,pénitentiaire
21042,penitentially,пенитенциарное учреждение,établissement pénitentiaire
21043,penitentially,колонии,pénitencier
21044,penitentially,колонии,prison
21045,penitentially,исправительной,no_equality
21046,penitentially,исправительного учреждения,établissement pénitentiaire
21047,relishing,смакование,no_equality
21048,assort,разбирать,ranger
21049,assort,согласовываться,no_equality
21050,assort,подходить,no_equality
21051,assort,подбирать,no_equality
21052,assort,отсортировать,no_equality
21053,assort,классифицировать,no_equality
21054,assort,группировать,no_equality
21055,assort,гармонировать,no_equality
21056,insecurity,отсутствие безопасности,insécurité
21057,insecurity,нестабильность,insécurité
21058,insecurity,нестабильность,précarité
21059,insecurity,незащищенность,insécurité
21060,insecurity,незащищенность,précarité
21061,insecurity,безопасность,insécurité
21062,insecurity,безопасность,sécurité
21063,insecurity,небезопасность,insécurité
21064,insecurity,неуверенность,insécurité
21065,insecurity,неуверенность,incertitude
21066,insecurity,неуверенность,manque d'assurance
21067,insecurity,опасности,insécurité
21068,insecurity,неопределенность,insécurité
21069,insecurity,неопределенность,incertitude
21070,insecurity,опасность,no_equality
21071,insecurity,отсутствия безопасности,insécurité
21072,insecurity,небезопасной обстановки,insécurité
21073,insecurity,небезопасная обстановка,insécurité
21074,insecurity,уязвимости,insécurité
21075,insecurity,уязвимости,précarité
21076,insecurity,неустойчивость,précarité
21077,insecurity,ненадежность,précarité
21078,maturity,зрелость,no_equality
21079,maturity,совершеннолетия,âge adulte
21080,maturity,совершеннолетия,puberté
21081,maturity,сроком погашения,échéance
21082,maturity,спелости,maturité
21083,maturity,готовности,no_equality
21084,maturity,созревания,maturité
21085,maturity,созревания,maturation
21086,maturity,созревания,puberté
21087,maturity,зрелось,maturité
21088,maturity,зрелый подход,maturité
21089,maturity,зрелого,no_equality
21090,maturity,срока,échéance
21091,maturity,срока,durée
21092,maturity,зрелым,maturité
21093,maturity,зрелым,mature
21094,inadvertently,непреднамеренно,par inadvertance
21095,inadvertently,непреднамеренно,involontairement
21096,inadvertently,непреднамеренно,involontaire
21097,inadvertently,случайно,par inadvertance
21098,inadvertently,случайно,par mégarde
21099,inadvertently,случайно,accidentellement
21100,inadvertently,случайно,par erreur
21101,inadvertently,случайно,par accident
21102,inadvertently,случайно,fortuitement
21103,inadvertently,случайно,accidentelle
21104,inadvertently,невольно,involontairement
21105,inadvertently,невольно,involontaire
21106,inadvertently,неумышленно,involontairement
21107,inadvertently,нечаянно,par inadvertance
21108,inadvertently,нечаянно,par erreur
21109,inadvertently,нечаянно,malencontreusement
21110,inadvertently,нечаянно,par accident
21111,inadvertently,нечаянно,involontaire
21112,inadvertently,ошибочно,par erreur
21113,inadvertently,ненароком,par inadvertance
21114,inadvertently,ненароком,accidentellement
21115,inadvertently,непроизвольно,no_equality
21116,inadvertently,ненамеренно,involontairement
21117,inadvertently,ненамеренно,sans le vouloir
21118,inadvertently,непреднамеренного,no_equality
21119,inadvertently,непредумышленно,no_equality
21120,inadvertently,недосмотру,no_equality
21121,inadvertently,ошибке,par inadvertance
21122,inadvertently,непреднамеренным,no_equality
21123,remitments,полки,régiment
21124,remitments,полков,régiment
21125,remitments,полками,no_equality
21126,remitments,полках,no_equality
21127,remitments,левеллеров,no_equality
21128,remitments,полкам,no_equality
21129,remitments,полка должны,no_equality
21130,prats,прац,no_equality
21131,reimbursed,возмещенный,no_equality
21132,reimbursed,возмещаемый,no_equality
21133,reimbursed,компенсируемый,no_equality
21134,administrative,административный,administratif
21135,administrative,административный,administration
21136,administrative,управленческий,administratif
21137,administrative,управленческий,gestion
21138,administrative,управления,no_equality
21139,administrative,администрации,no_equality
21140,administrative,управлении,no_equality
21141,administrative,администратора,no_equality
21142,administrative,администрирования,no_equality
21143,sunsets,закаты,couchers de soleil
21144,sunsets,закаты,coucher de soleil
21145,sunsets,закатами,couchers de soleil
21146,sunsets,закат,coucher de soleil
21147,sunsets,закат,soleil couchant
21148,sunsets,закат,coucher du soleil
21149,sunsets,закатов,couchers de soleil
21150,sunsets,заката,coucher de soleil
21151,sunsets,заката,soleil couchant
21152,sunsets,пусть там хоть рассветы,no_equality
21153,sunsets,закатам,no_equality
21154,flyer,флаер,flyer
21155,flyer,флаер,prospectus
21156,flyer,флаер,tract
21157,flyer,флаер,affiche
21158,flyer,листок,brochure
21159,flyer,листок,feuillet
21160,flyer,рогулька,no_equality
21161,flyer,афиша,affiche
21162,flyer,летающий,no_equality
21163,reinforces,укрепляет,renforce
21164,reinforces,укрепляет,renforcent
21165,reinforces,укрепляет,conforte
21166,reinforces,укрепляет,renforçant
21167,reinforces,укрепляет,consolide
21168,reinforces,укрепляет,accroît
21169,reinforces,усиливает,renforce
21170,reinforces,усиливает,accentue
21171,reinforces,усиливает,accroît
21172,reinforces,усиливает,contribue
21173,reinforces,подкрепляет,renforce
21174,reinforces,подкрепляет,renforcent
21175,reinforces,подкрепляет,conforte
21176,reinforces,подкрепляет,confirme
21177,reinforces,подкрепляет,vient renforcer
21178,reinforces,подкрепляет,consolide
21179,reinforces,подтверждает,confirme
21180,reinforces,подтверждает,souligne
21181,reinforces,закрепляет,renforce
21182,reinforces,повышает,renforce
21183,reinforces,повышает,accroît
21184,reinforces,повышает,contribue
21185,reinforces,способствует укреплению,consolide
21186,reinforces,усугубляет,no_equality
21187,reinforces,подчеркивает,souligne
21188,reinforces,содействует укреплению,no_equality
21189,reinforces,дополняет,vient renforcer
21190,ladles,барышни,no_equality
21191,barrelled,бочкообразный,no_equality
21192,barrelled,галтованный,no_equality
21193,barrelled,упакованный в бочки,no_equality
21194,barrelled,упакованные,no_equality
21195,barrelled,носимое ствольное,no_equality
21196,logicalities,населенных пунктах,localité
21197,logicalities,населенных пунктах,agglomération
21198,logicalities,населенных пунктах,endroit
21199,logicalities,населенных пунктах,ville
21200,logicalities,населенных пунктах,commune
21201,logicalities,населенных пунктах,village
21202,logicalities,населенных пунктах,site
21203,logicalities,населенных пунктов,localité
21204,logicalities,населенных пунктов,agglomération
21205,logicalities,районах,localité
21206,logicalities,районах,endroit
21207,logicalities,районах,lieux
21208,logicalities,районах,région
21209,logicalities,районах,site
21210,logicalities,районах,zone
21211,logicalities,местах,endroit
21212,logicalities,местах,lieux
21213,logicalities,местах,site
21214,logicalities,местах,zone
21215,logicalities,населенные пункты,localité
21216,logicalities,населенные пункты,agglomération
21217,logicalities,населенные пункты,village
21218,logicalities,районов,localité
21219,logicalities,районов,endroit
21220,logicalities,районов,lieux
21221,logicalities,районов,région
21222,logicalities,районов,site
21223,logicalities,районов,zone
21224,logicalities,районы,localité
21225,logicalities,районы,endroit
21226,logicalities,районы,lieux
21227,logicalities,районы,région
21228,logicalities,районы,site
21229,logicalities,районы,zone
21230,logicalities,местностях,localité
21231,logicalities,местностях,endroit
21232,logicalities,местностях,zone
21233,logicalities,местности,lieux
21234,logicalities,поселениях,localité
21235,logicalities,поселениях,agglomération
21236,logicalities,поселениях,ville
21237,logicalities,поселениях,village
21238,logicalities,поселений,localité
21239,logicalities,поселений,agglomération
21240,logicalities,поселений,village
21241,logicalities,местностей,localité
21242,logicalities,участков,localité
21243,logicalities,участков,site
21244,logicalities,участков,zone
21245,logicalities,населенным пунктам,no_equality
21246,logicalities,населенными пунктами,agglomération
21247,responsibleness,отзывчивость,no_equality
21248,responsibleness,реакции,no_equality
21249,responsibleness,гибкость,no_equality
21250,responsibleness,учет,no_equality
21251,responsibleness,оперативности,no_equality
21252,responsibleness,восприимчивость,no_equality
21253,responsibleness,чуткость,no_equality
21254,responsibleness,готовность,no_equality
21255,responsibleness,оперативность реагирования,no_equality
21256,responsibleness,реагирования на,no_equality
21257,responsibleness,реагирование на,no_equality
21258,responsibleness,способность реагировать,no_equality
21259,responsibleness,способность к реагированию,no_equality
21260,responsibleness,соответствия формальным требованиям,no_equality
21261,responsibleness,соответствия требованиям,no_equality
21262,recover,восстановить,récupérer
21263,recover,восстановить,recouvrer
21264,recover,восстановить,retrouver
21265,recover,восстановить,reprendre
21266,recover,восстановить,rétablir
21267,recover,восстановить,remettre
21268,recover,восстановить,restaurer
21269,recover,вернуть,récupérer
21270,recover,вернуть,retrouver
21271,recover,вернуть,reprendre
21272,recover,вернуть,remettre
21273,recover,вернуть,reconquérir
21274,recover,вернуть,refaire
21275,recover,восстановиться,se remettre
21276,recover,восстановиться,se rétablir
21277,recover,восстановиться,guérir
21278,recover,оправиться,se remettre
21279,recover,оправиться,se relever
21280,recover,взыскать,recouvrer
21281,recover,восстанавливаться,no_equality
21282,recover,поправиться,se remettre
21283,recover,поправиться,se rétablir
21284,recover,поправиться,guérir
21285,recover,поправиться,remettre sur pied
21286,recover,получить,récupérer
21287,recover,возместить,récupérer
21288,recover,найти,no_equality
21289,recover,восстанавливать,rétablir
21290,recover,восстанавливать,restaurer
21291,recover,восстанавливать,relever
21292,recover,восстанавливать,refaire
21293,recover,восстанавливать,remettre sur pied
21294,recover,забрать,récupérer
21295,recover,забрать,reprendre
21296,recover,выздороветь,se rétablir
21297,recover,выздороветь,guérir
21298,recover,восстановления,no_equality
21299,recover,взыскания,no_equality
21300,recover,возвращать,récupérer
21301,recover,возвращать,recouvrer
21302,recover,возвращать,retrouver
21303,recover,оправляться,se remettre
21304,recover,оправляться,se redresser
21305,recover,оправляться,relever
21306,recover,выздоравливать,no_equality
21307,recover,приходить в себя,no_equality
21308,recover,исцеляться,guérir
21309,recover,поправляться,se remettre
21310,recover,поправляться,guérir
21311,mails,сообщения,no_equality
21312,mails,почту,mail
21313,mails,почту,courrier
21314,mails,почту,message
21315,mails,почту,courriel
21316,mails,почту,e-mail
21317,mails,писем,mail
21318,mails,писем,courrier
21319,mails,писем,e-mail
21320,mails,почтовые отправления,no_equality
21321,mails,почта,courrier
21322,mails,почта,courriel
21323,mails,почта,e-mail
21324,mails,почта,poste
21325,mails,почтовых отправлений,courrier
21326,mails,мейлы,mail
21327,mails,письмами,e-mail
21328,mails,имейлов,mail
21329,mails,имейлов,courriel
21330,mails,письмах,no_equality
21331,reversals,оттоком,inversion
21332,reversals,обращения вспять,no_equality
21333,reversals,регресс,revers
21334,reversals,неудачи,revers
21335,reversals,изменение динамики,no_equality
21336,reversals,обращение вспять,no_equality
21337,reversals,кардинальных изменений,no_equality
21338,reversals,отката назад,revers
21339,reversals,радикального изменения,no_equality
21340,reversals,регресса,retour en arrière
21341,reversals,оттока капитала,no_equality
21342,reversals,откатами назад,no_equality
21343,reversals,неудач,revers
21344,Garibaldis,гарибальди,no_equality
21345,insistency,настойчивость,insistance
21346,insistency,настоятельность,no_equality
21347,exhuming,эксгумации,exhumation
21348,exhuming,эксгумацию,exhumation
21349,exhuming,выкапывание,no_equality
21350,exhuming,эксгумировал,no_equality
21351,exhuming,эксгумировать,exhumer
21352,Ludas,лукас,lucas
21353,Ludas,люка,no_equality
21354,Ludas,лукаса,lucas
21355,Ludas,лукасом,lucas
21356,Ludas,лукасу,no_equality
21357,Ludas,лукасе,lucas
21358,Ludas,лукаш,lucas
21359,Ludas,лукаша,no_equality
21360,Ludas,люкас,no_equality
21361,Ludas,lucas,no_equality
21362,Ludas,люк,lucas
21363,orbits,орбиты,orbite
21364,orbits,орбит,orbite
21365,orbits,орбитах,orbite
21366,orbits,орбитам,no_equality
21367,orbits,орбите,no_equality
21368,orbits,орбитами,orbite
21369,orbits,вращается вокруг,no_equality
21370,lathering,пенообразование,no_equality
21371,bongs,бонги,no_equality
21372,bongs,кальяны,no_equality
21373,ingots,слитков,lingot
21374,ingots,слитки,lingot
21375,ingots,болванок,lingot
21376,ingots,слитках,no_equality
21377,tomorrows,завтрашняя,no_equality
21378,recusal,отвод,no_equality
21379,recusal,самоотвод,récusation
21380,recusal,самоотвода,no_equality
21381,recusal,самоотводе,no_equality
21382,recusal,вопрос об отводе которого,récusation
21383,conducive,благоприятный,propice
21384,conducive,благоприятный,favorable
21385,conducive,содействуют,favorisent
21386,conducive,благоприятствовала,propice
21387,conducive,стимулирующих,no_equality
21388,conducive,благоприятствуют,favorisent
21389,conducive,способствовало,no_equality
21390,conducive,способствовала бы,favorisent
21391,conducive,способствовала бы,permette
21392,arming,вооружение,armement
21393,arming,вооружение,arme
21394,arming,вооружение,armer
21395,arming,боевое снаряжение,no_equality
21396,arming,взвод,no_equality
21397,arming,вооружающийся,no_equality
21398,conferment,присуждение ученой степени,no_equality
21399,conferment,присвоение ученого звания,no_equality
21400,conferment,награждение,no_equality
21401,conferment,предоставление,octroi
21402,conferment,предоставление,attribution
21403,conferment,предоставления,octroi
21404,grasslands,лугопастбищные угодья,pâturage
21405,grasslands,пастбищ,prairie
21406,grasslands,пастбищ,pâturage
21407,grasslands,луга,prairie
21408,grasslands,пастбища,prairie
21409,grasslands,пастбища,pâturage
21410,grasslands,пастбища,pré
21411,grasslands,лугов,prairie
21412,grasslands,пастбищных угодий,prairie
21413,grasslands,пастбищных угодий,pâturage
21414,grasslands,пастбищах,pâturage
21415,grasslands,равнинах,prairie
21416,grasslands,пастбищным угодьям,pâturage
21417,grasslands,лугах,pré
21418,grasslands,степи,no_equality
21419,grasslands,пастбищных угодьях,pâturage
21420,grasslands,степей,no_equality
21421,grasslands,пастбищные угодья,pâturage
21422,grasslands,лугопастбищных угодий,no_equality
21423,hotbeds,очагов,foyer
21424,hotbeds,очаги,foyer
21425,hotbeds,очагах,foyer
21426,hotbeds,очагами,foyer
21427,hotbeds,рассадниками,foyer
21428,hotbeds,"""горячих точек""",no_equality
21429,centrifugate,центробежный,no_equality
21430,centrifugate,центрифужных,no_equality
21431,centrifugate,центробежного,no_equality
21432,centrifugate,центрифужные,no_equality
21433,centrifugate,радиальных,no_equality
21434,perused,просмотрел,no_equality
21435,heaps,пустой породы,no_equality
21436,heaps,отвалах,terril
21437,heaps,кучей,no_equality
21438,heaps,кучах,no_equality
21439,heaps,отвалов,no_equality
21440,genteelly,благородная,no_equality
21441,genteelly,неприлично,no_equality
21442,fingerprints,отпечатки пальцев,empreinte digitale
21443,fingerprints,отпечатки пальцев,traces de doigts
21444,fingerprints,следы пальцев,no_equality
21445,fingerprints,взять отпечатки пальцев,empreinte digitale
21446,fingerprints,взять отпечатки пальцев,traces de doigts
21447,terminal,терминал,terminal
21448,terminal,терминал,borne
21449,terminal,аэропорт,no_equality
21450,terminal,терминальный,no_equality
21451,terminal,terminal,no_equality
21452,terminal,конечный пункт,terminal
21453,terminal,неизлечимая,incurable
21454,terminal,конечной,terminal
21455,terminal,конечной,finale
21456,terminal,заключительных,finale
21457,terminal,заключительных,final
21458,terminal,неизлечимой,incurable
21459,terminal,последней стадии,no_equality
21460,terminal,вокзале,no_equality
21461,terminal,окончательного,finale
21462,terminal,окончательного,final
21463,complacence,самодовольство,complaisance
21464,complacence,самодовольство,suffisance
21465,persuasively,убедительно,façon convaincante
21466,persuasively,убедительно,manière convaincante
21467,breweries,пивоваренные заводы,no_equality
21468,breweries,пивоваренных заводов,no_equality
21469,breweries,бруэрис,breweries
21470,breweries,пивоваренные компании,no_equality
21471,breweries,"брюэрис""",no_equality
21472,breweries,"бруэриз""",no_equality
21473,breweries,брюэриз,no_equality
21474,assailabilities,наличности,no_equality
21475,ducats,дукатов,ducat
21476,ducats,дукаты,no_equality
21477,ducats,дукатах,no_equality
21478,employer,работодатель,employeur
21479,employer,работодатель,patron
21480,employer,наниматель,employeur
21481,employer,заказчик,employeur
21482,employer,заказчик,maître de l'ouvrage
21483,employer,заказчик,maître d'ouvrage
21484,employer,предприниматель,no_equality
21485,employer,хозяин,patron
21486,employer,предприятии,no_equality
21487,employer,нанимателе,no_equality
21488,Guineans,гвинейцев,no_equality
21489,Guineans,гвинейцам,no_equality
21490,Guineans,гвинейцы,no_equality
21491,Guineans,гвинейцами,no_equality
21492,Guineans,гвинейских граждан,guinéen
21493,Guineans,гвинеи,no_equality
21494,Guineans,гвинейца,no_equality
21495,colonists,колонистов,colon
21496,colonists,колонисты,no_equality
21497,colonists,колонистами,colon
21498,colonists,колонистам,colon
21499,colonists,колонизаторов,colon
21500,colonists,колонизаторов,colonisateur
21501,colonists,колонизаторами,no_equality
21502,colonists,поселенцев,colon
21503,colonists,поселенцев,colonie
21504,shrub,куст,arbuste
21505,shrub,куст,buisson
21506,shrub,кустарник,arbuste
21507,shrub,кустарник,buisson
21508,shrub,кустик,buisson
21509,shrub,кусты,arbuste
21510,shrub,кусты,arbrisseau
21511,shrub,кусты,buisson
21512,malefactors,злоумышленников,malfaiteur
21513,malefactors,преступные сообщества,malfaiteur
21514,zips,застегивает,no_equality
21515,coerced,принуждают,forcé
21516,coerced,принуждают,obligé
21517,coerced,принудили,no_equality
21518,coerced,принуждения,no_equality
21519,coerced,принудительной,no_equality
21520,coerced,принуждали,obligé
21521,coerced,вынудили,no_equality
21522,coerced,вынужденных,no_equality
21523,coerced,принуждаются,no_equality
21524,coerced,принудительного,no_equality
21525,coerced,принуждал,no_equality
21526,coerced,заставил,no_equality
21527,coerced,по принуждению,forcé
21528,coerced,заставляли,forcé
21529,coerced,принудил,no_equality
21530,coerced,принуждает,no_equality
21531,curiously,любопытно,no_equality
21532,curiously,необычайно,étonnamment
21533,curiously,с любопытством,no_equality
21534,curiously,на удивление,curieusement
21535,curiously,на удивление,bizarrement
21536,curiously,на удивление,étonnamment
21537,curiously,необычно,étrangement
21538,curiously,курьезно,no_equality
21539,chosen,избранный,choisi
21540,chosen,избранный,élu
21541,chosen,выбрали,choix
21542,chosen,выбрали,choisir
21543,chosen,выбор,no_equality
21544,chosen,выбран,choisi
21545,chosen,выбран,retenu
21546,chosen,выбран,désigné
21547,chosen,выбрала,no_equality
21548,chosen,выбраны,choisi
21549,chosen,выбраны,sélectionné
21550,chosen,выбрана,choisi
21551,chosen,выбрана,retenu
21552,chosen,выбранного,choisi
21553,chosen,выбранного,sélectionné
21554,chosen,выбранных,choisi
21555,chosen,выбранных,élu
21556,chosen,выбранных,sélectionné
21557,chosen,выбранных,choix
21558,chosen,выбранной,choisi
21559,chosen,выбранной,retenu
21560,chosen,выбранной,sélectionné
21561,chosen,выбрать,no_equality
21562,chosen,предпочли,no_equality
21563,chosen,выбранный,sélectionné
21564,chosen,выбранные,élu
21565,chosen,выбранные,sélectionné
21566,khans,ханов,no_equality
21567,khans,ханы,no_equality
21568,khans,ханами,no_equality
21569,khans,хана,khan
21570,Muscovites,москвичей,no_equality
21571,Muscovites,москвичами,no_equality
21572,Muscovites,москвичи,no_equality
21573,discontinuations,сокращенные должности,no_equality
21574,harps,harps,no_equality
21575,harps,арфы,harpe
21576,harps,арфу,harpe
21577,harps,арфах,no_equality
21578,harps,арфами,no_equality
21579,providently,предусмотрительно,no_equality
21580,inquire,спрашивать,demander
21581,inquire,спрашивать,interroger
21582,inquire,расследовать,enquêter
21583,inquire,расследовать,examiner
21584,inquire,запрашивать,demander
21585,inquire,выяснять,s'enquérir
21586,inquire,выяснять,s'informer
21587,inquire,справляться,no_equality
21588,inquire,узнать,demander
21589,inquire,узнать,renseigner
21590,inquire,узнать,savoir
21591,inquire,узнать,connaître
21592,inquire,узнать,vérifier
21593,inquire,навести справки,enquêter
21594,specialize,специализирующийся,no_equality
21595,specialize,специализироваться,no_equality
21596,specialize,делать специфичным,no_equality
21597,embolism,эмболия,embolie
21598,embolism,кровеносного,embolie
21599,weighted,взвешенный,pondéré
21600,weighted,взвешенные,no_equality
21601,weighted,взвешенных,no_equality
21602,weighted,взвешенного,pondéré
21603,weighted,взвешенной,no_equality
21604,weighted,взвешенная,no_equality
21605,weighted,взвешенное,no_equality
21606,weighted,средневзвешенный,no_equality
21607,weighted,средневзвешенные,no_equality
21608,weighted,средневзвешенного,no_equality
21609,weighted,средневзвешенная,no_equality
21610,weighted,средневзвешенной,no_equality
21611,weighted,средневзвешенное,no_equality
21612,weighted,взвешены,no_equality
21613,weighted,взвешенными,no_equality
21614,esthetically,эстетически,esthétiquement
21615,limos,лимузины,limousine
21616,limos,лимузинов,no_equality
21617,limos,лимузинах,limousine
21618,limos,лимузин,limousine
21619,limos,лимузин,limo
21620,limos,лимузинам,no_equality
21621,prolonging,продлевающий,no_equality
21622,prolonging,продление,prolongation
21623,bureaucratically,бюрократических,no_equality
21624,yelping,визжание,no_equality
21625,subside,спасть,no_equality
21626,subside,ослабевать,diminuer
21627,subside,ослабевать,s'atténuer
21628,subside,утихать,no_equality
21629,subside,успокоиться,se calmer
21630,subside,снизиться,baisser
21631,subside,проходить,no_equality
21632,subside,утихнут,no_equality
21633,subside,ослабнет,no_equality
21634,subside,утихнет,no_equality
21635,fires,огонь пожаров,incendie
21636,fires,огонь пожаров,feux
21637,fires,огонь пожаров,feu
21638,fires,огонь пожаров,flamme
21639,wildebeests,антилопы,gnou
21640,wildebeests,антилоп гну,gnou
21641,dampen,ослабить,atténuer
21642,dampen,ослабить,affaiblir
21643,dampen,приглушить,no_equality
21644,dampen,заглушить,atténuer
21645,dampen,заглушить,étouffer
21646,dampen,гасить,no_equality
21647,dampen,подавлять,no_equality
21648,dampen,ухудшить,affaiblir
21649,dampen,замедлить,freiner
21650,dampen,замедлить,ralentir
21651,dampen,понижательное воздействие,no_equality
21652,dampen,смягчить,amortir
21653,dampen,смягчить,atténuer
21654,dampen,ослабляет,affaiblir
21655,dampen,портить,no_equality
21656,investigated,расследования,no_equality
21657,investigated,расследуются,no_equality
21658,investigated,расследованы,no_equality
21659,investigated,расследовала,a enquêté sur
21660,investigated,расследовались,no_equality
21661,investigated,расследовать,no_equality
21662,investigated,расследованных,no_equality
21663,investigated,расследовано,no_equality
21664,investigated,расследуется,no_equality
21665,investigated,расследований,no_equality
21666,investigated,расследовал,a enquêté sur
21667,investigated,расследовал,enquêter sur
21668,investigated,расследованию,no_equality
21669,investigated,расследовали,no_equality
21670,investigated,изучить,no_equality
21671,investigated,расследовало,a enquêté sur
21672,decadent,декадентский,no_equality
21673,decadent,упадочным,no_equality
21674,decadent,упадке,décadence
21675,decadent,разлагающихся,no_equality
21676,decadent,декадентских,no_equality
21677,decadent,упаднических,no_equality
21678,decadent,декадентского,no_equality
21679,passionately,страстно,passionnément
21680,passionately,страстно,avec passion
21681,passionately,страстно,ardemment
21682,passionately,страстно,passionné
21683,passionately,горячо,ardemment
21684,passionately,неистово,passionnément
21685,passionately,вдохновенно,no_equality
21686,passionately,рьяно,no_equality
21687,passionately,со страстью,avec passion
21688,passionately,увлечённо,no_equality
21689,fantasies,фантазии,fantasme
21690,fantasies,фантазии,fantaisie
21691,fantasies,фантазии,rêve
21692,fantasies,фантазии,imagination
21693,fantasies,фантазиях,fantasme
21694,fantasies,фантазиях,fantaisie
21695,fantasies,фантазиях,imagination
21696,fantasies,фантазиями,fantasme
21697,fantasies,мечты,fantasme
21698,fantasies,мечты,rêve
21699,fantasies,фантазиям,fantasme
21700,fantasies,фантазия,fantasme
21701,fantasies,фантазия,fantaisie
21702,fantasies,фантазия,rêve
21703,fantasies,фантазирует,fantasme
21704,fantasies,сказками,histoire
21705,fantasies,фантазией,fantasme
21706,fantasies,фантазией,fantaisie
21707,fantasies,фантазией,imagination
21708,fantasies,фантазию,fantasme
21709,fantasies,фантазию,fantaisie
21710,fantasies,фантазию,rêve
21711,fantasies,фантазию,imagination
21712,fantasies,фантазию,phantasme
21713,bulldozers,бульдозеры,bulldozer
21714,bulldozers,бульдозеры,bouteur
21715,bulldozers,бульдозеров,bulldozer
21716,bulldozers,бульдозеров,bouteur
21717,bulldozers,бульдозерами,bulldozer
21718,bulldozers,бульдозера,bulldozer
21719,bulldozers,бульдозера,pelleteuse
21720,bulldozers,бульдозерам,bulldozer
21721,stockpile,запас,stock
21722,stockpile,запас,réserve
21723,stockpile,запасы,stock
21724,stockpile,запасы,réserve
21725,stockpile,запасы,arsenal
21726,stockpile,арсенал,arsenal
21727,stockpile,накапливать,stocker
21728,stockpile,накапливать,accumuler
21729,stockpile,накапливать,amasser
21730,stockpile,накопление,no_equality
21731,stockpile,запасать,stocker
21732,stockpile,хранения,stock
21733,stockpile,хранения,stockage
21734,stockpile,резерва,réserve
21735,exercising,осуществление,exercice
21736,exercising,осуществлять,no_equality
21737,exercising,реализации,exercice
21738,exercising,осуществляющих,exerçant
21739,exercising,осуществляющих,qui exercent
21740,exercising,осуществляет,exerce
21741,exercising,осуществляя,exerçant
21742,exercising,осуществить,no_equality
21743,exercising,осуществляющего,exerçant
21744,exercising,осуществляют,exerce
21745,exercising,выполнении,exercice
21746,exercising,осуществляющим,exerçant
21747,exercising,осуществляющие,exerçant
21748,exercising,осуществляющие,qui exercent
21749,exercising,осуществляющее,exerçant
21750,exercising,пользоваться,no_equality
21751,exercising,пользование,exercice
21752,cauda,синдром конского,no_equality
21753,Aramean,Арамеянин,no_equality
21754,Aramean,арамейский,araméen
21755,invading,вторжения,envahi
21756,invading,вторжение,envahir
21757,invading,вторжение,invasion
21758,invading,вторжение,envahi
21759,invading,вторгшиеся,no_equality
21760,invading,вторгшихся,no_equality
21761,invading,захватчиков,envahisseur
21762,invading,вторгаешься в,no_equality
21763,invading,во вторжении,no_equality
21764,invading,вторгшимися,no_equality
21765,invading,вторглись в,invasion
21766,invading,вторглись в,envahissent
21767,invading,вторглись в,envahit
21768,invading,вторгаясь в,envahissant
21769,invading,вторгаться в,envahir
21770,invading,вторгается в,envahit
21771,invading,вторгаюсь в,no_equality
21772,invading,вторгаетесь в,envahissez
21773,invading,вторгаемся в,no_equality
21774,gems,драгоценные камни,gemme
21775,gems,драгоценные камни,pierres précieuses
21776,gems,драгоценные камни,bijou
21777,gems,гсмос,no_equality
21778,gems,драгоценности,pierres précieuses
21779,gems,драгоценности,joyau
21780,gems,драгоценности,bijou
21781,gems,драгоценных камней,pierres précieuses
21782,gems,драгоценных камней,joyau
21783,gems,драгоценных камней,diamant
21784,gems,джемз,no_equality
21785,gems,жемчужины,perle
21786,gems,драгоценностей,joyau
21787,gems,камнях,no_equality
21788,gems,сокровищами,joyau
21789,gems,мор,no_equality
21790,gems,gems,no_equality
21791,gems,драгоценными камнями,pierres précieuses
21792,gems,джемс,no_equality
21793,gems,драгоценностями,joyau
21794,gems,драгоценностями,bijou
21795,gems,предельные реликвии,trésor
21796,manufacturing,производство,fabrication
21797,manufacturing,производство,industrie
21798,manufacturing,производства,fabrication
21799,manufacturing,производства,manufacturier
21800,manufacturing,производства,industrie
21801,manufacturing,изготовление,fabrication
21802,manufacturing,обрабатывающая промышленность,fabrication
21803,manufacturing,производитель,no_equality
21804,manufacturing,производственный,industriel
21805,manufacturing,обрабатывающей промышленности,fabrication
21806,manufacturing,обрабатывающей промышленности,manufacture
21807,manufacturing,обрабатывающих,no_equality
21808,manufacturing,обрабатывающую промышленность,no_equality
21809,manufacturing,промышленных,industriel
21810,manufacturing,обрабатывающие,manufacturier
21811,manufacturing,производит,no_equality
21812,manufacturing,промышленные,industrie
21813,manufacturing,производить,no_equality
21814,manufacturing,фабричное производство,fabrication
21815,manufacturing,фабричное производство,industrie
21816,manufacturing,manufacturing,no_equality
21817,gastrointestinal_tracts,желудочно-кишечного тракта,tube digestif
21818,gastrointestinal_tracts,желудочно-кишечный тракт,no_equality
21819,gastrointestinal_tracts,пищеварительного тракта,tube digestif
21820,gastrointestinal_tracts,пищеварительный тракт,tube digestif
21821,gastrointestinal_tracts,пищеварительный тракт,appareil digestif
21822,decompression,декомпрессия,décompression
21823,decompression,декомпрессия,dépressurisation
21824,decompression,сжатие,no_equality
21825,decompression,декомпрессионную,décompression
21826,decompression,декомпрессионной,no_equality
21827,decompression,декомпрессией,no_equality
21828,decompression,кессонной,no_equality
21829,decompression,поводу аспирации,no_equality
21830,decompression,барокамеры,no_equality
21831,decompression,психоэмоциональной разгрузки,no_equality
21832,decompression,декомпрессора,no_equality
21833,metallurgy,металлургия,métallurgie
21834,metallurgy,металлургия,sidérurgie
21835,metallurgy,металлургический,no_equality
21836,metallurgy,металлургических,métallurgie
21837,metallurgy,металлургию,no_equality
21838,metallurgy,металлургической промышленности,métallurgie
21839,beached,выброшенный на берег,no_equality
21840,beached,выброшенного на берег,no_equality
21841,beached,выбросило,échoué
21842,beached,на берегу,no_equality
21843,beached,выбросился на берег,no_equality
21844,beached,похожа на кита,baleine
21845,inquiring,пытливый,curieux
21846,inquiring,вопросительный,no_equality
21847,inquiring,вопрошающий,no_equality
21848,inquiring,запрашивающий,no_equality
21849,inquiring,запрос,enquête
21850,inquiring,запрос,demande
21851,inquiring,пытливость,no_equality
21852,inquiring,вопросительно,no_equality
21853,starch,крахмал,amidon
21854,starch,накрахмалить,no_equality
21855,starch,крахмалить,no_equality
21856,advocator,заступник,no_equality
21857,utterances,высказывания,propos
21858,utterances,высказываний,expression
21859,utterances,высказываниях,no_equality
21860,utterances,высказываниями,propos
21861,utterances,высказываниям,no_equality
21862,utterances,фраз,no_equality
21863,utterances,заявлениях,déclaration
21864,glaciating,замораживание,no_equality
21865,posturing,позирование,no_equality
21866,South_Africans,южноафриканцев,sud-africains
21867,South_Africans,южноафриканцы,sud-africains
21868,South_Africans,южноафриканцам,sud-africains
21869,South_Africans,южной африки,afrique du sud
21870,South_Africans,южноафриканцами,sud-africains
21871,South_Africans,южноафриканских граждан,sud-africains
21872,ecological,экологический,écologique
21873,ecological,экологический,environnement
21874,ecological,экологический,environnemental
21875,ecological,экологически чистый,écologique
21876,ecological,экологически чистый,environnement
21877,ecological,экологически,no_equality
21878,pants,штаны,pantalon
21879,pants,штаны,culotte
21880,pants,штаны,dessus
21881,pants,штаны,futal
21882,pants,брюки,pantalon
21883,pants,брюки,culotte
21884,pants,брюки,caleçon
21885,pants,брюки,futal
21886,pants,трусы,culotte
21887,pants,трусы,slip
21888,pants,трусы,caleçon
21889,pants,трусы,froc
21890,pants,трусов,pantalon
21891,pants,трусов,slip
21892,pants,трусов,caleçon
21893,pants,штанах,slip
21894,pants,штанах,caleçon
21895,pants,штанов,pantalon
21896,pants,штанов,caleçon
21897,pants,штанов,froc
21898,pants,штанов,fute
21899,pants,брюках,pantalon
21900,pants,брюках,caleçon
21901,pants,брюках,braguette
21902,pants,брюк,pantalon
21903,pants,штанишки,pantalon
21904,pants,штанишки,culotte
21905,pants,штанишки,froc
21906,pants,штанишки,pants
21907,pants,штанами,no_equality
21908,pants,трусики,pantalon
21909,pants,трусики,culotte
21910,pants,трусики,slip
21911,pants,трусах,short
21912,pants,джинсы,pantalon
21913,pants,брюками,pantalon
21914,pants,подштанники,no_equality
21915,pants,портки,pantalon
21916,difficultness,трудности,difficulté
21917,difficultness,трудности,problème
21918,difficultness,трудности,difficile
21919,difficultness,трудности,mal
21920,difficultness,трудности,obstacle
21921,difficultness,трудности,contrainte
21922,difficultness,трудности,ennui
21923,difficultness,трудностей,difficulté
21924,difficultness,трудностей,problème
21925,difficultness,трудностей,difficile
21926,difficultness,трудностей,obstacle
21927,difficultness,трудностей,contrainte
21928,difficultness,трудностями,difficulté
21929,difficultness,трудностями,problème
21930,difficultness,трудностями,difficile
21931,difficultness,трудностями,mal
21932,difficultness,трудностями,obstacle
21933,difficultness,трудностями,contrainte
21934,difficultness,трудностях,difficulté
21935,difficultness,трудностях,problème
21936,difficultness,трудностях,contrainte
21937,difficultness,проблем,difficulté
21938,difficultness,проблем,problème
21939,difficultness,проблем,obstacle
21940,difficultness,проблем,contrainte
21941,difficultness,проблем,ennui
21942,difficultness,проблемы,difficulté
21943,difficultness,проблемы,problème
21944,difficultness,проблемы,mal
21945,difficultness,проблемы,situation
21946,difficultness,проблемы,ennui
21947,difficultness,сложности,difficulté
21948,difficultness,сложности,problème
21949,difficultness,сложности,difficile
21950,difficultness,сложности,obstacle
21951,difficultness,сложности,contrainte
21952,difficultness,трудностям,difficulté
21953,difficultness,трудностям,contrainte
21954,difficultness,затруднения,difficulté
21955,difficultness,затруднения,contrainte
21956,difficultness,проблемами,difficulté
21957,difficultness,проблемами,problème
21958,difficultness,проблемами,obstacle
21959,difficultness,проблемами,contrainte
21960,difficultness,сложностей,no_equality
21961,difficultness,трудно,no_equality
21962,difficultness,затруднений,difficulté
21963,difficultness,затруднений,contrainte
21964,difficultness,сложностями,difficulté
21965,difficultness,препятствий,difficulté
21966,difficultness,препятствий,obstacle
21967,difficultness,препятствий,contrainte
21968,bannss,имена вступающих в брак,no_equality
21969,bannss,объявления о заключении брака,no_equality
21970,seep,просачиваться,s'infiltrer
21971,seep,попадать,no_equality
21972,seep,просочится,no_equality
21973,competitor,конкурент,concurrent
21974,competitor,конкурент,concurrente
21975,competitor,конкурент,concurrence
21976,competitor,конкурент,compétiteur
21977,competitor,конкурент,rival
21978,competitor,конкурент,adversaire
21979,competitor,конкурент,compétition
21980,competitor,соискатель,no_equality
21981,competitor,участник,concurrent
21982,competitor,участник,participant
21983,competitor,спортсмен,no_equality
21984,competitor,конкурирующий,no_equality
21985,competitor,соревнующийся,no_equality
21986,competitor,конкурентный,no_equality
21987,whirring,жужжание,bourdonne
21988,whirring,треск,no_equality
21989,whirring,стрекотание,no_equality
21990,whirring,шумит,no_equality
21991,whirring,жужжит,bourdonne
21992,whirring,жужжащий,no_equality
21993,whirring,трещит дрель,no_equality
21994,oxidant,окислитель,oxydant
21995,co-vary,ко,no_equality
21996,co-vary,co,no_equality
21997,co-vary,командир,no_equality
21998,co-vary,компания,no_equality
21999,co-vary,лтд,no_equality
22000,co-vary,варьироваться,no_equality
22001,co-vary,различаться,no_equality
22002,co-vary,меняться,no_equality
22003,co-vary,разниться,no_equality
22004,co-vary,колебаться,no_equality
22005,hereditary,наследственный,héréditaire
22006,hereditary,наследный,héritier
22007,hereditary,наследуемый,no_equality
22008,hereditary,передаваемый по наследству,no_equality
22009,dotted,пунктирной,no_equality
22010,dotted,пунктирная,no_equality
22011,dotted,пунктирные,no_equality
22012,dotted,разбросанных,disséminés
22013,dotted,пунктирными,no_equality
22014,dotted,точечный,no_equality
22015,dotted,пунктирную,no_equality
22016,dotted,пунктир,no_equality
22017,dotted,усеяна,no_equality
22018,dotted,пунктиром,no_equality
22019,aggregators,агрегаторы,no_equality
22020,aggregators,агрегаторов,no_equality
22021,aggregators,агрегаторами,no_equality
22022,vertical,вертикальный,vertical
22023,vertical,вертикаль,no_equality
22024,vertical,вертикально,no_equality
22025,copybooks,тетрадей,no_equality
22026,pieties,добродетельные поступки,no_equality
22027,devices,устройств,dispositif
22028,devices,устройств,appareil
22029,devices,устройств,périphérique
22030,devices,устройств,engin
22031,devices,устройств,système
22032,devices,устройства,no_equality
22033,devices,устройствами,dispositif
22034,devices,устройствами,appareil
22035,devices,устройствами,périphérique
22036,devices,устройствами,engin
22037,devices,устройствам,dispositif
22038,devices,устройствам,appareil
22039,devices,устройствах,dispositif
22040,devices,устройствах,appareil
22041,devices,устройствах,engin
22042,devices,приборов,dispositif
22043,devices,приборов,appareil
22044,devices,приборов,instrument
22045,devices,средств,instrument
22046,devices,средств,moyen
22047,devices,средств,matériel
22048,devices,приборы,dispositif
22049,devices,приборы,appareil
22050,devices,приборы,instrument
22051,devices,приспособления,appareil
22052,devices,средства,instrument
22053,devices,средства,moyen
22054,devices,средства,matériel
22055,devices,приспособлений,dispositif
22056,devices,приспособлений,appareil
22057,devices,оборудования,appareil
22058,devices,оборудования,instrument
22059,devices,оборудования,équipement
22060,devices,оборудования,matériel
22061,devices,устройство,dispositif
22062,devices,устройство,appareil
22063,devices,устройство,périphérique
22064,devices,устройство,engin
22065,devices,устройство,équipement
22066,devices,устройство,système
22067,devices,механизмов,dispositif
22068,devices,механизмов,instrument
22069,devices,механизмов,moyen
22070,devices,механизмы,dispositif
22071,devices,механизмы,instrument
22072,devices,механизмы,moyen
22073,spaying,удаление яичников,no_equality
22074,woodcuts,кота,no_equality
22075,generalities,общими словами,no_equality
22076,generalities,общими фразами,no_equality
22077,generalities,обобщений,no_equality
22078,generalities,общими положениями,no_equality
22079,generalities,общих мест,no_equality
22080,generalities,обобщения,no_equality
22081,stun,оглушить,assommer
22082,stun,оглушить,étourdir
22083,stun,электрошоковый,no_equality
22084,stun,ошеломить,no_equality
22085,stun,оглушать,no_equality
22086,stun,ошеломлять,no_equality
22087,stun,оглушение,étourdissement
22088,recant,отречься от,se rétracter
22089,recant,отречься от,abjurer
22090,recant,отречься от,renier
22091,recant,отречься от,désavouer
22092,recant,отрекаться,rétracter
22093,recant,от показаний,rétracter
22094,recant,от показаний,rétractation
22095,recant,отозвали,no_equality
22096,recant,откажется от,no_equality
22097,recant,откажетесь от,no_equality
22098,recant,отречется,no_equality
22099,hornets,шершней,frelon
22100,hornets,шершни,frelon
22101,hornets,осиное,no_equality
22102,hornets,осы,guêpe
22103,hornets,улей,no_equality
22104,hornets,"""хорнета""",no_equality
22105,hornets,осиных,no_equality
22106,hornets,осиные,no_equality
22107,decrypting,расшифровку,décryptage
22108,decrypting,расшифровку,décoder
22109,decrypting,расшифровывает,no_equality
22110,decrypting,расшифровкой,no_equality
22111,decrypting,дешифровка,no_equality
22112,decrypting,расшифровка,no_equality
22113,leering,пялился,reluquer
22114,leering,пялился,reluquait
22115,leering,пялился,matait
22116,leering,пялящихся,no_equality
22117,leering,пожирал её взглядом,matait
22118,AKS,ак,ak
22119,AKS,калаши,ak
22120,AKS,акс,no_equality
22121,AKS,калашей,no_equality
22122,syncretizing,конкретизации,no_equality
22123,syncretizing,конкретизировать,no_equality
22124,syncretizing,конкретизация,no_equality
22125,syncretizing,конкретизируя,no_equality
22126,doing,дела,action
22127,doing,дело,fait
22128,doing,дело,action
22129,doing,дело,acte
22130,doing,делаешь,faire
22131,doing,делаете,faire
22132,doing,делал,faire
22133,doing,делали,no_equality
22134,doing,делала,faire
22135,doing,заниматься,faire
22136,doing,творишь,no_equality
22137,doing,занимаешься,faire
22138,doing,занимается,no_equality
22139,doing,занимаюсь,faire
22140,doing,сделал,faire
22141,doing,занимался,no_equality
22142,doing,делая,faire
22143,doing,поступок,action
22144,doing,поступок,acte
22145,doing,действие,action
22146,doing,действие,acte
22147,doing,решать,no_equality
22148,Burmas,бирма,birmanie
22149,Burmas,бирме,birmanie
22150,Burmas,бирме,birman
22151,Burmas,бирме,burma
22152,Burmas,бирму,birmanie
22153,Burmas,бирманский,no_equality
22154,Burmas,бирмы,birmanie
22155,Burmas,бирмы,birman
22156,Burmas,бурма,no_equality
22157,Burmas,бирмой,birmanie
22158,Bhutan,бутан,bhoutan
22159,Bhutan,бутан,bhoutanais
22160,Bhutan,бутанский,no_equality
22161,Bhutan,бутана,bhoutan
22162,Bhutan,бутана,bhoutanais
22163,Bhutan,бутане,no_equality
22164,Bhutan,бутаном,bhoutan
22165,Bhutan,бутану,no_equality
22166,Bhutan,бутанском,bhoutanais
22167,Bhutan,бутанском,bhoutanaise
22168,assumes,предполагает,suppose
22169,assumes,предполагает,présuppose
22170,assumes,приобретает,prend
22171,assumes,приобретает,revêt
22172,assumes,приобретает,acquiert
22173,assumes,предполагается,no_equality
22174,assumes,берет на себя,assume
22175,assumes,берет на себя,assumera
22176,assumes,выполняет,assume
22177,assumes,выполняет,assure
22178,assumes,выполняет,joue
22179,assumes,несет,assume
22180,assumes,полагает,suppose
22181,assumes,полагает,présume
22182,assumes,полагает,considère
22183,assumes,принимает на себя,assume
22184,assumes,принимает на себя,assumera
22185,assumes,считает,considère
22186,assumes,исходит из того,présume
22187,assumes,исходит из того,part du principe
22188,assumes,исходит из того,considère
22189,assumes,подразумевает,suppose
22190,assumes,возьмет на себя,assume
22191,assumes,возьмет на себя,assumera
22192,assumes,предполагают,suppose
22193,assumes,предполагают,supposent
22194,assumes,приобретают,acquiert
22195,assumes,вступает на,no_equality
22196,contriving,изобретение,no_equality
22197,expunged,вычеркнута,no_equality
22198,expunged,вычеркнут,supprimé
22199,expunged,вычеркнут,radié
22200,expunged,изъята,supprimé
22201,expunged,судимости,no_equality
22202,expunged,удалена,no_equality
22203,expunged,снята,no_equality
22204,expunged,исключены,no_equality
22205,expunged,уничтожено,no_equality
22206,expunged,ликвидировано,supprimé
22207,affords,предоставляет,offre
22208,affords,предоставляет,permet
22209,affords,предоставляет,donne
22210,affords,предоставляет,accorde
22211,affords,предоставляет,fournit
22212,affords,предоставляет,confère
22213,affords,предоставляет,assure
22214,affords,предоставляет,apporte
22215,affords,предоставляет,constitue
22216,affords,дает,offre
22217,affords,дает,donne
22218,affords,дает,fournit
22219,affords,дает,apporte
22220,affords,дает,constitue
22221,affords,обеспечивает,offre
22222,affords,обеспечивает,permet
22223,affords,обеспечивает,donne
22224,affords,обеспечивает,fournit
22225,affords,обеспечивает,assure
22226,affords,обеспечивает,apporte
22227,affords,обеспечивает,garantit
22228,affords,обеспечивает,constitue
22229,affords,позволяет,offre
22230,affords,позволяет,permet
22231,affords,позволяет,donne
22232,affords,открывает перед,no_equality
22233,affords,предоставляют,offre
22234,affords,предоставляют,fournit
22235,utmosts,все возможное,no_equality
22236,utmosts,максимальную,maximale
22237,utmosts,все усилия,maximum
22238,utmosts,все усилия,aucun effort
22239,utmosts,силах,mieux
22240,utmosts,силах,possible
22241,utmosts,силах,maximum
22242,utmosts,силах,pouvoir
22243,utmosts,крайнюю,extrême
22244,utmosts,все от него зависящее,no_equality
22245,utmosts,максимальной,plus grande
22246,utmosts,максимальной,maximale
22247,utmosts,максимум усилий,no_equality
22248,utmosts,исключительную,no_equality
22249,utmosts,все от них зависящее,no_equality
22250,utmosts,предельный,no_equality
22251,utmosts,все от нее зависящее,no_equality
22252,utmosts,большое,no_equality
22253,utmosts,крайней,extrême
22254,utmosts,самым,no_equality
22255,veterinarian,ветеринарный врач,vétérinaire
22256,veterinarian,ветеринарный,no_equality
22257,telegraphic,телеграфный,télégraphique
22258,droughts,периоды засухи,sécheresse
22259,chitchat,болтовня,bavardage
22260,chitchat,болтовня,blabla
22261,chitchat,болтовня,papotage
22262,chitchat,болтать,bavarder
22263,chitchat,болтать,papoter
22264,chitchat,поболтать,bavarder
22265,chitchat,поболтать,papoter
22266,chitchat,трёп,papotage
22267,easement,сервитут,servitude
22268,easement,удобство,no_equality
22269,rejuvenating,омоложения,rajeunir
22270,rejuvenating,омоложению,no_equality
22271,rejuvenating,омолаживающими,no_equality
22272,rejuvenating,омолаживающий,no_equality
22273,rejuvenating,омолаживающие,no_equality
22274,rejuvenating,омолаживающую,no_equality
22275,rejuvenating,возрождении,no_equality
22276,Santas,сант,pères noël
22277,Santas,санты,père noël
22278,Santas,санта-клаусов,pères noël
22279,Santas,санта клаусов,no_equality
22280,Santas,санту,père noël
22281,Santas,невидимыми,no_equality
22282,Santas,деды морозы,no_equality
22283,wedged,застрял,no_equality
22284,wedged,зажата,no_equality
22285,wedged,спрятан,no_equality
22286,wedged,застряло,no_equality
22287,wedged,застряла,no_equality
22288,wedged,заклинило,no_equality
22289,wedged,втиснуто,no_equality
22290,wedged,зажат,coincé
22291,wedged,заклинил,no_equality
22292,anklet,ножной браслет,traceur
22293,transgressors,нарушителей,coupable
22294,transgressors,нарушители,no_equality
22295,transgressors,правонарушителей,coupable
22296,transgressors,правонарушителей,contrevenant
22297,transgressors,"злодеям причтён""",no_equality
22298,transgressors,ќарушители,no_equality
22299,abjurer,отказаться,no_equality
22300,abjurer,отречься,no_equality
22301,abjurer,отрекаюсь,no_equality
22302,abjurer,отказались от,no_equality
22303,inoculant,прививочный материал,no_equality
22304,inoculant,вакцину,no_equality
22305,pedagogies,педагогических приемов,pédagogie
22306,pedagogies,педагогов,no_equality
22307,deadlocks,тупиковых ситуаций,impasse
22308,deadlocks,тупиковые ситуации,impasse
22309,deadlocks,тупиковыми ситуациями,no_equality
22310,deadlocks,тупиков,no_equality
22311,deadlocks,из тупика,blocage
22312,deadlocks,заторы,no_equality
22313,deadlocks,тупиками,no_equality
22314,deadlocks,тупики,impasse
22315,deadlocks,тупике,impasse
22316,tubas,тубаса,no_equality
22317,tubas,тубы,no_equality
22318,tubas,тубасе,no_equality
22319,ens,сетевые службы предприятия,no_equality
22320,ens,впш,no_equality
22321,bumpinesses,предприятий,entreprise
22322,bumpinesses,предприятий,société
22323,bumpinesses,предприятий,entrepreneur
22324,bumpinesses,предприятий,pme
22325,bumpinesses,предприятия,no_equality
22326,bumpinesses,бизнеса,entreprise
22327,bumpinesses,бизнеса,commerce
22328,bumpinesses,бизнеса,affaire
22329,bumpinesses,бизнеса,société
22330,bumpinesses,бизнеса,business
22331,bumpinesses,предприятиям,entreprise
22332,bumpinesses,предприятиям,société
22333,bumpinesses,предприятиям,pme
22334,bumpinesses,предприятиями,entreprise
22335,bumpinesses,предприятиями,société
22336,bumpinesses,компаний,entreprise
22337,bumpinesses,компаний,société
22338,bumpinesses,бизнес,entreprise
22339,bumpinesses,бизнес,commerce
22340,bumpinesses,бизнес,affaire
22341,bumpinesses,бизнес,activité
22342,bumpinesses,бизнес,société
22343,bumpinesses,бизнес,métier
22344,bumpinesses,бизнес,business
22345,bumpinesses,предприятиях,entreprise
22346,bumpinesses,предприятиях,exploitation
22347,bumpinesses,деловых кругов,entreprise
22348,bumpinesses,деловых кругов,entrepreneur
22349,bumpinesses,деловых кругов,business
22350,bumpinesses,предпринимателей,entreprise
22351,bumpinesses,предпринимателей,entrepreneur
22352,bumpinesses,предпринимателей,business
22353,bumpinesses,предпринимателей,commerçant
22354,bumpinesses,деловые круги,no_equality
22355,bumpinesses,предпринимательской деятельности,commerce
22356,bumpinesses,предпринимательской деятельности,affaire
22357,bumpinesses,предпринимательской деятельности,business
22358,bumpinesses,предпринимательства,entreprise
22359,bumpinesses,предпринимательства,commerce
22360,bumpinesses,предпринимательства,affaire
22361,bumpinesses,предпринимательства,entrepreneur
22362,bumpinesses,дело,affaire
22363,bumpinesses,бизнесом,entreprise
22364,bumpinesses,бизнесом,commerce
22365,bumpinesses,бизнесом,affaire
22366,bumpinesses,бизнесом,business
22367,excretas,экскременты,excrément
22368,excretas,экскрементов,excrément
22369,excretas,нечистот,no_equality
22370,excretas,продуктов жизнедеятельности человека,no_equality
22371,excretas,испражнений,excrément
22372,excretas,выделений,no_equality
22373,excretas,отходов жизнедеятельности человека,no_equality
22374,excretas,канализации,no_equality
22375,excretas,отходы жизнедеятельности,no_equality
22376,excretas,отходах жизнедеятельности,no_equality
22377,polarity,полярность,polarité
22378,mots,острот,no_equality
22379,awaiting,ожидает,attend
22380,awaiting,ожидает,attendent
22381,awaiting,ожидает,attente
22382,awaiting,ожидает,attendait
22383,awaiting,ожидании,attendant
22384,awaiting,ожидании,attendre
22385,awaiting,ожидают,attendent
22386,awaiting,ожидают,attendre
22387,awaiting,ожидают,attendaient
22388,awaiting,ожидают,attendu
22389,awaiting,ожидающих,en attente
22390,awaiting,ждет,no_equality
22391,awaiting,ожидающие,en attente
22392,awaiting,ждут,attend
22393,awaiting,ждут,attendent
22394,awaiting,ждут,attendant
22395,awaiting,ждут,attendait
22396,awaiting,ждут,attendre
22397,awaiting,ждут,attendaient
22398,awaiting,ждут,attendu
22399,awaiting,ждут,attendront
22400,awaiting,ожидаем,attend
22401,awaiting,ожидаем,attendons
22402,awaiting,ожидаем,attente
22403,awaiting,ожидали,attendu
22404,awaiting,ожидается,no_equality
22405,awaiting,ждем,attend
22406,awaiting,ждем,attendons
22407,awaiting,ждем,attendait
22408,awaiting,ждем,attendre
22409,awaiting,ожидал,attendu
22410,awaiting,жду,attend
22411,awaiting,жду,attendant
22412,awaiting,жду,attendre
22413,awaiting,ожидающим,en attente
22414,awaiting,еще не,no_equality
22415,awaiting,ожидание,attente
22416,awaiting,ожидание,attendre
22417,blankets,одеяла,couverture
22418,blankets,одеял,couverture
22419,blankets,одеялами,couverture
22420,blankets,одеяло,couverture
22421,blankets,одеяло,drap
22422,blankets,одеяло,doudou
22423,blankets,покрывала,couverture
22424,blankets,одеялах,couverture
22425,blankets,покрывал,couverture
22426,blankets,пледы,no_equality
22427,blankets,покрывалами,no_equality
22428,blankets,одеялом,couverture
22429,blankets,тесте,no_equality
22430,interns,стажеров,stagiaire
22431,interns,стажеров,interne
22432,interns,стажеров,stage
22433,interns,стажеры,stagiaire
22434,interns,стажеры,interne
22435,interns,интернов,stagiaire
22436,interns,интернов,interne
22437,interns,интерны,interne
22438,interns,стажерам,stagiaire
22439,interns,стажерами,stagiaire
22440,interns,интернами,no_equality
22441,interns,стажера,stagiaire
22442,interns,стажера,interne
22443,interns,интернам,no_equality
22444,interns,практикантов,stagiaire
22445,interns,стажерах,no_equality
22446,interns,практиканты,stagiaire
22447,interns,молодых специалистов,no_equality
22448,prudential,пруденциальный,no_equality
22449,prudential,пруденциальным,no_equality
22450,prudential,разумного,prudent
22451,prudential,пруденциальной,no_equality
22452,prudential,благоразумных,no_equality
22453,prudential,осмотрительное,no_equality
22454,prudential,благоразумного,no_equality
22455,prudential,разумные,no_equality
22456,scanner,сканер,scanner
22457,scanner,сканер,scanneur
22458,scanner,сканнер,scanner
22459,scanner,томограф,scanner
22460,scanner,томограф,scan
22461,scanner,сканирующее устройство,no_equality
22462,scanner,сканирующего устройства,no_equality
22463,scanner,сканнера,no_equality
22464,scanner,scanner,no_equality
22465,scanner,сетчатки,no_equality
22466,conducted,провела,a mené
22467,conducted,провела,a procédé
22468,conducted,провела,a organisé
22469,conducted,проведены,effectué
22470,conducted,проведены,entrepris
22471,conducted,проведены,tenu
22472,conducted,проведены,menée
22473,conducted,проведено,effectué
22474,conducted,проведено,réalisé
22475,conducted,проведено,menée
22476,conducted,провел,effectué
22477,conducted,провел,a mené
22478,conducted,провел,a procédé
22479,conducted,провел,a organisé
22480,conducted,проводятся,no_equality
22481,conducted,провели,effectué
22482,conducted,провели,réalisé
22483,conducted,провели,entrepris
22484,conducted,проводится,no_equality
22485,conducted,проведенных,entrepris
22486,conducted,проведенных,tenu
22487,conducted,проведенных,conduite
22488,conducted,проводились,no_equality
22489,conducted,провело,a mené
22490,conducted,провело,a procédé
22491,conducted,провело,a organisé
22492,conducted,проведен,no_equality
22493,conducted,проведенного,réalisé
22494,conducted,проведенного,tenu
22495,conducted,проведенного,conduite
22496,conducted,проведена,effectué
22497,conducted,проведена,réalisé
22498,conducted,проведена,entrepris
22499,conducted,проведена,tenu
22500,conducted,проведена,menée
22501,conducted,осуществляется,no_equality
22502,conducted,проводимых,conduite
22503,shielding,защиты,protection
22504,shielding,защиты,protège
22505,shielding,щит,écran
22506,shielding,щит,bouclier
22507,shielding,ограждение,no_equality
22508,shielding,экранирование,no_equality
22509,shielding,защищая,no_equality
22510,shielding,защитить,no_equality
22511,shielding,оградить,no_equality
22512,shielding,ограждая,no_equality
22513,shielding,защитный экран,bouclier
22514,shielding,защиту,protection
22515,shielding,защиту,protégeant
22516,shielding,защиту,protège
22517,shielding,защита,protection
22518,shielding,защита,bouclier
22519,shielding,защита,protégeant
22520,shielding,защита,protège
22521,provoking,провоцирование,provoquer
22522,provoking,провоцирование,provocation
22523,provoking,провоцируя,provoquant
22524,provoking,провоцируя,provoquent
22525,provoking,спровоцировать,provoquer
22526,provoking,спровоцировать,susciter
22527,provoking,провоцирует,provoque
22528,provoking,провоцирует,provoquent
22529,provoking,провоцировать,provoquer
22530,provoking,спровоцировав,no_equality
22531,provoking,провоцируют,provoquer
22532,provoking,провоцируют,provoquant
22533,provoking,провоцируют,provoque
22534,provoking,провоцируют,provoquent
22535,provoking,провоцировал,provocation
22536,provoking,провоцировал,provoquait
22537,provoking,провокации,provocation
22538,provoking,вызвав,provoquant
22539,provoking,вызвав,suscitant
22540,provoking,вызывая,provoquant
22541,provoking,вызывая,suscitant
22542,provoking,вызывая,suscitent
22543,provoking,провоцируешь,provoquer
22544,provoking,что вызвало,provoquant
22545,Tucsons,тусон,tucson
22546,Tucsons,тусон,tuscon
22547,Tucsons,тусоне,tucson
22548,Tucsons,тусон,tucson
22549,Tucsons,тусон,tuscon
22550,Tucsons,тусона,tucson
22551,Tucsons,туксоне,no_equality
22552,Tucsons,таксоне,tucson
22553,Tucsons,туксон,no_equality
22554,Tucsons,таксона,no_equality
22555,smokestacks,дымовые трубы,cheminée
22556,wads,междугородная служба передачи данных,no_equality
22557,wads,пачки,liasse
22558,tablets,таблеток,comprimé
22559,tablets,таблеток,pilule
22560,tablets,таблетки,comprimé
22561,tablets,таблетки,cachet
22562,tablets,таблетки,pilule
22563,tablets,таблетки,somnifère
22564,tablets,таблетки,médicament
22565,tablets,планшеты,tablette
22566,tablets,таблетками,pilule
22567,tablets,таблетками,médicament
22568,tablets,таблетках,comprimé
22569,tablets,таблетках,cachet
22570,tablets,таблетках,pilule
22571,tablets,таблетках,médicament
22572,tablets,планшетов,tablette
22573,tablets,планшетах,tablette
22574,tablets,таблички,no_equality
22575,tablets,планшетных компьютеров,no_equality
22576,tablets,табличках,no_equality
22577,tablets,планшетные компьютеры,no_equality
22578,tablets,табличек,plaquette
22579,commingling,объединения,no_equality
22580,commingling,смешение,mélange
22581,commingling,смешивания,mélange
22582,commingling,смешивания,mélanger
22583,crushers,дробилки,no_equality
22584,crushers,дробилок,no_equality
22585,crushers,измельчителей,no_equality
22586,crushers,дробильных,no_equality
22587,crushers,"""сокрушители кеглей""",no_equality
22588,crushers,крашерс,no_equality
22589,crushers,крашеры,no_equality
22590,goose,гусь,oie
22591,goose,гусиный,no_equality
22592,goose,гус,goose
22593,goose,мурашки,no_equality
22594,goose,гусёнок,no_equality
22595,goose,гусыню,no_equality
22596,goose,гусыней,no_equality
22597,goose,курицу,no_equality
22598,goose,гусиным,no_equality
22599,goose,гусыни,no_equality
22600,goose,гусиное,no_equality
22601,goose,гуз,no_equality
22602,tuxes,смокинги,no_equality
22603,tuxes,смокингах,smoking
22604,tuxes,смокинг,costume
22605,tuxes,смокинг,smoking
22606,tuxes,смокингами,no_equality
22607,rescinding,отмена,annulation
22608,rescinding,отмена,annuler
22609,rescinding,отмена,abrogation
22610,rescinding,отмена,annule
22611,rescinding,аннулировав,no_equality
22612,remunerator,вознаграждение,no_equality
22613,remunerator,оплата,no_equality
22614,remunerator,заработная плата,no_equality
22615,remunerator,компенсация,no_equality
22616,remunerator,оплаты труда,no_equality
22617,remunerator,заработной платы,no_equality
22618,remunerator,оплате труда,no_equality
22619,remunerator,оплату труда,no_equality
22620,remunerator,заработную плату,no_equality
22621,remunerator,труд,no_equality
22622,remunerator,жалование,no_equality
22623,remunerator,возмещение,no_equality
22624,remunerator,заработной плате,no_equality
22625,remunerator,оплатой труда,no_equality
22626,remunerator,оклада,no_equality
22627,remunerator,зарплаты,no_equality
22628,inflexible,негибкий,inflexible
22629,inflexible,жестких,rigide
22630,inflexible,негибкого,no_equality
22631,inflexible,негибкую,no_equality
22632,inflexible,негибкость,no_equality
22633,inflexible,жесткие,rigide
22634,inflexible,жестким,rigide
22635,inflexible,жесткий,rigide
22636,inflexible,жесткой,no_equality
22637,inflexible,жесткими,no_equality
22638,assemblers,сборочными предприятиями,no_equality
22639,assemblers,сборщикам,no_equality
22640,assemblers,сборочные предприятия,no_equality
22641,assemblers,сборщиков,no_equality
22642,assemblers,сборке,no_equality
22643,assemblers,сборщики,no_equality
22644,assemblers,сборкой,no_equality
22645,questionings,допросов,interrogatoire
22646,constrained,ограничены,no_equality
22647,constrained,сдерживается,no_equality
22648,constrained,ограничивается,no_equality
22649,constrained,ограничена,no_equality
22650,constrained,ограничиваются,no_equality
22651,constrained,ограничивает,no_equality
22652,constrained,ограничен,no_equality
22653,constrained,сдерживаются,no_equality
22654,constrained,ограниченными,no_equality
22655,constrained,вынуждены,no_equality
22656,constrained,затрудняется,no_equality
22657,constrained,ограниченным,no_equality
22658,constrained,ограничено,no_equality
22659,constrained,препятствуют,no_equality
22660,constrained,ограничивают,no_equality
22661,rank,ранг,rang
22662,rank,звание,rang
22663,rank,звание,grade
22664,rank,звание,titre
22665,rank,должность,titre
22666,rank,статус,rang
22667,rank,ранжирование,classement
22668,rank,занимают,no_equality
22669,rank,чин,rang
22670,rank,чин,grade
22671,rank,рейтинг,classement
22672,rank,чина,no_equality
22673,rank,ранжировать,classer
22674,rank,классифицировать,classer
22675,rank,служебное положение,no_equality
22676,rank,шеренга,rangée
22677,rank,разряд,rang
22678,rank,класс,no_equality
22679,rank,сан,no_equality
22680,rank,rank,no_equality
22681,rivers,РР,no_equality
22682,suggester,предложено,no_equality
22683,suggester,предложил,no_equality
22684,suggester,предлагает,no_equality
22685,suggester,предложила,no_equality
22686,suggester,предложили,no_equality
22687,suggester,предлагается,no_equality
22688,suggester,высказано мнение о том,no_equality
22689,suggester,предлагалось,no_equality
22690,suggester,высказано предположение о том,no_equality
22691,suggester,предлагаемые,no_equality
22692,suggester,мнению,no_equality
22693,suggester,предложенные,no_equality
22694,suggester,предложенных,no_equality
22695,suggester,отмечено,no_equality
22696,suggester,предлагаемый,no_equality
22697,paraplegics,паралитиков,no_equality
22698,lace,кружево,dentelle
22699,lace,кружевной,en dentelle
22700,lace,лейс,no_equality
22701,lace,шнурок,lacet
22702,lace,шнурок,cordon
22703,lace,лэйс,no_equality
22704,lace,лейси,no_equality
22705,usurpation,узурпация,usurpation
22706,usurpation,присвоение,no_equality
22707,usurpation,захват,usurpation
22708,usurpation,самоуправство,no_equality
22709,downing,даунинг,downing
22710,downing,был сбит,no_equality
22711,downing,были сбиты,no_equality
22712,downing,опускать,no_equality
22713,downing,вынужденная посадка,atterrissage forcé
22714,downing,даунинга,no_equality
22715,chelating,хелатообразователь,no_equality
22716,tracked,отследили,a localisé
22717,tracked,отследил,suivre
22718,tracked,отследил,ai traqué
22719,tracked,отследил,a localisé
22720,tracked,отслеживаются,surveillé
22721,tracked,отслеживать,no_equality
22722,tracked,нашли,a trouvé
22723,tracked,отследить,no_equality
22724,tracked,отслеживание,no_equality
22725,tracked,отслеживается,no_equality
22726,tracked,выслеживал,ai traqué
22727,tracked,отслеживали,no_equality
22728,tracked,отслеживал,no_equality
22729,tracked,отслеживаемых,no_equality
22730,tracked,проследил за,no_equality
22731,tracked,проследили за,no_equality
22732,tracked,гусеничные,no_equality
22733,compressor,компрессор,compresseur
22734,compressor,компрессор,soufflante
22735,compressor,компрессорный,no_equality
22736,compressor,компрессорных,no_equality
22737,compressor,компрессоре,no_equality
22738,compressor,компрессорную,no_equality
22739,compressor,compressor,no_equality
22740,loathsome,отвратительный,répugnant
22741,loathsome,отвратительный,détestable
22742,loathsome,отвратительный,odieux
22743,loathsome,отвратительный,dégoûtant
22744,loathsome,отвратительный,hideux
22745,loathsome,отвратительный,abominable
22746,loathsome,омерзительный,abominable
22747,loathsome,гнусный,odieux
22748,loathsome,гнусный,ignoble
22749,loathsome,гнусный,infâme
22750,loathsome,гнусный,abominable
22751,loathsome,отталкивающий,no_equality
22752,loathsome,мерзкая,dégoûtant
22753,loathsome,противным,répugnant
22754,loathsome,отвратительно,répugnant
22755,loathsome,отвратительно,odieux
22756,loathsome,отвратительно,dégoûtant
22757,loathsome,мерзкие,dégoûtant
22758,loathsome,мерзопакостный,no_equality
22759,rhetorical,риторический,no_equality
22760,rhetorical,риторически,no_equality
22761,gritting,скрежет,grincement
22762,wholes,хелен,no_equality
22763,wholes,целые ядра,no_equality
22764,wholes,целые плоды,no_equality
22765,wholes,целых плодов,no_equality
22766,prosthesis,протез,prothèse
22767,picture,картина,photo
22768,picture,картина,image
22769,picture,картина,tableau
22770,picture,картина,film
22771,picture,картина,portrait
22772,picture,картина,situation
22773,picture,картина,vision
22774,picture,представление,idée
22775,picture,представление,vue
22776,picture,представление,vision
22777,picture,представление,représentation
22778,picture,портрет,photo
22779,picture,портрет,tableau
22780,picture,портрет,portrait
22781,picture,портрет,dessin
22782,picture,фильм,film
22783,picture,иллюстрация,image
22784,picture,иллюстрация,illustration
22785,picture,фотографировать,photographier
22786,picture,изображать,représenter
22787,picture,представить,imaginer
22788,picture,картинный,no_equality
22789,slaved,скорректированный,no_equality
22790,waggling,покачивание,no_equality
22791,tasters,дегустаторов,no_equality
22792,tasters,дегустаторы,no_equality
22793,pacemakers,кардиостимуляторы,no_equality
22794,pacemakers,электрокардиостимуляторов,no_equality
22795,pacemakers,а сейчас гэрри и миротворцы,no_equality
22796,pacemakers,кардиостимуляторов,no_equality
22797,pacemakers,кардиостимуляторами,no_equality
22798,cremated,кремировали,no_equality
22799,cremated,кремирован,été incinéré
22800,cremated,кремирована,été incinérée
22801,cremated,кремировал,no_equality
22802,cremated,кремированы,no_equality
22803,cremated,кремировать,no_equality
22804,cremated,кремируют,no_equality
22805,cremated,кремировано,été incinéré
22806,cremated,кремированные,no_equality
22807,cremated,кремация,crémation
22808,galleons,галеонов,no_equality
22809,galleons,галеоны,no_equality
22810,coming,предстоящий,à venir
22811,coming,предстоящий,prochain
22812,coming,предстоящий,qui s'annonce
22813,coming,приход,venue
22814,coming,приход,arrivée
22815,coming,приход,avènement
22816,coming,пришествие,venue
22817,coming,пришествие,avènement
22818,coming,прибытие,arrivée
22819,coming,придет,no_equality
22820,coming,идет,no_equality
22821,coming,пришли,no_equality
22822,coming,иду,no_equality
22823,coming,пришел,no_equality
22824,coming,идешь,no_equality
22825,coming,приедет,no_equality
22826,coming,придут,no_equality
22827,coming,идут,no_equality
22828,coming,придешь,no_equality
22829,coming,приходить,no_equality
22830,coming,пришла,no_equality
22831,coming,едет,no_equality
22832,coming,приду,no_equality
22833,coming,наступление,no_equality
22834,electing,избрание,élection
22835,electing,избрание,élire
22836,electing,избрание,avoir élu
22837,electing,выбор,no_equality
22838,electing,выбравший,no_equality
22839,electing,избирающий,no_equality
22840,curdling,свертывание,coagulation
22841,TBS,«тбс»,no_equality
22842,determinants,определяющих факторов,no_equality
22843,determinants,детерминанты,déterminant
22844,determinants,определяющие факторы,déterminant
22845,determinants,детерминантов,déterminant
22846,determinants,детерминантам,no_equality
22847,determinants,определяющими факторами,no_equality
22848,determinants,"факторов, определяющих",déterminant
22849,determinants,"факторов, определяющих",facteur
22850,determinants,детерминантами,no_equality
22851,determinants,"факторами, определяющими",no_equality
22852,determinants,детерминант,déterminant
22853,determinants,"факторы, определяющие",déterminant
22854,determinants,"факторы, определяющие",facteur
22855,determinants,причин,facteur
22856,determinants,определяющих факторах,déterminant
22857,determinants,определяющих факторах,facteur
22858,determinants,детерминантах,no_equality
22859,determinants,предпосылок,no_equality
22860,refine,совершенствовать,affiner
22861,refine,совершенствовать,améliorer
22862,refine,совершенствовать,perfectionner
22863,refine,совершенствовать,amélioration
22864,refine,уточнить,affiner
22865,refine,уточнить,préciser
22866,refine,усовершенствовать,affiner
22867,refine,усовершенствовать,améliorer
22868,refine,усовершенствовать,perfectionner
22869,refine,усовершенствовать,parfaire
22870,refine,усовершенствовать,amélioration
22871,refine,доработать,affiner
22872,refine,доработать,perfectionner
22873,refine,доработать,préciser
22874,refine,доработать,mettre au point
22875,refine,уточнять,affiner
22876,refine,уточнять,préciser
22877,refine,совершенствования,no_equality
22878,refine,совершенствованию,no_equality
22879,refine,доработки,no_equality
22880,refine,уточнению,préciser
22881,refine,доработке,affiner
22882,refine,усовершенствования,no_equality
22883,refine,улучшить,améliorer
22884,refine,улучшить,amélioration
22885,refine,дорабатывать,affiner
22886,refine,скорректировать,ajuster
22887,refine,детализировать,no_equality
22888,refine,очищать,no_equality
22889,refine,очистить,no_equality
22890,refine,доработку,no_equality
22891,winter,зима,hiver
22892,winter,зимнее время,hiver
22893,winter,зимний,hivernal
22894,winter,винтер,winter
22895,winter,уинтер,winter
22896,winter,винтера,winter
22897,winter,уинтера,winter
22898,winter,перезимовать,no_equality
22899,winter,зимовать,no_equality
22900,winter,проводить зиму,hiver
22901,winter,озимой,no_equality
22902,winter,озимых,no_equality
22903,winter,зимою,no_equality
22904,winter,уинтеру,winter
22905,winter,винтером,winter
22906,winter,winter,no_equality
22907,slowly,медленно,lentement
22908,slowly,медленно,doucement
22909,slowly,медленно,progressivement
22910,slowly,постепенно,lentement
22911,slowly,постепенно,progressivement
22912,slowly,постепенно,peu à peu
22913,slowly,постепенно,petit à petit
22914,slowly,постепенно,graduellement
22915,slowly,потихоньку,lentement
22916,slowly,потихоньку,doucement
22917,slowly,потихоньку,tranquillement
22918,slowly,потихоньку,petit à petit
22919,slowly,медленными темпами,no_equality
22920,slowly,помедленнее,doucement
22921,slowly,медленное,no_equality
22922,slowly,медленного,no_equality
22923,slowly,понемногу,peu à peu
22924,slowly,понемногу,petit à petit
22925,slowly,тихо,doucement
22926,slowly,тихо,tranquillement
22927,slowly,тихо,calmement
22928,slowly,не спеша,no_equality
22929,slowly,медленным,no_equality
22930,slowly,постепенное,no_equality
22931,slowly,низкими темпами,lentement
22932,slowly,медленной,no_equality
22933,slowly,мало-помалу,peu à peu
22934,slowly,мало-помалу,petit à petit
22935,pulsations,пульсации,no_equality
22936,reunified,воссоединенный,no_equality
22937,overhauling,пересмотр,révision
22938,overhauling,пересмотр,réviser
22939,overhauling,капитальный ремонт,rénovation
22940,overhauling,реорганизацию,no_equality
22941,overhauling,перестройке,no_equality
22942,absorb,поглощать,absorber
22943,absorb,поглощать,absorption
22944,absorb,поглощать,capter
22945,absorb,впитывать,absorber
22946,absorb,всасывать,no_equality
22947,absorb,принимать,accueillir
22948,absorb,амортизировать,amortir
22949,absorb,воспринимать,no_equality
22950,absorb,покрыть,absorber
22951,absorb,покрыть,financer
22952,absorb,покрыть,assumer
22953,absorb,гасить,no_equality
22954,absorb,захватывать,no_equality
22955,augurs,служит хорошим,no_equality
22956,augurs,является добрым,augure
22957,augurs,сулит ничего,no_equality
22958,augurs,предвещает,laisse présager
22959,augurs,служит добрым предзнаменованием,no_equality
22960,augurs,позволяет надеяться,no_equality
22961,augurs,дает основания,augure
22962,augurs,является надежным залогом,no_equality
22963,augurs,является хорошим знаком,no_equality
22964,augurs,сулит хорошие перспективы,no_equality
22965,augurs,служит надежным залогом,no_equality
22966,toppings,украшение,no_equality
22967,toppings,начинку,no_equality
22968,toppings,начинки,garniture
22969,toppings,глазури,no_equality
22970,toppings,глазурью,no_equality
22971,toppings,двойной начинкой,garniture
22972,toppings,даже начинка осталась,garniture
22973,Moorishes,питает,no_equality
22974,enchanting,очаровательный,no_equality
22975,enchanting,феерический,no_equality
22976,enchanting,феерия,no_equality
22977,enchanting,очарование,charme
22978,enchanting,очарование,enchantement
22979,enchanting,очаровывание,no_equality
22980,enchanting,очаровывающий,no_equality
22981,hide_out,убежище,planque
22982,hide_out,убежище,cachette
22983,hide_out,убежище,refuge
22984,hide_out,укрытие,planque
22985,hide_out,укрытие,cachette
22986,hide_out,укрытие,refuge
22987,hide_out,укрытие,cache
22988,hide_out,логово,no_equality
22989,hide_out,квартира,no_equality
22990,hide_out,прибежище,refuge
22991,hide_out,секретное место,planque
22992,hide_out,секретное место,cachette
22993,hide_out,пристанищем,refuge
22994,hide_out,тайник,planque
22995,hide_out,тайник,cachette
22996,hide_out,тайник,cache
22997,raper,насильник,no_equality
22998,raper,насильница,no_equality
22999,greenflies,тли,no_equality
23000,orthopedics,ортопедия,orthopédie
23001,omitting,исключение,no_equality
23002,omitting,опуская,no_equality
23003,omitting,опустить,no_equality
23004,omitting,исключив,no_equality
23005,omitting,неупоминание,no_equality
23006,omitting,опустив,no_equality
23007,omitting,пренебрегая,no_equality
23008,omitting,опущена,no_equality
23009,omitting,непредоставления,no_equality
23010,omitting,упускаем,no_equality
23011,omitting,игнорирования,no_equality
23012,batons,дубинками,bâton
23013,batons,дубинками,coups de matraque
23014,batons,дубинки,bâton
23015,batons,дубинок,bâton
23016,batons,жезлы,bâton
23017,batons,палками,no_equality
23018,educate,воспитывать,éduquer
23019,educate,воспитывать,former
23020,educate,воспитывать,élever
23021,educate,обучать,éduquer
23022,educate,обучать,former
23023,educate,обучать,instruire
23024,educate,обучать,apprendre
23025,educate,обучать,enseigner
23026,educate,просвещать,éduquer
23027,educate,просвещать,sensibiliser
23028,educate,просвещать,instruire
23029,educate,просвещать,enseigner
23030,educate,обучаться,apprendre
23031,educate,обучаться,enseigner
23032,educate,образовывать,former
23033,educate,развивать,no_equality
23034,overcomer,преодолеть,no_equality
23035,overcomer,преодолевать,no_equality
23036,overcomer,решить,no_equality
23037,overcomer,устранить,no_equality
23038,overcomer,справиться,no_equality
23039,overcomer,решать,no_equality
23040,overcomer,выйти,no_equality
23041,overcomer,победить,no_equality
23042,overcomer,покончить,no_equality
23043,overcomer,ликвидировать,no_equality
23044,overcomer,побороть,no_equality
23045,overcomer,преодоления,no_equality
23046,overcomer,преодолению,no_equality
23047,overcomer,преодолении,no_equality
23048,overcomer,решения,no_equality
23049,overcomer,устранения,no_equality
23050,blabbing,болтать,bavardage
23051,blabbing,болтать,jacasser
23052,blabbing,разболтал,no_equality
23053,blabbing,болтаю,no_equality
23054,blabbing,трепаться,no_equality
23055,blabbing,выболтал,no_equality
23056,blabbing,разболтает,no_equality
23057,blabbing,разболтаешь,no_equality
23058,blabbing,болтал,no_equality
23059,blabbing,разболтала,no_equality
23060,blabbing,болтает,no_equality
23061,courts-martial,военных трибуналов,tribunaux militaires
23062,courts-martial,военные суды,tribunaux militaires
23063,courts-martial,военные суды,tribunal militaire
23064,courts-martial,военного трибунала,tribunaux militaires
23065,courts-martial,военного трибунала,tribunal militaire
23066,courts-martial,военно-полевые суды,no_equality
23067,publicizer,освещаются,no_equality
23068,publicizer,опубликованы,publié
23069,publicizer,опубликованы,rendues publiques
23070,publicizer,опубликованы,rendus publics
23071,publicizer,освещение,no_equality
23072,publicizer,публикуются,no_equality
23073,publicizer,пропагандировать,no_equality
23074,publicizer,обнародованы,rendu public
23075,publicizer,обнародованы,rendues publiques
23076,publicizer,обнародованы,rendus publics
23077,publicizer,пропагандируются,no_equality
23078,publicizer,пропагандируется,no_equality
23079,publicizer,освещается,no_equality
23080,publicizer,освещаться,no_equality
23081,publicizer,популяризации,no_equality
23082,publicizer,пропагандирует,no_equality
23083,publicizer,обнародован,diffusé
23084,publicizer,обнародован,publié
23085,publicizer,обнародован,rendu public
23086,publicizer,обнародован,rendue publique
23087,publicizer,обнародовать,no_equality
23088,publicizer,опубликовано,publié
23089,publicizer,опубликовано,rendue publique
23090,reliever,питчер,no_equality
23091,reliever,ослабитель,no_equality
23092,reliever,обезболивающее средство,no_equality
23093,mathematics,математика,no_equality
23094,mathematics,математик,mathématicien
23095,mathematics,математических,mathématique
23096,mathematics,математической,no_equality
23097,mathematics,математические,mathématique
23098,mathematics,арифметике,no_equality
23099,mathematics,математическую,no_equality
23100,mathematics,математическими,mathématique
23101,mathematics,математическое,no_equality
23102,mathematics,математического,no_equality
23103,strip,полоса,bande
23104,strip,полоса,piste
23105,strip,полосы,bande
23106,strip,полосы,piste
23107,strip,стрип,strip
23108,strip,сектор,no_equality
23109,strip,полоска,bande
23110,strip,полоска,barre
23111,strip,раздеться,se déshabiller
23112,strip,лишить,dépouiller
23113,strip,лишить,enlever
23114,strip,раздеваться,se déshabiller
23115,strip,стрипе,strip
23116,strip,стриптиз,strip
23117,strip,стриптиз,strip-tease
23118,strip,стриптиз,striptease
23119,strip,раздеть,déshabiller
23120,strip,раздеть,dénuder
23121,strip,разбирать,démonter
23122,strip,снимать,enlever
23123,strip,раздевать,déshabiller
23124,strip,ленты,ruban
23125,torturous,мучительный,no_equality
23126,torturous,мучительно,no_equality
23127,torturous,себе являются пытками,torture
23128,torturous,пытка,no_equality
23129,eyed,глазый,no_equality
23130,Vistulas,свищей,no_equality
23131,Vistulas,свищи,no_equality
23132,Vistulas,фистул,no_equality
23133,Vistulas,фистулами,no_equality
23134,Vistulas,фистулу,no_equality
23135,Vistulas,возникают фистулы,no_equality
23136,Vistulas,о фистулах,no_equality
23137,palmar,пальмарный,no_equality
23138,inoculation,вакцинация,vaccination
23139,inoculation,прививка,vaccination
23140,inoculation,прививка,vaccin
23141,inoculation,вакцина,vaccin
23142,inoculation,иммунизации,vaccination
23143,inoculation,иммунизации,vaccin
23144,inoculation,инокуляции,vaccination
23145,braced,терзал,no_equality
23146,braced,подступался к,no_equality
23147,braced,приготовился,no_equality
23148,daintiness,утонченность,no_equality
23149,pathology,патология,pathologie
23150,pathology,фитопатология,no_equality
23151,pathology,патологический,no_equality
23152,arbiter,арбитр,arbitre
23153,arbiter,арбитр,arbiter
23154,arbiter,повелитель,no_equality
23155,arbiter,властитель,no_equality
23156,arbiter,судьей,arbitre
23157,arbiter,судьей,juge
23158,arbiter,судья,arbitre
23159,arbiter,судья,juge
23160,arbiter,инстанции,no_equality
23161,enamels,эмалей,no_equality
23162,enamels,эмали,émail
23163,consolidation,консолидация,consolidation
23164,consolidation,консолидация,regroupement
23165,consolidation,укрепление,consolidation
23166,consolidation,укрепление,renforcement
23167,consolidation,укрепление,affermissement
23168,consolidation,укрепления,consolidation
23169,consolidation,укрепления,renforcement
23170,consolidation,упрочение,consolidation
23171,consolidation,упрочение,renforcement
23172,consolidation,объединение,regroupement
23173,consolidation,объединение,unification
23174,consolidation,объединение,fusion
23175,consolidation,объединения,regroupement
23176,consolidation,объединения,unification
23177,consolidation,объединения,fusion
23178,consolidation,закрепление,consolidation
23179,consolidation,обобщение,no_equality
23180,consolidation,укрупнение,regroupement
23181,consolidation,усиление,renforcement
23182,consolidation,сведения воедино,no_equality
23183,consolidation,сводный,no_equality
23184,consolidation,сведение,regroupement
23185,consolidation,уплотнение,no_equality
23186,consolidation,укрупнению,no_equality
23187,consolidation,консолидационного,no_equality
23188,flavoring,приправа,arôme
23189,flavoring,ароматизатор,no_equality
23190,guardianships,опекунства,no_equality
23191,guardianships,опекунство,tuteur
23192,monetarism,монетаризм,monétarisme
23193,monetarism,монетаризма,no_equality
23194,tramplers,попирает,no_equality
23195,tramplers,растаптывает,no_equality
23196,passions,страсти,désir
23197,passions,страстей,no_equality
23198,passions,страсть,passion
23199,passions,страстями,passion
23200,passions,увлечения,passion
23201,passions,страстях,no_equality
23202,passions,пристрастий,passion
23203,passions,увлечениях,no_equality
23204,passions,страстям,no_equality
23205,passions,увлечениями,no_equality
23206,passions,увлечений,passion
23207,passions,пристрастиях,no_equality
23208,passions,пристрастия,passion
23209,passions,любимые занятия,passion
23210,excuses,оправдания,no_equality
23211,excuses,оправданий,excuse
23212,excuses,отговорки,no_equality
23213,excuses,извинения,excuse
23214,excuses,отговорок,excuse
23215,excuses,предлоги,excuse
23216,excuses,предлоги,prétexte
23217,excuses,извинений,no_equality
23218,excuses,оправдание,excuse
23219,excuses,оправдание,prétexte
23220,excuses,предлогов,prétexte
23221,excuses,отмазки,no_equality
23222,excuses,оправданиями,no_equality
23223,excuses,предлогами,prétexte
23224,excuses,отмазок,no_equality
23225,excuses,предлог,prétexte
23226,excuses,извиниться,no_equality
23227,psychoanalyzed,к психоаналитику,no_equality
23228,psychoanalyzed,психоанализ,no_equality
23229,lingers,задерживается,s'attarde
23230,lingers,затягивается,no_equality
23231,lingers,займытолькозатягиваютэту,no_equality
23232,Tuscaloosas,таскалуса,no_equality
23233,Tuscaloosas,тускалусе,tuscaloosa
23234,Tuscaloosas,таскалуса,no_equality
23235,Tuscaloosas,таскалусе,no_equality
23236,Tuscaloosas,тускалузе,no_equality
23237,Tuscaloosas,таскалусы,no_equality
23238,Tuscaloosas,талкслоу,no_equality
23239,Tuscaloosas,тускалуза,no_equality
23240,secondments,прикомандирования сотрудников,détachement
23241,secondments,прикомандирование сотрудников,no_equality
23242,secondments,откомандирования сотрудников,no_equality
23243,secondments,откомандирование сотрудников,détachement
23244,secondments,прикомандированных сотрудников,détachement
23245,secondments,прикомандированными,no_equality
23246,secondments,прикомандировании сотрудников,détachement
23247,secondments,практику командирования сотрудников,no_equality
23248,secondments,командирование сотрудников,détachement
23249,secondments,командированию сотрудников,no_equality
23250,secondments,прикомандированиях,no_equality
23251,concluded,заключенный,no_equality
23252,concluded,заключивший,no_equality
23253,cohabiting,совместно проживающих,vivant ensemble
23254,cohabiting,сожительствующих,no_equality
23255,cohabiting,сожительства,cohabitation
23256,cohabiting,сожительства,union libre
23257,cohabiting,совместно проживающие,no_equality
23258,cohabiting,сожительство,cohabitation
23259,cohabiting,сожительствующие,no_equality
23260,cohabiting,совместно проживающим,conjoint
23261,cohabiting,совместного проживания,cohabitation
23262,cohabiting,сожительствует,no_equality
23263,cohabiting,сожительствующий,no_equality
23264,cohabiting,гражданском браке,union libre
23265,cohabiting,консенсуальном союзе,no_equality
23266,cohabiting,сожитель,concubin
23267,cohabiting,сожителей,concubin
23268,Elviss,элвиса,no_equality
23269,Elviss,элвисом,no_equality
23270,Elviss,элвису,no_equality
23271,Elviss,элвисе,no_equality
23272,Elviss,elvis,no_equality
23273,shites,говнюки,no_equality
23274,reprisal,репрессалия,représaille
23275,reprisal,репрессия,no_equality
23276,reprisal,ответный,no_equality
23277,zooming,масштабирование,zoom
23278,zooming,мчится,no_equality
23279,slags,шлаков,scorie
23280,slags,шлаки,no_equality
23281,slags,шлак,scorie
23282,slags,шлак,laitier
23283,subjoining,добавление,no_equality
23284,heathens,язычников,païen
23285,heathens,язычники,païen
23286,heathens,язычниками,païen
23287,heathens,дикарей,no_equality
23288,heathens,дикари,sauvage
23289,heathens,варварами,barbare
23290,heathens,варварами,sauvage
23291,heathens,нехристи,no_equality
23292,glaciers,ледников,glaciaire
23293,glaciers,ледники,glacier
23294,glaciers,ледниках,glacier
23295,glaciers,ледниками,glacier
23296,yokes,ярем,no_equality
23297,triumphed,победила,no_equality
23298,triumphed,одержал победу,vaincu
23299,triumphed,победили,no_equality
23300,triumphed,восторжествовал,no_equality
23301,triumphed,одержала победу,no_equality
23302,triumphed,торжествует,no_equality
23303,triumphed,торжествовала,no_equality
23304,triumphed,одержали верх,no_equality
23305,triumphed,восторжествовала,a triomphé
23306,triumphed,восторжествовали,no_equality
23307,triumphed,одержали победу,no_equality
23308,protest,протест,protestation
23309,protest,протест,manifestation
23310,protest,протест,contestation
23311,protest,протест,plainte
23312,protest,протестовать,protester
23313,protest,протестовать,manifester
23314,protest,протестовать,contester
23315,protest,опротестования,no_equality
23316,protest,митинг,manifestation
23317,protest,опротестовать,protester
23318,protest,опротестовать,contester
23319,protest,возразить,protester
23320,protest,опротестовывать,protester
23321,protest,опротестовывать,contester
23322,protest,возражать,contester
23323,protest,выступать,no_equality
23324,protest,выступить с протестом,no_equality
23325,protest,протестный,no_equality
23326,protest,протестных,no_equality
23327,protest,протестуя против,no_equality
23328,protest,демонстрации,manifestation
23329,protest,протестные,no_equality
23330,protest,протестного,no_equality
23331,nazify,ратифицировать,no_equality
23332,nazify,ратификации,no_equality
23333,nazify,ратификацию,no_equality
23334,nazify,ратификацией,no_equality
23335,nazify,ратификация,no_equality
23336,Liberias,либерия,no_equality
23337,Liberias,либерии,no_equality
23338,Liberias,либерию,no_equality
23339,Liberias,либерией,no_equality
23340,Liberias,либерийской,no_equality
23341,Liberias,либерийская,no_equality
23342,Liberias,либерийского,no_equality
23343,Liberias,либерийскую,no_equality
23344,Liberias,либерийский,no_equality
23345,Liberias,либерийских,no_equality
23346,Liberias,страны,no_equality
23347,Liberias,либерийским,no_equality
23348,Liberias,либерийское,no_equality
23349,Liberias,либерийскому,no_equality
23350,communicator,коммуникатор,communicateur
23351,communicator,связист,no_equality
23352,communicator,устройство связи,no_equality
23353,pollard,поллард,no_equality
23354,pollard,безрогое животное,no_equality
23355,pollard,подстриженное дерево,no_equality
23356,pollard,отруби,no_equality
23357,pollard,подстригать,no_equality
23358,pollard,полард,no_equality
23359,pollard,поллар,no_equality
23360,collisions,столкновений,collision
23361,collisions,столкновения,collision
23362,collisions,столкновениях,no_equality
23363,collisions,коллизий,no_equality
23364,collisions,столкновениями,no_equality
23365,collisions,столкновение,collision
23366,collisions,дтп,collision
23367,distended,вздутый,no_equality
23368,distended,раздутый,gonflé
23369,distended,растянут,no_equality
23370,distended,вздулся,no_equality
23371,distended,раздулся,no_equality
23372,distended,расширены,no_equality
23373,following,следующий,suivant
23374,following,ниже,ci-après
23375,following,ниже,ci-dessous
23376,following,нижеследующий,suivant
23377,following,последующий,suivant
23378,following,последующий,suivi
23379,following,следующее,no_equality
23380,following,следование,no_equality
23381,following,следуя,en suivant
23382,following,вслед за,suite à
23383,following,вслед за,après
23384,following,после,suivant
23385,following,после,suivi
23386,following,вследствие,suite à
23387,following,согласно,no_equality
23388,following,благодаря,no_equality
23389,following,следовать,suivre
23390,following,преследует,no_equality
23391,following,окончании,no_equality
23392,following,последовавший,no_equality
23393,straddles,находится,no_equality
23394,straddles,территории,no_equality
23395,straddles,проходит,no_equality
23396,straddles,охватывает,no_equality
23397,suety,поручительство,no_equality
23398,suety,залога,no_equality
23399,suety,гарант,no_equality
23400,suety,гарантии,no_equality
23401,suety,поручителями,no_equality
23402,suety,гарантийный залог,no_equality
23403,suety,поруки,no_equality
23404,suety,поручителя,no_equality
23405,suety,поручиться,no_equality
23406,suety,поручитель,no_equality
23407,suety,поручителем,no_equality
23408,greats,великие игроки,grand
23409,vexation,томление,tourment
23410,vexation,досада,no_equality
23411,privations,лишений,no_equality
23412,privations,лишения,privation
23413,privations,лишениях,no_equality
23414,Laos,лаос,république démocratique populaire lao
23415,Laos,лаос,lao
23416,Laos,лаосе,république démocratique populaire lao
23417,Laos,лаосе,laotien
23418,Laos,лаоса,laotien
23419,Laos,лаоса,lao
23420,Laos,лаосом,lao
23421,Laos,лаосу,no_equality
23422,manning,укомплектованный,no_equality
23423,manning,Маннинг,no_equality
23424,manning,комплектование,no_equality
23425,manning,экипаж,équipage
23426,manning,дежурство,no_equality
23427,polyphones,таксофоны,no_equality
23428,polyphones,телефоны,no_equality
23429,polyphones,телефонов-автоматов,no_equality
23430,arbitrariness,произвол,arbitraire
23431,arbitrariness,произвольность,arbitraire
23432,arbitrariness,деспотизм,no_equality
23433,arbitrariness,волюнтаризм,no_equality
23434,exalting,возвеличивание,no_equality
23435,transplanting,пересадка,transplantation
23436,transplanting,пересадка,greffe
23437,transplanting,трансплантация,transplantation
23438,transplanting,трансплантация,greffe
23439,transplanting,пересаживать,no_equality
23440,gossipy,сплетен,no_equality
23441,gossipy,посплетничать,no_equality
23442,gossipy,сплетницами,no_equality
23443,high-rises,высотки,no_equality
23444,high-rises,высотках,no_equality
23445,high-rises,многоэтажек,no_equality
23446,high-rises,высотных зданий,immeuble
23447,dispensations,освобождение,dispense
23448,elevations,возвышенностей,no_equality
23449,elevations,возвышенности,no_equality
23450,elevations,возвышенностям,no_equality
23451,elevations,высотах,altitude
23452,elevations,высоте,altitude
23453,elevations,высоте,hauteur
23454,vaporise,испаряться,s'évaporer
23455,spires,спайрс,spire
23456,spires,шпили,flèche
23457,spires,шпили,clocher
23458,spires,шпилей,no_equality
23459,spires,спайрса,no_equality
23460,spires,скримин спиретс,no_equality
23461,itineraries,маршруты,itinéraire
23462,itineraries,маршрутов,itinéraire
23463,itineraries,маршрутах,itinéraire
23464,itineraries,маршрутам,itinéraire
23465,itineraries,маршрута,itinéraire
23466,barricading,баррикадирование,no_equality
23467,barricading,баррикады,barricade
23468,superstitious,суеверный,superstitieux
23469,superstitious,суеверный,superstition
23470,tasking,постановке задач,no_equality
23471,tasking,постановки задач,no_equality
23472,tasking,постановку задач,no_equality
23473,tasking,поручив,no_equality
23474,tasking,поручая,no_equality
23475,tasking,поручением,no_equality
23476,tasking,управление задачами,gestion
23477,tasking,отправляю,no_equality
23478,tasking,ставит задачи,no_equality
23479,deducted,вычитается,no_equality
23480,deducted,вычесть,no_equality
23481,deducted,вычтены,no_equality
23482,deducted,вычитаются,no_equality
23483,deducted,вычтена,no_equality
23484,deducted,вычла,no_equality
23485,deducted,вычитаться,no_equality
23486,deducted,вычитать,no_equality
23487,deducted,засчитывается,no_equality
23488,deducted,вычтен,no_equality
23489,deducted,вычел,no_equality
23490,deducted,вычету,déductible
23491,deducted,вычетом,no_equality
23492,deducted,вычтено,no_equality
23493,deducted,вычета,no_equality
23494,tactility,тактильность,no_equality
23495,tactility,чувствительность пальцев,no_equality
23496,idyll,идиллия,idylle
23497,idyll,идиллия,idyllique
23498,idyll,пастораль,no_equality
23499,idyll,идиллии,no_equality
23500,hypotheticals,гипотетически,hypothétique
23501,hypotheticals,гипотетических вопросов,no_equality
23502,hemorrhage,кровоизлияние,hémorragie
23503,hemorrhage,кровотечение,hémorragie
23504,bald,лысый,chauve
23505,bald,лысый,dégarni
23506,bald,голый,no_equality
23507,bald,облыселый,no_equality
23508,bald,лысоватый,no_equality
23509,bald,лысеть,calvitie
23510,bald,плешь,no_equality
23511,depletions,опустошении,no_equality
23512,depletions,истощения,no_equality
23513,ministries,министерств,ministère
23514,ministries,министерств,ministre
23515,ministries,министерства,ministère
23516,ministries,министерства,ministre
23517,ministries,министерства,départements ministériels
23518,ministries,министерствами,ministère
23519,ministries,министерствами,ministre
23520,ministries,министерствах,ministère
23521,ministries,министерствах,départements ministériels
23522,ministries,министерствам,ministère
23523,ministries,министерствам,ministre
23524,ministries,министерство,ministère
23525,ministries,министерство,ministre
23526,ministries,министров,ministère
23527,ministries,министров,ministre
23528,ministries,ведомств,ministère
23529,ministries,ведомствами,no_equality
23530,ministries,министерством,ministère
23531,ministries,ведомства,ministère
23532,ministries,министры,ministre
23533,ministries,министрами,ministre
23534,ministries,ведомствах,ministère
23535,ministries,министрам,no_equality
23536,analogously,по аналогии,par analogie
23537,analogously,по аналогии,de même
23538,analogously,аналогично,no_equality
23539,foldings,переносы строк,no_equality
23540,clerical,канцелярский,de bureau
23541,clerical,канцелярский,employé
23542,clerical,технической,erreur
23543,clerical,духовный,no_equality
23544,clerical,церковный,ecclésiastique
23545,clerical,технического,no_equality
23546,clerical,секретарской,no_equality
23547,clerical,офисных,bureau
23548,clerical,административную,administratif
23549,clerical,конторских служащих,employé
23550,clerical,технических,no_equality
23551,languishing,томятся,croupissent
23552,languishing,томящихся,croupissent
23553,languishing,томится,languir
23554,languishing,томящиеся,no_equality
23555,languishing,томиться,no_equality
23556,languishing,влачат жалкое существование,no_equality
23557,languishing,томились,no_equality
23558,languishing,влачат нищенское существование,no_equality
23559,trap,ловушка,piège
23560,trap,ловушка,guet-apens
23561,trap,ловушки,piège
23562,trap,капкан,piège
23563,trap,западня,piège
23564,trap,рот,clapet
23565,trap,поймать,piéger
23566,trap,поймать,coincer
23567,trap,заманить,piéger
23568,trap,засада,no_equality
23569,trap,сети,no_equality
23570,trap,подловить,piéger
23571,trap,подловить,coincer
23572,trap,ловить,piéger
23573,trap,запереть,piéger
23574,trap,запереть,emprisonner
23575,trap,поймать в ловушку,no_equality
23576,trap,пасть,clapet
23577,trap,уловителя,no_equality
23578,trap,тисков,no_equality
23579,clattering,топот,no_equality
23580,clattering,грохот,cliquetis
23581,clattering,грохочет,no_equality
23582,clattering,стучат,no_equality
23583,Kissingers,киссинджер,no_equality
23584,Kissingers,киссинджера,kissinger
23585,Kissingers,киссинджером,no_equality
23586,acquirer,покупатель,acquéreur
23587,acquirer,покупатель,acheteur
23588,acquirer,компания-покупатель,acquéreur
23589,acquirer,компания-покупатель,acheteur
23590,acquirer,эквайрер,no_equality
23591,acquirer,доля покупателя,acquéreur
23592,acquirer,доля покупателя,acheteur
23593,reed,рид,no_equality
23594,reed,рида,no_equality
23595,reed,ридом,no_equality
23596,reed,риду,no_equality
23597,reed,тростник,roseau
23598,reed,тростник,canne
23599,reed,камыш,roseau
23600,reed,язычок,anche
23601,reed,мундштук,no_equality
23602,reed,риде,no_equality
23603,reed,тростинка,roseau
23604,reed,reed,no_equality
23605,reed,ридрид,no_equality
23606,reed,герконом,no_equality
23607,assimilator,ассимилятор,no_equality
23608,effacement,стирание,effacement
23609,stunningly,потрясающе,incroyablement
23610,stunningly,ошеломляюще,no_equality
23611,stunningly,сногсшибательно,no_equality
23612,exceeded,превышен,no_equality
23613,exceeded,перевыполненный,no_equality
23614,exceeded,превосходящий,no_equality
23615,cured,вылечить,no_equality
23616,cured,вылечил,no_equality
23617,cured,вылечили,guérir
23618,cured,здоров,no_equality
23619,cured,вылечился,guéri
23620,cured,излечился,guéri
23621,cured,вылечила,guérit
23622,cured,излечил,no_equality
23623,cured,излечить,no_equality
23624,cured,исцелил,no_equality
23625,cured,излечила,no_equality
23626,cured,вылечен,no_equality
23627,cured,излечилась,no_equality
23628,cured,излечены,no_equality
23629,cured,выздоровел,guéri
23630,cured,выздоровел,guérison
23631,receiver,приемник,récepteur
23632,receiver,получатель,receveur
23633,receiver,получатель,destinataire
23634,receiver,телефонная трубка,combiné
23635,receiver,приемная,réception
23636,receiver,приемное устройство,récepteur
23637,receiver,ствольная коробка,no_equality
23638,receiver,конкурсный управляющий,no_equality
23639,receiver,приемщик,no_equality
23640,receiver,трубка телефона,no_equality
23641,receiver,принимающий,receveur
23642,judged,судить,no_equality
23643,judged,оценивать,no_equality
23644,judged,судят,jugent
23645,judged,судили,jugent
23646,judged,судили,jugeaient
23647,judged,сочтены,jugé
23648,judged,сочтены,considérés comme
23649,judged,признано,no_equality
23650,judged,определяться,no_equality
23651,judged,оцениваются,no_equality
23652,judged,сочтено,jugé
23653,judged,сочтено,estimé
23654,judged,сочтено,jugeait
23655,judged,сочтено,considéré comme
23656,judged,сочтено,considérée comme
23657,judged,судим,jugé
23658,judged,судим,juger
23659,judged,осуждал,no_equality
23660,judged,осуждала,jugeait
23661,judged,судимы,no_equality
23662,judged,сочли,jugeaient
23663,judged,осуждают,jugent
23664,rapid,быстрый,rapide
23665,rapid,оперативный,rapide
23666,rapid,стремительный,rapide
23667,rapid,быстро,no_equality
23668,rapid,ускоренный,accélérée
23669,rapid,ускоренный,accéléré
23670,rapid,резкий,no_equality
23671,rapid,оперативность,rapidité
23672,rapid,скорейшего,rapide
23673,rapid,скорейшего,prompte
23674,rapid,скорейшему,rapide
23675,rapid,скорейшему,prompte
23676,rapid,скорейшее,rapide
23677,rapid,скорейшее,prompte
23678,rapid,скорейшей,rapide
23679,rapid,скорейшей,prompte
23680,rapid,скорейшем,rapide
23681,rapid,срочной,no_equality
23682,rapid,скоростной,rapide
23683,rapid,бурного,no_equality
23684,aloofness,отчуждённость,no_equality
23685,Gregorian_calendar,григорианскому календарю,no_equality
23686,Gregorian_calendar,григорианского календаря,no_equality
23687,superimposed,наложенный,no_equality
23688,superimposed,наложены,no_equality
23689,superimposed,наложена,no_equality
23690,superimposed,наложения,no_equality
23691,superimposed,наложился,no_equality
23692,superimposed,бы накладываются,no_equality
23693,manic,маниакальный,maniaque
23694,manic,маниакально-депрессивный,no_equality
23695,manic,маньяк,no_equality
23696,manic,мания,no_equality
23697,manic,маниакальном,no_equality
23698,manic,психоза,no_equality
23699,manic,сумасшедшее,maniaque
23700,manic,чокнутым,maniaque
23701,manic,маниакальные,no_equality
23702,manic,маниакально-депрессивное,no_equality
23703,manic,маниакально,no_equality
23704,geometrically,геометрически,no_equality
23705,geometrically,геометрическая прогрессия,no_equality
23706,geometrically,геометрический,no_equality
23707,preserves,сохраняет,préserve
23708,preserves,сохраняет,conserve
23709,preserves,сохраняет,maintient
23710,preserves,сохраняет,conservant
23711,preserves,заповедников,réserve
23712,preserves,сохранить,préserver
23713,preserves,заповедники,réserve
23714,preserves,сохраняется,no_equality
23715,preserves,сохранение,préservation
23716,preserves,консервы,conserve
23717,preserves,варенье,confiture
23718,preserves,охраняет,préserve
23719,preserves,охраняет,protège
23720,preserves,способствует сохранению,no_equality
23721,preserves,оберегает,protège
23722,preserves,хранит,conserve
23723,preserves,хранит,protège
23724,sootiness,мягкость,douceur
23725,sootiness,мягкость,tendresse
23726,sootiness,softness,no_equality
23727,polymer,полимер,polymère
23728,polymer,полимерный,no_equality
23729,polymer,полимерных,polymère
23730,polymer,полимерную,no_equality
23731,polymer,полимерная,no_equality
23732,polymer,полимерными,no_equality
23733,peptic,пищеварительный,digestif
23734,peptic,язвенная,no_equality
23735,peptic,язвы,no_equality
23736,peptic,язвенной болезни желудка,no_equality
23737,peptic,язва,no_equality
23738,world,мир,monde
23739,world,мир,planète
23740,world,мир,univers
23741,world,мир,terre
23742,world,мира,monde
23743,world,мира,planète
23744,world,мира,pays
23745,world,мира,univers
23746,world,мира,globe
23747,world,свет,monde
23748,world,человечество,humanité
23749,world,мирок,no_equality
23750,world,мировой,mondial
23751,world,мировой,international
23752,world,всемирный,mondial
23753,world,планеты,monde
23754,world,планеты,globe
23755,world,странах,pays
23756,world,стран,monde
23757,world,стран,pays
23758,world,планете,monde
23759,world,планете,globe
23760,world,всемирной,mondial
23761,world,всемирной,universelle
23762,world,всемирного,mondial
23763,world,всемирного,universelle
23764,world,всемирная,mondial
23765,world,всемирная,universelle
23766,world,всемирном,mondial
23767,world,всемирном,universelle
23768,world,всемирную,mondial
23769,world,царство,no_equality
23770,unutterable,ненавистью к ней пылаю неподдельной!,no_equality
23771,internal,внутренний,interne
23772,internal,внутренний,intérieur
23773,internal,внутренний,national
23774,internal,внутренний,intérieurement
23775,internal,внутренний,intrinsèque
23776,internal,внутригосударственного,interne
23777,internal,внутригосударственного,national
23778,internal,внутригосударственного,nationale
23779,internal,внутригосударственных,interne
23780,internal,внутригосударственных,nationale
23781,internal,внутригосударственных,nationaux
23782,internal,собственной,propre
23783,internal,собственными,propre
23784,internal,внутригосударственном,interne
23785,internal,внутригосударственном,national
23786,internal,внутригосударственные,no_equality
23787,internal,внутригосударственной,interne
23788,internal,внутригосударственное,interne
23789,internal,внутригосударственное,nationale
23790,internal,внутригосударственным,interne
23791,internal,внутригосударственным,nationale
23792,internal,внутриорганизационных,no_equality
23793,internal,очный,no_equality
23794,internal,штатных,no_equality
23795,internal,служебных,no_equality
23796,internal,внутриведомственных,no_equality
23797,internal,внутренние органы,no_equality
23798,effervescence,вскипание,no_equality
23799,effervescence,возбуждение,no_equality
23800,effervescence,шипучесть,no_equality
23801,effervescence,подъем,no_equality
23802,effervescence,шипение,no_equality
23803,modifiers,модификаторы,no_equality
23804,modifiers,модификаторов,no_equality
23805,sarcastic,саркастичный,sarcastique
23806,sarcastic,сарказм,no_equality
23807,sarcastic,саркастический,sarcastique
23808,sarcastic,саркастические,no_equality
23809,sarcastic,саркастичные,no_equality
23810,sarcastic,саркастической,no_equality
23811,sarcastic,сарказма,no_equality
23812,sarcastic,с сарказмом,no_equality
23813,sarcastic,саркастична,no_equality
23814,drosses,дросс,no_equality
23815,drosses,дроссы,no_equality
23816,immigrations,иммиграции,immigration
23817,immigrations,иммиграцией,immigration
23818,surrenderer,сдались,no_equality
23819,surrenderer,сдался,no_equality
23820,surrenderer,сданного,no_equality
23821,surrenderer,сдали,no_equality
23822,surrenderer,передан,no_equality
23823,surrenderer,сдано,no_equality
23824,surrenderer,сдавшихся,no_equality
23825,surrenderer,переданы,no_equality
23826,surrenderer,сдалась,no_equality
23827,surrenderer,сдалось,no_equality
23828,surrenderer,сданы,no_equality
23829,surrenderer,сдаваемого,no_equality
23830,surrenderer,сдаться,no_equality
23831,surrenderer,сдал,no_equality
23832,surrenderer,капитулировала,no_equality
23833,clavicles,ключицах,no_equality
23834,clavicles,ключицы,clavicule
23835,cackler,болтовня,no_equality
23836,cackler,хихиканье,no_equality
23837,cackler,гоготанье,no_equality
23838,cackler,хихикать,no_equality
23839,cackler,гоготать,no_equality
23840,cackler,болтать,no_equality
23841,adjudicatory,судебных,judiciaire
23842,adjudicatory,судебными,no_equality
23843,adjudicatory,иного урегулирования,no_equality
23844,adjudicatory,охваченные обзором судебные,judiciaire
23845,adjudicatory,арбитражных,no_equality
23846,adjudicatory,арбитражным,no_equality
23847,adjudicatory,судебную,judiciaire
23848,adjudicatory,судебную,juridictionnelle
23849,predominated,преобладают,prédominent
23850,predominated,преобладают,sont majoritaires
23851,predominated,преобладают,prédominance
23852,predominated,преобладают,dominent
23853,predominated,преобладали,prédominaient
23854,predominated,преобладали,prédominance
23855,predominated,преобладали,dominent
23856,predominated,преобладает,prédomine
23857,predominated,преобладает,prédominent
23858,predominated,играют доминирующую роль,no_equality
23859,predominated,преобладала,no_equality
23860,predominated,доминирования,no_equality
23861,predominated,доминируют,prédominent
23862,predominated,доминируют,dominaient
23863,predominated,доминируют,sont majoritaires
23864,predominated,доминируют,dominent
23865,predominated,определяли,no_equality
23866,premier,премьер-министр,Premier ministre
23867,premier,премьер,chef d'état
23868,premier,премьера,Premier ministre
23869,premier,премьера,chef d'état
23870,premier,главным,principal
23871,premier,premier,no_equality
23872,premier,главного,principal
23873,premier,главных,principal
23874,premier,ведущим,principal
23875,premier,ведущей,no_equality
23876,premier,премьер-лиги,no_equality
23877,premier,ведущих,no_equality
23878,premier,рафаэль,no_equality
23879,disputing,спорящий,no_equality
23880,disputing,оспаривающий,no_equality
23881,disputing,дискутирующий,no_equality
23882,disputing,обсуждающий,no_equality
23883,disputing,оспаривание,contestation
23884,disputing,оспаривание,contester
23885,disputing,обсуждение,no_equality
23886,whetted,разожгла,no_equality
23887,briefcases,портфели,serviette
23888,briefcases,портфели,cartable
23889,briefcases,чемоданы,mallette
23890,briefcases,чемоданы,valise
23891,briefcases,чемоданов,mallette
23892,briefcases,чемоданов,valise
23893,briefcases,кейсами,no_equality
23894,briefcases,кейсах,no_equality
23895,categorize,классифицировать,catégoriser
23896,categorize,классифицировать,classer
23897,categorize,классифицировать,classifier
23898,categorize,категоризировать,no_equality
23899,categorize,распределять по категориям,no_equality
23900,categorize,распределять,classer
23901,categorize,систематизировать,classer
23902,categorize,сортировать,no_equality
23903,mugginess,уродство,no_equality
23904,mugginess,безобразие,no_equality
23905,mugginess,уродливость,no_equality
23906,mugginess,мерзость,no_equality
23907,mugginess,уродливости,no_equality
23908,mugginess,гадость,no_equality
23909,mugginess,гадости писал кто-то,no_equality
23910,allegedly,якобы,prétendument
23911,allegedly,якобы,soi-disant
23912,allegedly,якобы,apparemment
23913,allegedly,якобы,supposément
23914,allegedly,якобы,censément
23915,allegedly,якобы,présumé
23916,allegedly,якобы,prétendu
23917,allegedly,якобы,allégation
23918,allegedly,предположительно,prétendument
23919,allegedly,предположительно,soi-disant
23920,allegedly,предположительно,apparemment
23921,allegedly,предположительно,supposément
23922,allegedly,предположительно,censément
23923,allegedly,предположительно,auraient été
23924,allegedly,предположительно,présumé
23925,allegedly,предположительно,supposé
23926,allegedly,предположительно,vraisemblablement
23927,allegedly,по утверждению,no_equality
23928,allegedly,будто,no_equality
23929,allegedly,дескать,no_equality
23930,allegedly,вроде,apparemment
23931,allegedly,предполагаемый,no_equality
23932,bubble,пузырь,bulle
23933,bubble,пузырек воздуха,no_equality
23934,bubble,финансовая пирамида,no_equality
23935,bubble,кружок,no_equality
23936,bubble,пузыриться,no_equality
23937,bubble,барботировать,no_equality
23938,bubble,пузырьковый,no_equality
23939,bubble,барботажный,no_equality
23940,rallied,сплоченный,no_equality
23941,Jerichoes,иерихон,jéricho
23942,Jerichoes,иерихона,no_equality
23943,Jerichoes,иерихоне,jéricho
23944,Jerichoes,джерико,jéricho
23945,Jerichoes,джерихо,no_equality
23946,Jerichoes,иерихонский,no_equality
23947,Jerichoes,иерихоном,no_equality
23948,Jerichoes,иерихону,no_equality
23949,Jerichoes,джеричо,jéricho
23950,Jerichoes,иерихо,no_equality
23951,Jerichoes,арихе,no_equality
23952,Jerichoes,ариха,no_equality
23953,Jerichoes,эриха,no_equality
23954,handler,дрессировщик,dresseur
23955,handler,обработчик,no_equality
23956,handler,хэндлер,handler
23957,handler,погрузчик,no_equality
23958,handler,проводник,conducteur
23959,handler,куратор,gestionnaire
23960,handler,куратор,superviseur
23961,handler,куратор,officier traitant
23962,handler,куратор,chaperon
23963,handler,укладчик,no_equality
23964,aptly,уместно,no_equality
23965,aptly,надлежащим образом,judicieusement
23966,aptly,надлежащим образом,convenablement
23967,aptly,точно,bien
23968,aptly,точно,justement
23969,aptly,исчерпывающе,no_equality
23970,aptly,метко,no_equality
23971,aptly,удачно,bien
23972,aptly,совершенно справедливо,à juste titre
23973,aptly,отчетливо,no_equality
23974,collate,сопоставления,no_equality
23975,collate,собирать,rassembler
23976,collate,собирать,recueillir
23977,collate,собирать,compiler
23978,collate,собирать,collecter
23979,collate,собирать,réunir
23980,collate,собирать,assembler
23981,collate,обобщать,rassembler
23982,collate,обобщать,compiler
23983,collate,сопоставлять,comparer
23984,collate,сопоставить,comparer
23985,collate,сбора,no_equality
23986,collate,обобщения,no_equality
23987,collate,систематизации,no_equality
23988,collate,обобщить,rassembler
23989,collate,обобщить,recueillir
23990,collate,обобщить,compiler
23991,collate,обобщить,réunir
23992,collate,собрать,rassembler
23993,collate,собрать,recueillir
23994,collate,собрать,collecter
23995,collate,собрать,réunir
23996,collate,собрать,assembler
23997,collate,сопоставление,no_equality
23998,collate,сборе,rassembler
23999,collate,сборе,recueillir
24000,collate,сборе,collecter
24001,collate,сборе,réunir
24002,collate,сопоставлению,comparer
24003,notabilities,нестабильности,no_equality
24004,notabilities,нестабильность,no_equality
24005,notabilities,нестабильностью,no_equality
24006,notabilities,неустойчивости,no_equality
24007,costuming,костюм,costume
24008,costuming,костюм,déguisement
24009,expounds,разъясняет,no_equality
24010,saliva,слюна,salive
24011,saliva,слюноотделение,salive
24012,saliva,слюни,salive
24013,acclimatized,акклиматизированный,no_equality
24014,paintings,картины,tableau
24015,paintings,картин,peinture
24016,paintings,картин,tableau
24017,paintings,картин,toile
24018,paintings,картин,œuvres
24019,paintings,картин,image
24020,paintings,картинах,peinture
24021,paintings,картинах,tableau
24022,paintings,картинах,art
24023,paintings,рисунки,dessin
24024,paintings,рисунки,art
24025,paintings,картинами,peinture
24026,paintings,картинами,tableau
24027,paintings,картинами,toile
24028,paintings,картинами,art
24029,paintings,живописи,peinture
24030,paintings,живописи,art
24031,paintings,живопись,peinture
24032,paintings,живопись,tableau
24033,paintings,живопись,art
24034,paintings,рисунков,peinture
24035,paintings,рисунков,dessin
24036,paintings,рисунков,image
24037,paintings,полотна,toile
24038,paintings,картинам,peinture
24039,paintings,полотен,peinture
24040,paintings,рисунках,dessin
24041,paintings,живописью,peinture
24042,paintings,картину,peinture
24043,paintings,картину,tableau
24044,paintings,картину,toile
24045,paintings,картину,dessin
24046,paintings,картину,image
24047,paintings,росписи,no_equality
24048,mortgager,должник по закладной,no_equality
24049,inseminated,оплодотворена,no_equality
24050,inseminated,осеменил,no_equality
24051,inseminated,оплодотворила,no_equality
24052,inseminated,осеменена,no_equality
24053,inseminated,искусственное оплодотворение,no_equality
24054,inseminated,оплодотворил,no_equality
24055,inseminated,оплодотворили,no_equality
24056,intrusiveness,вмешательство,intrusion
24057,intrusiveness,вмешательство,ingérence
24058,intrusiveness,навязчивость,no_equality
24059,intrusiveness,интрузивность,no_equality
24060,exultation,ликование,joie
24061,exultation,торжество,no_equality
24062,exultation,экзальтация,no_equality
24063,exultation,ликующий,no_equality
24064,genus,род,genre
24065,genus,род,espèce
24066,genus,genus,no_equality
24067,genus,нитшиа,no_equality
24068,deregulation,дерегулирование,déréglementation
24069,deregulation,дерегулирование,dérégulation
24070,deregulation,дерегулирование,déréglementer
24071,deregulation,отмена госконтроля,dérégulation
24072,deregulation,отмена регулирования,no_equality
24073,deregulation,разбалансировка,no_equality
24074,Oregons,орегон,oregon
24075,Oregons,орегоне,oregon
24076,Oregons,орегона,oregon
24077,Oregons,оригоне,no_equality
24078,Oregons,орегонские,no_equality
24079,Oregons,орегонская,no_equality
24080,Oregons,oregon,no_equality
24081,Oregons,орегонский,no_equality
24082,lodges,лож,no_equality
24083,lodges,ложи,loge
24084,lodges,домиках,no_equality
24085,lodges,ложах,no_equality
24086,lodges,подает,dépose
24087,lodges,подаче,no_equality
24088,lodges,лодж,no_equality
24089,blatant,вопиющий,flagrant
24090,blatant,вопиющий,criant
24091,blatant,вопиющий,patent
24092,blatant,явный,flagrant
24093,blatant,явный,manifeste
24094,blatant,явный,évident
24095,blatant,явный,manifestement
24096,blatant,грубое,no_equality
24097,blatant,грубым,flagrant
24098,blatant,грубо,no_equality
24099,blatant,грубого,flagrant
24100,blatant,очевидный,flagrant
24101,blatant,очевидный,manifeste
24102,blatant,очевидный,évident
24103,blatant,вульгарный,no_equality
24104,blatant,грубые,no_equality
24105,blatant,грубых,no_equality
24106,blatant,откровенной,no_equality
24107,blatant,неприкрытой,no_equality
24108,isometry,изометрия,no_equality
24109,warlords,«военных баронов»,no_equality
24110,warlords,полевых командиров,chefs de guerre
24111,warlords,полевых командиров,seigneurs de guerre
24112,warlords,полевых командиров,seigneurs de la guerre
24113,warlords,«военные бароны»,no_equality
24114,warlords,полевые командиры,chefs de guerre
24115,warlords,полевые командиры,seigneurs de guerre
24116,warlords,полевыми командирами,seigneurs de la guerre
24117,warlords,«военными баронами»,no_equality
24118,warlords,военачальников,chefs de guerre
24119,warlords,«военным баронам»,no_equality
24120,warlords,военных вождей,seigneurs de guerre
24121,warlords,военачальники,chefs de guerre
24122,warlords,военных руководителей,chefs de guerre
24123,warlords,лидеров вооруженных формирований,chefs de guerre
24124,warlords,полевым командирам,no_equality
24125,warlords,боевиков,no_equality
24126,warlords,военачальниками,no_equality
24127,spitter,плевальщик,no_equality
24128,spitter,плевальщица,no_equality
24129,spitter,плевалка,spitter
24130,spitter,спиттера,no_equality
24131,spitter,спиттером,no_equality
24132,deceleration,замедление,décélération
24133,deceleration,замедление,ralentissement
24134,deceleration,замедление,ralentir
24135,deceleration,снижение темпов роста,no_equality
24136,deceleration,торможение,freinage
24137,deceleration,снизятся,no_equality
24138,deceleration,выбега,no_equality
24139,grainings,подготовку,no_equality
24140,grainings,обучение,no_equality
24141,grainings,тренинги,no_equality
24142,grainings,учебных мероприятий,no_equality
24143,grainings,тренингов,no_equality
24144,grainings,учебные курсы,no_equality
24145,grainings,учебных курсов,no_equality
24146,grainings,учебные мероприятия,no_equality
24147,grainings,обучения,no_equality
24148,grainings,учебные занятия,no_equality
24149,grainings,учебных занятий,no_equality
24150,grainings,профессиональной подготовки,no_equality
24151,grainings,курсы подготовки,no_equality
24152,grainings,учебная подготовка,no_equality
24153,grainings,тренингах,no_equality
24154,paunchy,пузатый,no_equality
24155,paunchy,с брюшком,no_equality
24156,contractor,подрядчик,entrepreneur
24157,contractor,подрядчик,contractant
24158,contractor,подрядчик,fournisseur
24159,contractor,подрядчик,entreprise
24160,contractor,подрядчик,sous-traitant
24161,contractor,подрядчик,prestataire
24162,contractor,подрядчик,attributaire
24163,contractor,поставщик,fournisseur
24164,contractor,поставщик,prestataire
24165,contractor,контрактор,no_equality
24166,contractor,контрактором,entrepreneur
24167,contractor,контрактору,contractant
24168,contractor,контракторов,contractant
24169,contractor,исполнитель,no_equality
24170,contractor,контрактора,contractant
24171,contractor,заказчик,no_equality
24172,contractor,подряда,no_equality
24173,contractor,контракта,contractuel
24174,sinking,тонет,coule
24175,sinking,тонет,sombrer
24176,sinking,затопление,immersion
24177,sinking,потопление,no_equality
24178,sinking,тонущего,no_equality
24179,sinking,тонущем,no_equality
24180,sinking,потопления,no_equality
24181,sinking,тонут,no_equality
24182,sinking,тонущим,no_equality
24183,sinking,потопить,no_equality
24184,sinking,тонем,coule
24185,sinking,тону,couler
24186,sinking,тону,coule
24187,sinking,тону,enfonce
24188,sinking,погружается,coule
24189,sinking,погружается,sombrer
24190,sinking,погружения,immersion
24191,sinking,погружения,descente
24192,sinking,погружаемся,no_equality
24193,paralegals,помощников юристов,no_equality
24194,paralegals,среднего юридического персонала,assistants juridiques
24195,paralegals,помощников адвокатов,assistants juridiques
24196,paralegals,помощники юристов,no_equality
24197,paralegals,параюристы,no_equality
24198,paralegals,средним юридическим персоналом,no_equality
24199,paralegals,непрофессиональные юридические работники,no_equality
24200,paralegals,параюристов,no_equality
24201,paralegals,непрофессиональных юридических работников,no_equality
24202,paralegals,вспомогательного юридического персонала,no_equality
24203,paralegals,средний юридический персонал,no_equality
24204,paralegals,непрофессиональных адвокатов,no_equality
24205,paralegals,параюридического персонала,no_equality
24206,paralegals,помощниками,no_equality
24207,paralegals,помощники адвокатов,no_equality
24208,venerability,уязвимость,no_equality
24209,venerability,подверженность,no_equality
24210,venerability,незащищенность,no_equality
24211,venerability,уязвимом положении,no_equality
24212,venerability,уязвимыми,no_equality
24213,venerability,уязвимое положение,no_equality
24214,venerability,уязвимы,no_equality
24215,venerability,вероятность,no_equality
24216,venerability,ранимость,no_equality
24217,venerability,уязвимой,no_equality
24218,venerability,уязвимым положением,no_equality
24219,venerability,защищенности,no_equality
24220,venerability,риску,no_equality
24221,flowage,запись,no_equality
24222,flowage,кадры,no_equality
24223,flowage,видео,no_equality
24224,flowage,видеозапись,no_equality
24225,flowage,съемка,no_equality
24226,flowage,пленка,no_equality
24227,flowage,видеоматериал,no_equality
24228,flowage,материалы,no_equality
24229,flowage,с камер,no_equality
24230,flowage,видеонаблюдения,no_equality
24231,flowage,отснятый материал,no_equality
24232,flowage,репортаж,no_equality
24233,flowage,метраж,no_equality
24234,flowage,снимки,no_equality
24235,tuner,тюнер,tuner
24236,tuner,тюнеру,no_equality
24237,tuner,настройщиком,no_equality
24238,tuner,настройщику,no_equality
24239,Andersons,Андерсонс,anderson
24240,Moravia,моравии,moravie
24241,Moravia,моравия,moravie
24242,Moravia,моравию,no_equality
24243,Farrells,фарреллы,no_equality
24244,Farrells,фарреллов,no_equality
24245,Farrells,фарреллами,no_equality
24246,Farrells,фарреллам,no_equality
24247,Farrells,фареллов,no_equality
24248,dredge,драгировать,no_equality
24249,dredge,посыпать,saupoudrer
24250,dredge,углубить,no_equality
24251,dredge,выудить,no_equality
24252,dredge,землечерпалка,no_equality
24253,dredge,земснаряд,drague
24254,dredge,взвесь,no_equality
24255,dredge,Дражный,no_equality
24256,reviewers,экспертов по рассмотрению,examinateur
24257,reviewers,проводившие обзор эксперты,expert
24258,reviewers,рецензентов,no_equality
24259,reviewers,участники обзора,no_equality
24260,reviewers,рецензенты,no_equality
24261,reviewers,обозревателей,commentateur
24262,reviewers,обозревателей,analyste
24263,reviewers,рецензентами,no_equality
24264,reviewers,проводящих обзор государств,examinateur
24265,reviewers,проводящие обзор,examinateur
24266,reviewers,специалистов по обзору,expert
24267,reviewers,проверяющих,vérificateur
24268,reviewers,экспертами,expert
24269,warts,бородавки,verrue
24270,warts,бородавок,verrue
24271,warts,бородавках,no_equality
24272,warts,бородавочек,no_equality
24273,warts,изъянами,no_equality
24274,warts,бородавочки,no_equality
24275,warts,бородавками,verrue
24276,warts,без прикрас,no_equality
24277,warts,бородавка,verrue
24278,obeys,подчиняется,obéit à
24279,obeys,повинуется,no_equality
24280,obeys,слушается,no_equality
24281,obeys,проявлять послушание,no_equality
24282,scolding,выговор,réprimande
24283,scolding,выговор,réprimander
24284,scolding,нагоняй,réprimande
24285,scolding,нагоняй,réprimander
24286,scolding,нагоняй,engueuler
24287,scolding,ругать,gronder
24288,scolding,отчитываешь,no_equality
24289,scolding,ругает,no_equality
24290,metropolitan,столичный,métropolitain
24291,metropolitan,городской,urbain
24292,metropolitan,городской,ville
24293,metropolitan,митрополит,métropolite
24294,metropolitan,большого,no_equality
24295,metropolitan,метрополитен,metropolitan
24296,metropolitan,метрополии,métropole
24297,metropolitan,города,agglomération
24298,metropolitan,города,ville
24299,metropolitan,столице,capitale
24300,metropolitan,столичным,no_equality
24301,metropolitan,metropolitan,no_equality
24302,forgetfulnesses,забывчивость,oubli
24303,forgetfulnesses,забвение,oubli
24304,forgetfulnesses,забывчивостью,no_equality
24305,scenarist,сценарист,no_equality
24306,contrarily,наоборот,au contraire
24307,contrarily,наоборот,par contre
24308,contrarily,вопреки,contrairement
24309,contrarily,вопреки,au contraire
24310,contrarily,напротив,au contraire
24311,contrarily,напротив,par contre
24312,sewers,канализации,égout
24313,sewers,канализацию,égout
24314,sewers,канализация,no_equality
24315,sewers,канализациях,no_equality
24316,sewers,канализационных систем,réseaux d'assainissement
24317,sewers,коллекторы,collecteur
24318,sewers,коллекторах,no_equality
24319,sewers,канализационных коллекторов,égout
24320,sewers,канализационных коллекторов,collecteur
24321,sewers,канализационных сетей,égout
24322,sewers,канализационные трубы,égout
24323,sewers,канализационные трубы,tuyau
24324,sewers,канализационные системы,égout
24325,sewers,канализационным сетям,no_equality
24326,sewers,канализационной системе,égout
24327,sewers,канализационных труб,égout
24328,sewers,канализационных труб,canalisation
24329,sewers,канализационных труб,tuyau
24330,sewers,сточные трубы,no_equality
24331,intone,интонировать,no_equality
24332,intone,запевать,no_equality
24333,intone,произносить нараспев,no_equality
24334,complexifiers,сложности,complexité
24335,complexifiers,сложности,difficulté
24336,complexifiers,сложностей,no_equality
24337,complexifiers,сложность,complexité
24338,complexifiers,сложность,difficulté
24339,complexifiers,сложность,complication
24340,complexifiers,трудности,complexité
24341,complexifiers,трудности,difficulté
24342,complexifiers,сложностями,complexité
24343,complexifiers,сложностями,difficulté
24344,complexifiers,сложностями,complication
24345,complexifiers,трудностей,difficulté
24346,complexifiers,сложный характер,complexité
24347,complexifiers,сложностях,complexité
24348,complexifiers,сложного характера,complexité
24349,complexifiers,сложного характера,complexe
24350,complexifiers,сложных вопросов,problèmes complexes
24351,complexifiers,трудностями,difficulté
24352,complexifiers,трудностями,complexe
24353,complexifiers,сложностью,complexité
24354,complexifiers,сложностью,difficulté
24355,complexifiers,сложностью,complexe
24356,complexifiers,сложные проблемы,difficulté
24357,complexifiers,сложные проблемы,problèmes complexes
24358,complexifiers,сложных проблем,difficulté
24359,complexifiers,сложных проблем,aspects complexes
24360,complexifiers,сложных проблем,problèmes complexes
24361,complexifiers,сложностям,complexité
24362,slaving,раб,esclave
24363,slaving,подчинение,no_equality
24364,slaving,синхронизация,no_equality
24365,organ,орган,organe
24366,organ,орган,orgue
24367,organ,орган,organisme
24368,organ,орган,instance
24369,organ,орган,autorité
24370,organ,орган,institution
24371,organ,шарманка,no_equality
24372,organ,печатный орган,organe
24373,organ,печатный орган,organisme
24374,organ,орган тела,organe
24375,organ,орган тела,organisme
24376,organ,органный,no_equality
24377,Ishtars,иштар,no_equality
24378,carbohydrates,углеводов,glucide
24379,carbohydrates,углеводы,glucide
24380,carbohydrates,углеводы,hydrates de carbone
24381,carbohydrates,углеводами,glucide
24382,carbohydrates,углеводам,no_equality
24383,carbohydrates,углеводороды,hydrocarbure
24384,Islamism,исламизм,islamisme
24385,lats,латов,no_equality
24386,lats,латах,no_equality
24387,lats,лата,no_equality
24388,lats,лат,lat
24389,facts,факты,fait
24390,facts,факты,donnée
24391,facts,факты,réalité
24392,facts,факты,élément
24393,facts,факты,vérité
24394,facts,фактов,no_equality
24395,facts,фактах,fait
24396,facts,фактами,fait
24397,facts,фактам,fait
24398,facts,обстоятельства,situation
24399,facts,обстоятельства,circonstance
24400,facts,обстоятельств,no_equality
24401,facts,сведения,no_equality
24402,facts,факта,fait
24403,facts,факта,réalité
24404,facts,факт,fait
24405,facts,реалии,réalité
24406,facts,деяний,fait
24407,facts,обстоятельствам,situation
24408,facts,обстоятельствам,circonstance
24409,facts,деяния,fait
24410,facts,обстоятельствами,circonstance
24411,corals,кораллы,coraux
24412,corals,кораллы,corail
24413,corals,кораллов,coraux
24414,corals,кораллов,corail
24415,corals,кораллам,no_equality
24416,corals,кораллами,coraux
24417,corals,кораллах,corail
24418,leanings,наклонности,penchant
24419,leanings,наклонности,inclination
24420,barbecues,барбекю,barbecue
24421,barbecues,барбекю,grillade
24422,barbecues,пикники,no_equality
24423,barbecues,барбекью,barbecue
24424,barbecues,мангалы,no_equality
24425,planes,самолеты,avion
24426,planes,самолеты,appareil
24427,planes,самолеты,aéronef
24428,planes,самолетов,avion
24429,planes,самолетов,appareil
24430,planes,самолетов,aéronef
24431,planes,самолетах,avion
24432,planes,самолетах,appareil
24433,planes,самолета,no_equality
24434,planes,самолетами,avion
24435,planes,самолетами,aéronef
24436,planes,плоскостях,no_equality
24437,planes,плоскости,avion
24438,planes,плоскости,plan
24439,planes,самолет,avion
24440,planes,самолет,appareil
24441,planes,самолет,aéronef
24442,planes,самолет,avion-cargo
24443,planes,плоскостями,no_equality
24444,planes,самолетам,appareil
24445,planes,самолетам,aéronef
24446,planes,плоскостей,no_equality
24447,planes,самолете,avion
24448,planes,истребителей,no_equality
24449,planes,пересадку,no_equality
24450,planes,авиация,aviation
24451,jewelry,украшения,bijou
24452,jewelry,украшения,joyau
24453,jewelry,драгоценности,bijou
24454,jewelry,драгоценности,joyau
24455,jewelry,украшение,bijou
24456,jewelry,драгоценность,bijou
24457,jewelry,ювелирные изделия,bijou
24458,jewelry,ювелирные изделия,joaillerie
24459,jewelry,бижутерия,no_equality
24460,jewelry,ювелирный,bijou
24461,jewelry,ювелирный,bijouterie
24462,jewelry,ювелирный,bijoutier
24463,jewelry,ювелирных изделий,bijou
24464,jewelry,ювелирных изделий,bijouterie
24465,jewelry,ювелирных изделий,joaillerie
24466,jewelry,ювелирных изделий,parure
24467,jewelry,побрякушки,bijou
24468,jewelry,ювелирку,bijou
24469,jewelry,ювелирными изделиями,bijou
24470,retailing,розничной торговли,vente au détail
24471,retailing,розничной торговли,commerce de détail
24472,retailing,розничной торговли,distribution
24473,retailing,розничная торговля,commerce de détail
24474,retailing,розничной торговле,vente au détail
24475,retailing,розничной торговле,commerce de détail
24476,retailing,розничной торговлей,vente au détail
24477,retailing,розничной торговлей,commerce de détail
24478,retailing,розничной продажи,vente au détail
24479,retailing,розничным,no_equality
24480,retailing,розничную торговлю,vente au détail
24481,retailing,розничную торговлю,commerce de détail
24482,retailing,розничные,no_equality
24483,retailing,розничных,no_equality
24484,quorums,кворум,quorum
24485,converters,преобразователей,convertisseur
24486,converters,преобразователи,no_equality
24487,converters,преобразователями,convertisseur
24488,converters,конвертеры,no_equality
24489,converters,конвертеров,no_equality
24490,converters,преобразователям,no_equality
24491,converters,конверторы,no_equality
24492,converters,конвертерах,no_equality
24493,absentmindedly,рассеянно,no_equality
24494,dews,роса,no_equality
24495,emergencies,скорый,no_equality
24496,emergencies,чрезвычайные условия,no_equality
24497,bundling,группирование,regroupement
24498,bundling,группирование,groupement
24499,bundling,объединения,regroupement
24500,bundling,объединения,regrouper
24501,bundling,укладывание,no_equality
24502,bundling,агрегации,no_equality
24503,courgettes,кабачки,no_equality
24504,courgettes,кабачков,courgette
24505,benumbing,заглушить,no_equality
24506,benumbing,подавляя последствия,no_equality
24507,benumbing,вызывающей онемение,no_equality
24508,petulance,раздражительность,no_equality
24509,snacks,закуски,collation
24510,snacks,закуски,snack
24511,snacks,закуски,en-cas
24512,snacks,закуски,encas
24513,snacks,закуски,à manger
24514,snacks,закуски,quoi grignoter
24515,snacks,закуски,friandise
24516,snacks,закуски,amuse-gueule
24517,snacks,закусок,en-cas
24518,snacks,закусок,encas
24519,snacks,закусок,à manger
24520,snacks,перекусить,collation
24521,snacks,перекусить,snack
24522,snacks,перекусить,goûter
24523,snacks,перекусить,à manger
24524,snacks,закусками,collation
24525,snacks,закусками,snack
24526,snacks,закусками,en-cas
24527,snacks,закусками,amuse-gueule
24528,snacks,снеки,no_equality
24529,snacks,еду,no_equality
24530,snacks,закуску,collation
24531,snacks,закуску,en-cas
24532,snacks,закуску,encas
24533,snacks,закуску,à manger
24534,snacks,закуску,casse-croûte
24535,snacks,закуску,quoi grignoter
24536,snacks,закуску,amuse-gueule
24537,snacks,еды,à manger
24538,snacks,еда,bouffe
24539,snacks,перекус,en-cas
24540,snacks,перекус,goûter
24541,snacks,перекус,casse-croûte
24542,snacks,снэки,no_equality
24543,snacks,чипсы,no_equality
24544,snacks,полдники,no_equality
24545,snacks,закуска,snack
24546,snacks,закуска,en-cas
24547,snacks,закуска,encas
24548,snacks,закуска,amuse-gueule
24549,snacks,поесть,à manger
24550,snacks,поесть,bouffe
24551,HRTS,статьи,no_equality
24552,HRTS,искусств,no_equality
24553,HRTS,искусства,no_equality
24554,HRTS,искусство,no_equality
24555,HRTS,искусству,no_equality
24556,HRTS,искусстве,no_equality
24557,HRTS,статья,no_equality
24558,HRTS,искусством,no_equality
24559,HRTS,искусствам,no_equality
24560,HRTS,ст,no_equality
24561,HRTS,художественных,no_equality
24562,HRTS,искусствах,no_equality
24563,HRTS,гуманитарных наук,no_equality
24564,HRTS,художественные,no_equality
24565,HRTS,культуры,no_equality
24566,reinsuring,перестрахование,no_equality
24567,ceding,передав,no_equality
24568,ceding,уступка,cession
24569,auctions,аукционов,adjudication
24570,auctions,аукционов,enchère
24571,auctions,аукционы,enchère
24572,auctions,аукционах,ventes aux enchères
24573,auctions,аукциона,enchère
24574,auctions,аукционами,no_equality
24575,auctions,аукционам,enchère
24576,auctions,хампель,no_equality
24577,auctions,торги,enchère
24578,approved,утвержденных,approuvé
24579,approved,утвержденных,agréé
24580,approved,утвержденных,autorisé
24581,approved,утвердил,no_equality
24582,approved,утверждены,no_equality
24583,approved,утвержден,agréé
24584,approved,одобрил,no_equality
24585,approved,утвержденные,approuvé
24586,approved,утвердила,no_equality
24587,approved,утвержденного,autorisé
24588,approved,утвержденной,agréé
24589,approved,утвержденной,autorisé
24590,approved,утвержденной,homologué
24591,approved,утверждена,no_equality
24592,approved,одобрила,no_equality
24593,approved,одобрен,no_equality
24594,approved,одобрены,no_equality
24595,approved,утвержденный,homologué
24596,approved,утверждено,no_equality
24597,superstitions,суеверия,superstition
24598,superstitions,суеверий,superstition
24599,superstitions,предрассудки,no_equality
24600,superstitions,предрассудков,no_equality
24601,superstitions,суевериях,no_equality
24602,superstitions,суевериям,superstition
24603,superstitions,суеверие,superstition
24604,superstitions,суевериями,no_equality
24605,crab,краб,no_equality
24606,crab,крабовый,no_equality
24607,crab,крабьей,no_equality
24608,crab,крабу,crab
24609,apostles,апостолов,disciple
24610,apostles,апостолы,disciple
24611,apostles,апостолами,no_equality
24612,apostles,апостолам,apôtre
24613,bawd,сводня,maquerelle
24614,known,известный,connu
24615,known,известный,réputé
24616,known,известный,notoire
24617,known,знать,connaître
24618,known,знать,savoir
24619,known,догадаться,no_equality
24620,known,узнать,connaître
24621,known,узнать,savoir
24622,known,известность,no_equality
24623,known,известно,connu
24624,known,известно,notoire
24625,known,известно,connaissance
24626,known,известно,savoir
24627,known,знал,no_equality
24628,known,знала,no_equality
24629,known,знали,connu
24630,known,знакомы,no_equality
24631,known,знаешь,no_equality
24632,known,знают,connu
24633,known,знает,no_equality
24634,known,знаете,no_equality
24635,bestial,скотский,no_equality
24636,bestial,животный,no_equality
24637,bestial,развратный,no_equality
24638,bestial,звероподобный,no_equality
24639,squats,приседания,la musculation
24640,squats,приседаний,no_equality
24641,squats,скваттерских поселениях,no_equality
24642,musketeers,мушкетеров,mousquetaire
24643,musketeers,мушкетеры,mousquetaire
24644,musketeers,мушкетера,mousquetaire
24645,musketeers,мушкетёрами,no_equality
24646,musketeers,мушкетёрам,no_equality
24647,ballplayers,бейсболисты,joueurs de baseball
24648,ballplayers,бейсболистов,joueurs de baseball
24649,ballplayers,игроков,no_equality
24650,ballplayers,профессиональные игроки,no_equality
24651,ballplayers,бейсболистами,no_equality
24652,purges,чисток,purge
24653,purges,чистки,no_equality
24654,purges,чистками,no_equality
24655,purges,очищает,no_equality
24656,purges,удаляет,no_equality
24657,purges,зачисткой,no_equality
24658,purges,чистка,purge
24659,mid-Junes,середине июня,no_equality
24660,mid-Junes,середины июня,mi-juin
24661,mid-Junes,середину июня,no_equality
24662,mid-Junes,середина июня,no_equality
24663,disillusioning,разочарование,no_equality
24664,dividers,перегородок,cloison
24665,dividers,разделителей,no_equality
24666,dividers,газосмесители,no_equality
24667,optical,оптический,optique
24668,optical,оптическому,no_equality
24669,optical,оптики,no_equality
24670,optical,optical,no_equality
24671,inaugurating,открытие,inauguration
24672,inaugurating,открывающий,no_equality
24673,specialist,специалист,spécialiste
24674,specialist,специалист,expert
24675,specialist,специалист,professionnel
24676,specialist,специалист,informaticien
24677,specialist,кадры,no_equality
24678,specialist,спец,spécialiste
24679,specialist,спец,expert
24680,specialist,спец,spécialisé
24681,specialist,спец,spéciaux
24682,specialist,спец,professionnel
24683,specialist,спец,spécial
24684,specialist,врач-специалист,no_equality
24685,specialist,специалистка,no_equality
24686,specialist,специализированный,no_equality
24687,specialist,специальный,no_equality
24688,brandished,размахивали,no_equality
24689,cleansed,чистке,no_equality
24690,cleansed,очищен,purifié
24691,cleansed,очистил,purifié
24692,cleansed,очистить,no_equality
24693,cleansed,очистили,purifié
24694,cleansed,очищается,no_equality
24695,cleansed,очистился,no_equality
24696,cleansed,очищены от,no_equality
24697,cleansed,очищено,nettoyé
24698,cleansed,очищено,purifié
24699,cleansed,вычищено,no_equality
24700,cleansed,очищена от,no_equality
24701,cleansed,очищенными,no_equality
24702,cleansed,очистят,no_equality
24703,cleansed,чистку,no_equality
24704,cleansed,очиститься,no_equality
24705,penetrates,проникает,imprègne
24706,penetrates,проникает,transperce
24707,penetrates,проникают,no_equality
24708,penetrates,пробивает,no_equality
24709,penetrates,проникнет,no_equality
24710,penetrates,вторгается,no_equality
24711,penetrates,об этом пронизывает,imprègne
24712,prevented,предотвратить,no_equality
24713,prevented,помешали,empêchaient
24714,prevented,препятствует,no_equality
24715,prevented,препятствуют,empêcher
24716,prevented,препятствуют,empêchent
24717,prevented,препятствуют,empêchaient
24718,prevented,не позволяет,empêchent
24719,prevented,не позволяет,empêchait
24720,prevented,не позволяет,ne peut pas
24721,prevented,не позволяет,impossible
24722,prevented,помешало,no_equality
24723,prevented,мешает,empêchent
24724,prevented,мешает,empêchait
24725,prevented,не позволяют,empêchent
24726,prevented,не позволяют,empêchaient
24727,prevented,не позволило,empêchant
24728,prevented,мешают,no_equality
24729,prevented,препятствовали,empêchent
24730,prevented,препятствовали,empêchaient
24731,prevented,предотвращать,no_equality
24732,prevented,лишены возможности,no_equality
24733,prevented,помешала,no_equality
24734,prevented,предотвратили,no_equality
24735,alleviates,облегчает,soulage
24736,alleviates,облегчает,allège
24737,alleviates,смягчает,atténue
24738,alleviates,уменьшает,soulage
24739,alleviates,уменьшает,atténue
24740,alleviates,уменьшает,réduit
24741,bangles,браслеты,bracelet
24742,maniacal,маниакальный,maniaque
24743,settlements,поселений,colonies de peuplement
24744,settlements,поселений,village
24745,settlements,поселений,localité
24746,settlements,поселений,agglomération
24747,settlements,поселений,campement
24748,settlements,поселений,colonisation
24749,settlements,поселений,quartier
24750,settlements,поселения,colonies de peuplement
24751,settlements,поселения,implantation
24752,settlements,поселения,village
24753,settlements,поселения,agglomération
24754,settlements,поселения,colonisation
24755,settlements,поселения,settlements
24756,settlements,поселениях,colonies de peuplement
24757,settlements,поселениях,implantation
24758,settlements,поселениях,village
24759,settlements,поселениях,localité
24760,settlements,поселениях,agglomération
24761,settlements,поселениях,habitat
24762,settlements,поселениях,camp
24763,settlements,поселениях,quartier
24764,settlements,поселениями,colonies de peuplement
24765,settlements,поселениями,implantation
24766,settlements,поселениями,agglomération
24767,settlements,поселениями,colonisation
24768,settlements,урегулирования,règlement
24769,settlements,урегулирования,accord
24770,settlements,поселениям,colonies de peuplement
24771,settlements,поселениям,implantation
24772,settlements,поселениям,village
24773,settlements,урегулирование,règlement
24774,settlements,урегулирование,accord
24775,settlements,урегулировании,règlement
24776,settlements,урегулировании,accord
24777,settlements,поселках,village
24778,settlements,поселках,localité
24779,settlements,поселках,agglomération
24780,settlements,поселках,campement
24781,settlements,поселках,camp
24782,settlements,поселках,quartier
24783,settlements,урегулированию,règlement
24784,settlements,поселков,implantation
24785,settlements,поселков,village
24786,settlements,поселков,localité
24787,settlements,поселков,agglomération
24788,settlements,поселки,village
24789,settlements,поселки,localité
24790,settlements,поселки,agglomération
24791,settlements,поселенцами,no_equality
24792,settlements,мировые соглашения,no_equality
24793,settlements,мировых соглашений,no_equality
24794,ethnological,этнологический,no_equality
24795,require,требовать,exiger
24796,require,требовать,nécessiter
24797,require,требовать,requérir
24798,require,требовать,demander
24799,require,требовать,obliger
24800,require,требовать,imposer
24801,require,требовать,réclamer
24802,require,потребовать,exiger
24803,require,потребовать,nécessiter
24804,require,потребовать,requérir
24805,require,потребовать,demander
24806,require,потребовать,obliger
24807,require,потребовать,imposer
24808,require,потребовать,réclamer
24809,require,потребоваться,exiger
24810,require,потребоваться,nécessiter
24811,require,потребоваться,avoir besoin
24812,require,потребоваться,nécessaire
24813,require,требоваться,exiger
24814,require,требоваться,nécessiter
24815,require,требоваться,avoir besoin
24816,require,нуждаться,no_equality
24817,require,необходимо,doivent être
24818,require,необходимо,il faut
24819,require,предусматривать,exiger
24820,require,предусматривать,prévoir
24821,require,нужны,no_equality
24822,require,обязать,no_equality
24823,require,понадобиться,avoir besoin de
24824,require,необходимы,doivent être
24825,require,необходимы,il faut
24826,require,необходима,il faut
24827,require,нужна,no_equality
24828,require,чтобы,no_equality
24829,require,необходим,il faut
24830,receptively,соответственно,no_equality
24831,triangulated,триангулированный,no_equality
24832,empiricism,эмпиризм,empirisme
24833,empiricism,эмпирик,no_equality
24834,empiricism,эмпирический подход,no_equality
24835,empiricism,эмпиризмом,no_equality
24836,self-righteously,себя,no_equality
24837,self-righteously,себе,no_equality
24838,self-righteously,сущность,no_equality
24839,self-righteously,личность,no_equality
24840,self-righteously,"""я""",no_equality
24841,sidelining,маргинализации,marginaliser
24842,sidelining,маргинализации,marginalisation
24843,sidelining,отодвигать,no_equality
24844,changes,изменения,changement
24845,changes,изменения,amendement
24846,changes,изменений,changement
24847,changes,изменениями,modification
24848,changes,изменениями,évolution
24849,changes,изменениями,variation
24850,changes,изменениями,mutation
24851,changes,изменениями,amendement
24852,changes,изменениях,modification
24853,changes,изменениях,évolution
24854,changes,изменениях,variation
24855,changes,изменениях,amendement
24856,changes,изменениям,no_equality
24857,changes,перемены,no_equality
24858,changes,изменение,changement
24859,changes,изменение,amendement
24860,changes,перемен,changement
24861,changes,преобразований,changement
24862,changes,меняет,change
24863,changes,меняет,modifie
24864,changes,меняет,changer
24865,changes,меняет,changent
24866,changes,меняется,changement
24867,changes,меняется,change
24868,changes,меняется,évolution
24869,changes,меняется,évolue
24870,changes,преобразования,modification
24871,changes,преобразования,évolution
24872,changes,преобразования,mutation
24873,changes,изменению,changement
24874,changes,изменением,changement
24875,changes,изменить,modifier
24876,changes,изменить,changer
24877,changes,динамика,évolution
24878,congratulates,поздравляет,félicite
24879,congratulates,поздравляет,tient à féliciter
24880,congratulates,поздравляет,adresse ses félicitations
24881,congratulates,выражает признательность,salue
24882,congratulates,приветствует,salue
24883,congratulates,благодарит,no_equality
24884,congratulates,поздравляют,félicitent
24885,congratulates,воздает должное,félicite
24886,congratulates,воздает должное,salue
24887,congratulates,признательна,salue
24888,kappas,каппа,kappa
24889,pharmacologists,фармакологов,no_equality
24890,pharmacologists,фармакологи,no_equality
24891,impendency,зависимость,no_equality
24892,impendency,зависимости от,no_equality
24893,impendency,иждивенцев,no_equality
24894,impendency,иждивенчество,no_equality
24895,impendency,зависимостью от,no_equality
24896,impendency,зависимое положение,no_equality
24897,impendency,зависимой территорией,no_equality
24898,impendency,иждивенцами,no_equality
24899,impendency,зависимого,no_equality
24900,impendency,взаимозависимость,no_equality
24901,impendency,иждивенца,no_equality
24902,series,серия,série
24903,series,серия,collection
24904,series,ряд,série
24905,series,ряд,suite
24906,series,ряд,nombreux
24907,series,ряд,différent
24908,series,цикл,série
24909,series,цикл,cycle
24910,series,последовательность,no_equality
24911,series,серийный,no_equality
24912,series,последовательно,no_equality
24913,Sicilians,сицилийцы,no_equality
24914,Sicilians,сицилийцев,sicilien
24915,Sicilians,сицилийцами,no_equality
24916,bathhouses,бани,hammam
24917,bathhouses,бань,no_equality
24918,goosey,гусёнок,no_equality
24919,goosey,детка,no_equality
24920,comparings,сопоставление,comparaison
24921,comparings,сравнение,comparaison
24922,comparings,сравнение,comparer
24923,comparings,сравнивать,no_equality
24924,comparings,сравнивая,no_equality
24925,comparings,сопоставив,no_equality
24926,comparings,сравнив,no_equality
24927,comparings,сопоставляя,no_equality
24928,comparings,сравнивает,no_equality
24929,comparings,по сравнению,no_equality
24930,comparings,сравнительный анализ,comparer
24931,comparings,сравнительный анализ,comparaisons entre
24932,comparings,сопоставить,no_equality
24933,comparings,сопоставлять,no_equality
24934,comparings,сравнивают,comparent
24935,comparings,сравнивали,comparait
24936,comparings,если сравнить,no_equality
24937,ant,муравей,fourmi
24938,ant,муравьиной,no_equality
24939,ant,муравьиная,fourmilière
24940,ant,муравьём,fourmi
24941,ant,муравьиный,no_equality
24942,ant,ант,no_equality
24943,ant,ant,no_equality
24944,ant,муравьиха,fourmilière
24945,ant,муравейник,fourmilière
24946,phantoms,фантомов,fantôme
24947,phantoms,фантомы,no_equality
24948,phantoms,призраками,fantôme
24949,phantoms,призраки,fantôme
24950,phantoms,призраков,fantôme
24951,phantoms,фантомами,no_equality
24952,legitimacy,легитимность,légitimité
24953,legitimacy,легитимность,légitime
24954,legitimacy,легитимность,légalité
24955,legitimacy,легитимность,légitimer
24956,legitimacy,законность,légitimité
24957,legitimacy,законность,légitime
24958,legitimacy,законность,légalité
24959,legitimacy,законность,licéité
24960,legitimacy,правомерность,légitimité
24961,legitimacy,правомерность,légalité
24962,legitimacy,правомерность,licéité
24963,legitimacy,авторитет,no_equality
24964,legitimacy,обоснованность,bien-fondé
24965,legitimacy,правомочность,légalité
24966,legitimacy,законный характер,légitimité
24967,legitimacy,законный характер,légitime
24968,legitimacy,законный характер,légitimation
24969,legitimacy,законный характер,légitimer
24970,legitimacy,законный характер,licéité
24971,legitimacy,легитимным,légitimité
24972,legitimacy,легитимным,légitime
24973,legitimacy,законного характера,légitimité
24974,legitimacy,законного характера,légitime
24975,legitimacy,легитимной,légitimité
24976,legitimacy,легитимной,légitime
24977,legitimacy,законнорожденность,no_equality
24978,legitimacy,легитимный характер,légitime
24979,legitimacy,легитимными,légitime
24980,legitimacy,законными,légitime
24981,legitimacy,легитимизации,légitimité
24982,legitimacy,легитимизации,légitimation
24983,legitimacy,законное право,no_equality
24984,agriculturalists,земледельцев,no_equality
24985,agriculturalists,земледельцами,agriculteur
24986,agriculturalists,земледельцы,agriculteur
24987,agriculturalists,фермерским хозяйствам,no_equality
24988,syllabify,учебных программ,no_equality
24989,syllabify,учебные программы,no_equality
24990,syllabify,учебные планы,no_equality
24991,syllabify,учебным программам,no_equality
24992,syllabify,программы обучения,no_equality
24993,syllabify,плана занятий,no_equality
24994,syllabify,учебных программах,no_equality
24995,syllabify,учебная программа,no_equality
24996,racket,ракетка,raquette
24997,racket,шум,vacarme
24998,racket,шум,bruit
24999,racket,шум,tapage
25000,racket,рэкет,racket
25001,racket,рэкет,arnaque
25002,racket,грохот,vacarme
25003,racket,грохот,bruit
25004,racket,афера,arnaque
25005,racket,афера,escroquerie
25006,racket,жульничество,arnaque
25007,racket,жульничество,escroquerie
25008,racket,гам,no_equality
25009,racket,гул,bruit
25010,unplugging,отключить,débrancher
25011,stigmatize,заклеймить,stigmatiser
25012,stigmatize,очернить,no_equality
25013,stigmatize,клеймить,stigmatiser
25014,stigmatize,подвергать остракизму,stigmatisation
25015,stigmatize,к стигматизации,stigmatiser
25016,stigmatize,к стигматизации,stigmatisation
25017,stigmatize,стигматизацию,no_equality
25018,stigmatize,критики,no_equality
25019,stigmatize,стигматизировали,no_equality
25020,stigmatize,очернение,no_equality
25021,canters,центров,no_equality
25022,canters,центры,no_equality
25023,summational,субнациональный,infranational
25024,summational,субнациональный,sous-national
25025,summational,субнациональных,infranationaux
25026,summational,субнациональных,sous-nationaux
25027,summational,субнациональных,infranationale
25028,summational,субнациональные,infranationaux
25029,summational,субнациональные,sous-nationaux
25030,summational,субнационального,infranational
25031,summational,субнациональными,no_equality
25032,summational,субнациональным,sous-national
25033,summational,субнациональным,infranationaux
25034,summational,субнациональной,infranational
25035,summational,субнациональной,sous-national
25036,summational,местном,no_equality
25037,summational,субрегиональном,no_equality
25038,summational,субнациональное,no_equality
25039,summational,субнациональному,no_equality
25040,summational,субнациональная,no_equality
25041,summational,поднациональном,no_equality
25042,summational,местных,no_equality
25043,check_out,проверить,vérifier
25044,check_out,проверить,regarder
25045,check_out,проверить,voir
25046,check_out,проверить,inspecter
25047,check_out,посмотреть на,regarder
25048,check_out,посмотреть на,voir
25049,check_out,осмотреть,vérifier
25050,check_out,осмотреть,regarder
25051,check_out,осмотреть,voir
25052,check_out,осмотреть,visiter
25053,check_out,осмотреть,inspecter
25054,check_out,осмотреть,jeter un oeil
25055,check_out,заценить,mater
25056,check_out,зацените,no_equality
25057,check_out,смотри,regarder
25058,check_out,смотрите,regarder
25059,check_out,смотрите,voici
25060,check_out,проверять,vérifier
25061,check_out,проверять,regarder
25062,check_out,проверять,inspecter
25063,check_out,взглянуть на,regarder
25064,check_out,взглянуть на,voir
25065,check_out,выписаться,no_equality
25066,check_out,взять,emprunter
25067,check_out,выезжать,quitter
25068,check_out,брать,emprunter
25069,check_out,посмотрим на,regarder
25070,check_out,ознакомьтесь,no_equality
25071,check_out,посмотрю,vérifier
25072,check_out,посмотрю,jeter un oeil
25073,check_out,взгляни на,no_equality
25074,variably,частности,no_equality
25075,motorized,моторизованный,no_equality
25076,motorized,моторизированный,no_equality
25077,gushing,хлещет,no_equality
25078,gushing,хлестать,no_equality
25079,gushing,вытекала,no_equality
25080,gushing,словно фонтан бьёт,no_equality
25081,gushing,фонтаны,no_equality
25082,parliaments,парламентов,parlement
25083,parliaments,парламентов,parlementaire
25084,parliaments,парламенты,parlement
25085,parliaments,парламенты,parlementaire
25086,parliaments,парламентами,parlement
25087,parliaments,парламентам,no_equality
25088,parliaments,парламентах,parlement
25089,parliaments,парламентах,parlementaire
25090,parliaments,парламентариев,parlement
25091,parliaments,парламентариев,parlementaire
25092,parliaments,парламентариев,député
25093,parliaments,парламента,parlement
25094,parliaments,парламента,parlementaire
25095,parliaments,парламента,député
25096,parliaments,парламент,parlement
25097,parliaments,парламент,parlementaire
25098,parliaments,парламентарии,parlementaire
25099,parliaments,парламентарии,député
25100,parliaments,парламенте,no_equality
25101,parliaments,парламентариям,no_equality
25102,parliaments,парламентской,parlement
25103,parliaments,парламентской,parlementaire
25104,parliaments,парламентариями,parlementaire
25105,liberating,освобождение,libérateur
25106,liberating,освобождение,libération
25107,liberating,высвобождение,libération
25108,liberating,освободительный,no_equality
25109,liberating,освобождает,libérateur
25110,liberating,освобождает,libérer
25111,liberating,освобождает,libère
25112,liberating,освободить,no_equality
25113,liberating,освобождать,no_equality
25114,liberating,освобождая,libérer
25115,liberating,освобождающим,no_equality
25116,liberating,высвобождая,no_equality
25117,liberating,освободив,no_equality
25118,conditioning,conditioning,no_equality
25119,conditioning,кондиционирования,conditionnement
25120,conditioning,кондиционирование,conditionnement
25121,conditioning,кондиционеров,no_equality
25122,conditioning,выдерживание,no_equality
25123,conditioning,создание условий,no_equality
25124,conditioning,кондиционированию,conditionnement
25125,vow,клятва,voeu
25126,vow,клятва,serment
25127,vow,обет,voeu
25128,vow,обет,serment
25129,vow,обет,promesse
25130,vow,клянусь,serment
25131,vow,поклялся,no_equality
25132,vow,обещание,voeu
25133,vow,обещание,serment
25134,vow,обещание,promesse
25135,vow,обещаю,no_equality
25136,vow,поклялась,no_equality
25137,vow,клянёмся,no_equality
25138,vow,поклялись,no_equality
25139,vow,клялся,no_equality
25140,blowy,ветрено,no_equality
25141,magnates,магнатов,magnat
25142,magnates,магнаты,magnat
25143,teleport,телепорт,téléportation
25144,teleport,телепорт,téléporteur
25145,teleport,телепортироваться,me téléporte
25146,teleport,телепортировать,téléporter
25147,teleport,телепортации,téléporteur
25148,teleport,телепортируемся,no_equality
25149,teleport,телепортом,no_equality
25150,teleport,телепортацию,téléportation
25151,butters,Баттерс,butters
25152,downplaying,принижая,no_equality
25153,downplaying,принижение,no_equality
25154,downplaying,преуменьшение,no_equality
25155,downplaying,умаляя,sous-estimer
25156,approximations,аппроксимации,no_equality
25157,approximations,приблизительные значения,no_equality
25158,approximations,приближенные значения,no_equality
25159,Crustaceas,ракообразных,no_equality
25160,Crustaceas,ракообразные,no_equality
25161,Crustaceas,ракообразным,no_equality
25162,Crustaceas,ракообразными,no_equality
25163,annotated,аннотированный,annoté
25164,annotated,аннотированной,no_equality
25165,annotated,аннотированного,annoté
25166,annotated,аннотированная,no_equality
25167,annotated,аннотированные,annoté
25168,annotated,аннотированную,annoté
25169,annotated,аннотированных,no_equality
25170,annotated,аннотированное,no_equality
25171,annotated,аннотациями,annoté
25172,annotated,аннотированном,no_equality
25173,annotated,аннотированным,no_equality
25174,internalisation,интернализация,no_equality
25175,foothill,подножие,no_equality
25176,foothill,предгорье,no_equality
25177,foothill,футхилл,foothill
25178,fairies,фей,fée
25179,fairies,эльфы,elfe
25180,fairies,феям,fée
25181,fairies,фейри,fée
25182,fairies,фейри,êtres magiques
25183,fairies,феями,fée
25184,fairies,феях,fée
25185,fairies,феечек,fée
25186,fairies,феи есть,fée
25187,fairies,гомики,no_equality
25188,fairies,педиков,pédé
25189,fairies,гомиков,pédé
25190,fairies,эльфов,elfe
25191,overshot,промахнулся,no_equality
25192,overshot,перестарались,no_equality
25193,overshot,слегка преувеличил,no_equality
25194,viewpoints,точки зрения,points de vue
25195,viewpoints,точки зрения,point de vue
25196,viewpoints,точки зрения,avis
25197,viewpoints,точки зрения,angle
25198,viewpoints,точек зрения,no_equality
25199,viewpoints,мнения,points de vue
25200,viewpoints,мнения,opinion
25201,viewpoints,мнения,position
25202,viewpoints,мнения,avis
25203,viewpoints,мнений,points de vue
25204,viewpoints,мнений,opinion
25205,viewpoints,мнений,avis
25206,viewpoints,мнениями,points de vue
25207,viewpoints,мнениями,opinion
25208,viewpoints,мнениями,perspective
25209,viewpoints,мнениями,avis
25210,viewpoints,позиции,no_equality
25211,viewpoints,точками зрения,opinion
25212,viewpoints,точками зрения,vision
25213,viewpoints,взгляды,points de vue
25214,viewpoints,взгляды,opinion
25215,viewpoints,взгляды,vision
25216,viewpoints,точках зрения,points de vue
25217,viewpoints,точкам зрения,points de vue
25218,viewpoints,воззрения,points de vue
25219,viewpoints,воззрения,perspective
25220,viewpoints,воззрения,conception
25221,viewpoints,точку зрения,points de vue
25222,viewpoints,точку зрения,point de vue
25223,viewpoints,точку зрения,avis
25224,viewpoints,взглядов,points de vue
25225,viewpoints,взглядов,opinion
25226,viewpoints,взглядов,vision
25227,viewpoints,мнениях,points de vue
25228,viewpoints,мнениях,opinion
25229,viewpoints,мнениях,avis
25230,canteens,столовых,no_equality
25231,canteens,столовые,cantine
25232,canteens,столовым,no_equality
25233,canteens,столовыми,cantine
25234,canteens,пунктов питания,réfectoire
25235,canteens,фляг,no_equality
25236,canteens,буфетов,no_equality
25237,mottled,пятнистый,tacheté
25238,mottled,крапчатый,no_equality
25239,mottled,пёстрый,no_equality
25240,mottled,следы,no_equality
25241,scoundrel,негодяй,canaille
25242,scoundrel,негодяй,vaurien
25243,scoundrel,негодяй,crapule
25244,scoundrel,негодяй,scélérat
25245,scoundrel,негодяй,fripouille
25246,scoundrel,негодяй,coquin
25247,scoundrel,негодяй,salaud
25248,scoundrel,подлец,canaille
25249,scoundrel,подлец,vaurien
25250,scoundrel,подлец,scélérat
25251,scoundrel,подлец,gredin
25252,scoundrel,подлец,fripouille
25253,scoundrel,подлец,salaud
25254,scoundrel,мерзавец,vaurien
25255,scoundrel,мерзавец,crapule
25256,scoundrel,мерзавец,voyou
25257,scoundrel,мерзавец,salaud
25258,scoundrel,негодник,vaurien
25259,scoundrel,негодник,fripouille
25260,scoundrel,негодник,coquin
25261,scoundrel,проходимец,no_equality
25262,scoundrel,каналья,canaille
25263,scoundrel,жулик,crapule
25264,scoundrel,жулик,voyou
25265,scoundrel,негодяйка,misérable
25266,scoundrel,прохвост,no_equality
25267,rowdily,легко,facilement
25268,rowdily,легко,aisément
25269,rowdily,легко,bien
25270,rowdily,всегда,no_equality
25271,rowdily,охотно,facilement
25272,rowdily,охотно,volontiers
25273,rowdily,вполне,facilement
25274,rowdily,вполне,aisément
25275,rowdily,вполне,bien
25276,rowdily,быстро,facilement
25277,rowdily,быстро,rapidement
25278,rowdily,быстро,promptement
25279,rowdily,быстро,rapide
25280,rowdily,свободно,facilement
25281,rowdily,беспрепятственно,facilement
25282,rowdily,беспрепятственно,aisément
25283,rowdily,беспрепятственно,sans difficulté
25284,rowdily,готовностью,no_equality
25285,rowdily,оперативно,no_equality
25286,rowdily,легкостью,no_equality
25287,rowdily,оперативного,no_equality
25288,rowdily,легче,no_equality
25289,rowdily,без труда,facilement
25290,rowdily,без труда,aisément
25291,rowdily,без труда,sans difficulté
25292,rowdily,очень легко,no_equality
25293,rowdily,доступные,no_equality
25294,dismantled,разобранный,no_equality
25295,accommodations,жилья,logement
25296,accommodations,жилья,hébergement
25297,accommodations,жилье,logement
25298,accommodations,жилье,hébergement
25299,accommodations,номера,hôtel
25300,accommodations,жилых помещений,logement
25301,accommodations,жилых помещений,hébergement
25302,accommodations,размещения,logement
25303,accommodations,размещения,hébergement
25304,accommodations,размещение,logement
25305,accommodations,размещение,hébergement
25306,accommodations,размещение,locaux
25307,accommodations,жилые помещения,logement
25308,accommodations,проживания,logement
25309,accommodations,проживания,hébergement
25310,accommodations,проживание,no_equality
25311,accommodations,жильем,logement
25312,accommodations,жильем,hébergement
25313,accommodations,помещение,logement
25314,accommodations,гостиницах,hébergement
25315,accommodations,конструкций,no_equality
25316,accommodations,апартаменты,no_equality
25317,accommodations,жилых помещениях,logement
25318,mentality,ум,esprit
25319,mentality,психика,no_equality
25320,mentality,душевность,no_equality
25321,mentality,мировосприятие,no_equality
25322,mentality,способность мышления,mentalité
25323,mentality,способность мышления,pensée
25324,departing,отхода,dérogation
25325,departing,отъезжающих,départ
25326,departing,отправляется,no_equality
25327,departing,убывающих,no_equality
25328,departing,вылетающих,no_equality
25329,departing,отбывающих,no_equality
25330,departing,уходящих,no_equality
25331,departing,отъездом,départ
25332,departing,отходит,no_equality
25333,departing,отъезда,départ
25334,departing,отправляемся,no_equality
25335,departing,убывающего,no_equality
25336,Leviticuses,левит,lévitique
25337,Leviticuses,левите,no_equality
25338,damages,убытки,no_equality
25339,damages,ущерб,dommage
25340,damages,ущерб,dommages-intérêts
25341,damages,ущерб,dégât
25342,damages,ущерб,préjudice
25343,damages,возмещении ущерба,dommage
25344,damages,возмещении ущерба,réparation
25345,damages,возмещении ущерба,indemnisation
25346,damages,возмещения убытков,dommages-intérêts
25347,damages,возмещения убытков,dommages et intérêts
25348,damages,возмещении убытков,dommages et intérêts
25349,damages,возмещении убытков,dédommagement
25350,damages,компенсации,réparation
25351,damages,компенсации,indemnisation
25352,damages,компенсации,indemnité
25353,damages,компенсацию,dommage
25354,damages,компенсацию,réparation
25355,damages,компенсацию,indemnisation
25356,damages,компенсацию,indemnité
25357,damages,ущербом,dommage
25358,damages,ущербом,dommages-intérêts
25359,damages,ущербом,préjudice
25360,damages,повреждения,dégât
25361,damages,убытках,no_equality
25362,damages,вреда,dommage
25363,damages,вреда,préjudice
25364,damages,вреда,réparation
25365,damages,ущербе,dommage
25366,damages,ущербе,dégât
25367,damages,ущербе,préjudice
25368,damages,повреждений,dommage
25369,damages,повреждений,dégât
25370,damages,компенсация,réparation
25371,damages,компенсация,indemnisation
25372,damages,компенсация,indemnité
25373,damages,повреждает,endommage
25374,colluded,вступил в сговор,no_equality
25375,colluded,сговорились,ont conspiré
25376,colluded,сговорился,no_equality
25377,colluded,действовали в сговоре,no_equality
25378,colluded,сговорилась,no_equality
25379,colluded,устроили заговор,no_equality
25380,rivals,соперников,rival
25381,rivals,соперников,concurrent
25382,rivals,соперников,adversaire
25383,rivals,соперники,rival
25384,rivals,соперниками,rival
25385,rivals,соперниками,adversaire
25386,rivals,соперниками,compétiteur
25387,rivals,конкурентов,rival
25388,rivals,конкурентов,concurrent
25389,rivals,конкурентов,concurrence
25390,rivals,конкуренты,rival
25391,rivals,конкуренты,concurrent
25392,rivals,конкуренты,adversaire
25393,rivals,конкуренты,compétiteur
25394,rivals,конкурентами,no_equality
25395,rivals,противников,rival
25396,rivals,противников,adversaire
25397,rivals,противников,ennemi
25398,rivals,противники,rival
25399,rivals,противники,adversaire
25400,rivals,противники,ennemi
25401,rivals,соперничает,no_equality
25402,rivals,конкурентам,rival
25403,rivals,конкурентам,concurrent
25404,rivals,конкурентам,adversaire
25405,rivals,соперникам,rival
25406,rivals,соперникам,concurrent
25407,rivals,противниками,rival
25408,rivals,противниками,adversaire
25409,rivals,противниками,ennemi
25410,dramatise,драматизировать,dramatiser
25411,matriculating,поступление в вуз,no_equality
25412,macaques,макаки,no_equality
25413,macaques,макак,macaque
25414,macaques,маготы,no_equality
25415,secreted,укрыты,no_equality
25416,secreted,спрятали,no_equality
25417,secreted,выделяемая,no_equality
25418,secreted,спрятал,no_equality
25419,insatiable,ненасытный,insatiable
25420,insatiable,ненасытная,no_equality
25421,insatiable,ненасытен,no_equality
25422,insatiable,неутолимое,no_equality
25423,insatiable,неотразимая,no_equality
25424,insatiable,ненасытна,insatiable
25425,insatiable,неутолимый,no_equality
25426,insatiable,ненасытными,no_equality
25427,insatiable,ненасытно,no_equality
25428,laxatives,слабительное,laxatif
25429,laxatives,слабительные,no_equality
25430,laxatives,слабительным,no_equality
25431,laxatives,лакситивз,no_equality
25432,reimburse,возмещать,rembourser
25433,reimburse,возмещать,indemniser
25434,reimburse,возвращать,rembourser
25435,reimburse,возвращать,restituer
25436,sociability,общительность,no_equality
25437,optionally,факультативно,no_equality
25438,optionally,при необходимости,éventuellement
25439,optionally,по желанию,au choix
25440,optionally,опционально,no_equality
25441,optionally,при желании,no_equality
25442,optionally,факультативном порядке,no_equality
25443,optionally,факультативную,no_equality
25444,optionally,факультативной основе,no_equality
25445,steering,рулевой,barre
25446,steering,руководство,direction
25447,steering,руководство,orientation
25448,steering,управление,direction
25449,steering,управление,pilotage
25450,steering,управление,commande
25451,steering,управление,conduite
25452,steering,рулевое управление,direction
25453,steering,руководящих,direction
25454,steering,руководящих,orientation
25455,steering,руководящие,direction
25456,steering,руководящие,orientation
25457,steering,руководящими,no_equality
25458,steering,руль,commande
25459,steering,руль,gouvernail
25460,steering,руля,gouvernail
25461,steering,руля,gouverne
25462,steering,рулем,no_equality
25463,steering,управлять,no_equality
25464,liable,подверженный,no_equality
25465,liable,ответственный,responsable
25466,liable,ответственный,responsabilité
25467,liable,обязанный,no_equality
25468,liable,вероятный,no_equality
25469,liable,склонный,no_equality
25470,liable,подлежащий,no_equality
25471,liable,несущий ответственность,responsabilité
25472,consignment,партия,envoi
25473,consignment,партия,lot
25474,consignment,партия,expédition
25475,consignment,партия,cargaison
25476,consignment,партия,chargement
25477,consignment,партия,livraison
25478,consignment,партия,arrivage
25479,consignment,груз,envoi
25480,consignment,груз,cargaison
25481,consignment,груз,chargement
25482,consignment,груз,livraison
25483,consignment,груз,colis
25484,consignment,груз,marchandise
25485,consignment,отправки,envoi
25486,consignment,отправки,expédition
25487,consignment,партия груза,lot
25488,consignment,партия груза,chargement
25489,consignment,консигнация,no_equality
25490,consignment,отправку,envoi
25491,consignment,отправку,expédition
25492,consignment,отправке,envoi
25493,consignment,отправке,expédition
25494,consignment,отправления,expédition
25495,consignment,отправка,envoi
25496,consignment,отправка,expédition
25497,implicational,последствия,incidence
25498,implicational,последствия,implication
25499,implicational,последствия,conséquence
25500,implicational,последствия,répercussion
25501,implicational,последствия,retombée
25502,implicational,последствия,ramification
25503,implicational,последствий,incidence
25504,implicational,последствий,implication
25505,implicational,последствий,conséquence
25506,implicational,последствий,répercussion
25507,implicational,последствий,effet
25508,implicational,последствий,impact
25509,implicational,последствий,retombée
25510,implicational,последствий,ramification
25511,implicational,последствиях,incidence
25512,implicational,последствиях,implication
25513,implicational,последствиях,conséquence
25514,implicational,последствиях,répercussion
25515,implicational,последствиях,effet
25516,implicational,последствиях,impact
25517,implicational,последствиях,retombée
25518,implicational,последствиями,effet
25519,implicational,последствиями,impact
25520,implicational,последствиям,incidence
25521,implicational,последствиям,implication
25522,implicational,последствиям,conséquence
25523,implicational,последствиям,répercussion
25524,implicational,последствиям,effet
25525,implicational,последствиям,impact
25526,implicational,последствиям,retombée
25527,implicational,влияние,incidence
25528,implicational,влияние,conséquence
25529,implicational,влияние,répercussion
25530,implicational,влияние,retombée
25531,implicational,значение,incidence
25532,implicational,значение,portée
25533,implicational,воздействие,effet
25534,implicational,воздействие,impact
25535,implicational,сказывается,conséquence
25536,implicational,сказывается,effet
25537,implicational,сказывается,impact
25538,implicational,влияния,effet
25539,implicational,влияния,impact
25540,implicational,воздействия,effet
25541,implicational,воздействия,impact
25542,implicational,значения,portée
25543,implicational,влиянии,conséquence
25544,implicational,влиянии,répercussion
25545,implicational,влиянии,effet
25546,implicational,влиянии,impact
25547,implicational,воздействии,incidence
25548,implicational,воздействии,répercussion
25549,implicational,воздействии,effet
25550,implicational,воздействии,impact
25551,implicational,значении,no_equality
25552,notional,условный,no_equality
25553,notional,номинальный,nominal
25554,notional,условно исчисленные,no_equality
25555,notional,условно исчисленная,no_equality
25556,notional,расчетный показатель,no_equality
25557,notional,теоретические,théorique
25558,notional,мрп,no_equality
25559,Dickinsons,дикинсон,dickinson
25560,Dickinsons,дикинсона,dickinson
25561,Dickinsons,диккинсон,no_equality
25562,Dickinsons,дикенсон,dickinson
25563,benedicts,бенедикта,benedict
25564,benedicts,бенедиктов,no_equality
25565,benedicts,"бенедикты, основали",no_equality
25566,sultriness,духота,no_equality
25567,moistness,влажность,humidité
25568,moistness,влажность,moiteur
25569,reciprocative,отплатить,no_equality
25570,reciprocative,отблагодарить,no_equality
25571,reciprocative,ответит взаимностью,no_equality
25572,reciprocative,ответить взаимностью на,no_equality
25573,reciprocative,ответные,no_equality
25574,reciprocative,ответить тем же,no_equality
25575,reciprocative,взаимности,no_equality
25576,reciprocative,ответит на,no_equality
25577,breakable,хрупкий,fragile
25578,breakable,сбивной,no_equality
25579,cold,холодный,froid
25580,cold,холодный,glacé
25581,cold,холодный,glacial
25582,cold,холодно,refroidi
25583,cold,холодно,glacial
25584,cold,ледяной,glacé
25585,cold,ледяной,glacial
25586,cold,ледяной,gelé
25587,cold,прохладно,frai
25588,cold,жестоко,no_equality
25589,cold,холод,froid
25590,cold,холод,froideur
25591,cold,холод,froidure
25592,cold,простуда,rhume
25593,cold,простуда,grippe
25594,cold,мороз,froid
25595,cold,насморк,rhume
25596,cold,замерзла,no_equality
25597,cold,остынет,no_equality
25598,cold,остыл,refroidi
25599,cold,замерз,froid
25600,cold,замерз,gelé
25601,cold,колд,no_equality
25602,cold,в холодном виде,no_equality
25603,antidotes,противоядия,antidote
25604,antidotes,антидотов,no_equality
25605,antidotes,противоядий,no_equality
25606,antidotes,противоядие,antidote
25607,antidotes,антидотами,no_equality
25608,assimilating,ассимиляция,assimiler
25609,assimilating,ассимиляция,assimilation
25610,tuberculous,туберкулезного,no_equality
25611,tramples,попирает,foule aux pieds
25612,tramples,попирает,bafoue
25613,tramples,растаптывает,no_equality
25614,plastic,пластиковый,en plastique
25615,plastic,пластический,plastique
25616,plastic,пластический,plasticien
25617,plastic,пластмассовый,en plastique
25618,plastic,полиэтиленовый,plastique
25619,plastic,пластика,plastique
25620,plastic,пластик,plastique
25621,plastic,пластмасса,plastique
25622,plastic,пакет,no_equality
25623,plastic,пластичный,plastique
25624,plastic,полиэтилен,plastique
25625,plastic,пленку,plastique
25626,inflections,интонации,intonation
25627,collect,собирать,recueillir
25628,collect,собирать,collecter
25629,collect,собирать,rassembler
25630,collect,собирать,récupérer
25631,collect,собирать,ramasser
25632,collect,собирать,réunir
25633,collect,собирать,récolter
25634,collect,собирать,collectionner
25635,collect,собирать,assembler
25636,collect,получать,recueillir
25637,collect,получать,percevoir
25638,collect,получать,récolter
25639,collect,получать,obtenir
25640,collect,получать,toucher
25641,collect,получать,encaisser
25642,collect,взимать,collecter
25643,collect,взимать,percevoir
25644,collect,взимать,prélever
25645,collect,коллекционировать,collectionner
25646,collect,накапливаться,s'accumuler
25647,collect,забрать,récupérer
25648,collect,забрать,chercher
25649,collect,забрать,prendre
25650,collect,забрать,aller chercher
25651,collect,сбор,no_equality
25652,collect,сборник,no_equality
25653,photosensitive,светочувствительный,no_equality
25654,cleaners,химчистку,teinturier
25655,cleaners,химчистки,teinturier
25656,cleaners,уборщиков,no_equality
25657,cleaners,химчистке,pressing
25658,cleaners,химчистке,teinturier
25659,cleaners,уборщики,no_equality
25660,cleaners,химчистка,nettoyeur
25661,cleaners,химчистка,pressing
25662,cleaners,чистку,pressing
25663,cleaners,чистку,nettoyage
25664,cleaners,чистку,teinturier
25665,cleaners,уборщиц,femmes de ménage
25666,cleaners,чистильщики,no_equality
25667,cleaners,уборщицы,femmes de ménage
25668,cleaners,очистителей,no_equality
25669,cleaners,чистки,nettoyage
25670,cleaners,очистители,no_equality
25671,cleaners,фар,no_equality
25672,cleaners,чистильщиков,no_equality
25673,pepper,перец,poivre
25674,pepper,перец,poivron
25675,pepper,перец,piment
25676,pepper,перечница,no_equality
25677,pepper,перчить,no_equality
25678,pepper,наперчить,no_equality
25679,pepper,перечный,no_equality
25680,salting,засолка,no_equality
25681,salting,засоление,no_equality
25682,salting,посол,no_equality
25683,salting,посолка,no_equality
25684,salting,Солка,no_equality
25685,boring,скучный,ennuyeux
25686,boring,скучный,barbant
25687,boring,нудный,ennuyeux
25688,boring,занудный,ennuyeux
25689,boring,зануда,no_equality
25690,boring,скука,ennui
25691,boring,скукотища,no_equality
25692,boring,унылый,no_equality
25693,boring,сверлящий,no_equality
25694,boring,скукота,ennuyeux
25695,boring,скукота,barbant
25696,boring,сверление,perçage
25697,boring,скучать,no_equality
25698,boring,наскучил,no_equality
25699,boring,утомил,no_equality
25700,boring,наскучила,no_equality
25701,boring,соскучишься,no_equality
25702,boring,наскучило,no_equality
25703,boring,наскучили,no_equality
25704,jeopardized,под угрозой,no_equality
25705,jeopardized,ставит под угрозу,no_equality
25706,jeopardized,поставлены под угрозу,no_equality
25707,jeopardized,подрывает,compromettre
25708,jeopardized,подрывает,compromet
25709,jeopardized,подрывает,compromettent
25710,jeopardized,угрожает,no_equality
25711,jeopardized,угрожают,compromettent
25712,jeopardized,подрывают,compromettre
25713,jeopardized,подрывают,compromet
25714,jeopardized,подрывают,compromettent
25715,jeopardized,подорваны,no_equality
25716,jeopardized,подвергает опасности,met en péril
25717,jeopardized,подорван,compromise
25718,jeopardized,угрозу для,no_equality
25719,jeopardized,под серьезную угрозу,no_equality
25720,jeopardized,подрывается,compromet
25721,defecate,испражняться,déféquer
25722,defecate,очищаться,no_equality
25723,defecate,очищать,no_equality
25724,defecate,испражняются,no_equality
25725,defecate,дефекации,no_equality
25726,defecate,естественные надобности,no_equality
25727,defecate,какать,déféquer
25728,defecate,срать,no_equality
25729,defecate,испражняйся,no_equality
25730,docks,доках,quai
25731,docks,доках,dock
25732,docks,доках,port
25733,docks,доки,quai
25734,docks,доки,dock
25735,docks,доки,port
25736,docks,доков,quai
25737,docks,доков,dock
25738,docks,доков,port
25739,docks,докам,no_equality
25740,docks,порту,dock
25741,docks,порту,port
25742,docks,пристани,quai
25743,docks,пристани,dock
25744,docks,пристани,port
25745,docks,доками,no_equality
25746,docks,причале,quai
25747,docks,причале,dock
25748,docks,порт,port
25749,docks,причалов,dock
25750,docks,причала,quai
25751,docks,причала,dock
25752,docks,причала,embarcadère
25753,docks,доке,quai
25754,docks,доке,dock
25755,docks,доке,port
25756,docks,порта,dock
25757,docks,порта,port
25758,docks,причалу,dock
25759,annoyed,раздражает,no_equality
25760,annoyed,раздражен,agacé
25761,annoyed,раздражен,ennuyé
25762,annoyed,раздражен,énervé
25763,annoyed,раздражен,contrarié
25764,annoyed,раздражена,énervé
25765,annoyed,раздражена,irrité
25766,annoyed,раздражена,contrariée
25767,annoyed,раздражало,no_equality
25768,annoyed,недовольный,mécontent
25769,annoyed,раздражал,énervait
25770,annoyed,разозлился,no_equality
25771,annoyed,раздраженным,contrarié
25772,annoyed,раздражают,no_equality
25773,annoyed,раздражала,no_equality
25774,annoyed,раздражаться,no_equality
25775,annoyed,злился,no_equality
25776,annoyed,раздосадованный,no_equality
25777,annoyed,злишься,no_equality
25778,proclaiming,провозглашение,proclamation
25779,proclaiming,провозглашение,proclamer
25780,proclaiming,провозгласив,no_equality
25781,proclaiming,объявление,proclamation
25782,proclaiming,объявление,annoncer
25783,proclaiming,объявление,annonce
25784,proclaiming,провозглашая,no_equality
25785,proclaiming,провозглашающей,proclamant
25786,proclaiming,о провозглашении,proclamation
25787,proclaiming,о провозглашении,proclamant
25788,proclaiming,объявив,no_equality
25789,proclaiming,провозглашающую,no_equality
25790,proclaiming,провозгласить,no_equality
25791,proclaiming,провозглашено,proclamation
25792,proclaiming,провозглашено,proclamer
25793,proclaiming,провозглашено,proclamaient
25794,proclaiming,провозгласившей,no_equality
25795,proclaiming,провозглашать,no_equality
25796,proclaiming,объявления,proclamation
25797,proclaiming,объявления,annoncer
25798,proclaiming,объявления,annonce
25799,proclaiming,об объявлении,no_equality
25800,outraged,возмущены,indignation
25801,outraged,возмущен,indigné
25802,outraged,возмущен,outragé
25803,outraged,возмущен,furieux
25804,outraged,возмущен,choqué
25805,outraged,возмущена,no_equality
25806,outraged,возмущение,no_equality
25807,outraged,в ярости,furieux
25808,outraged,возмущаться,no_equality
25809,outraged,разгневан,no_equality
25810,outraged,возмущенные,no_equality
25811,outraged,оскорблен,no_equality
25812,outraged,чувство негодования,no_equality
25813,outraged,возмутили,indigné
25814,outraged,возмущают,no_equality
25815,defensively,оборонительный,no_equality
25816,defensively,оборонительно,no_equality
25817,lenders,кредиторов,no_equality
25818,lenders,кредиторы,bailleurs de fonds
25819,lenders,кредиторы,créancier
25820,lenders,кредиторами,prêteur
25821,lenders,кредиторами,créancier
25822,lenders,кредиторам,créancier
25823,lenders,кредитодатели,no_equality
25824,lenders,ссудодатели,no_equality
25825,lenders,заимодателей,prêteur
25826,lenders,ссудодателей,prêteur
25827,lenders,кредитодателей,no_equality
25828,lenders,ссудодателям,no_equality
25829,lenders,заимодатели,prêteur
25830,lenders,кредитным учреждениям,no_equality
25831,lenders,кредитными учреждениями,no_equality
25832,lenders,заимодателями,no_equality
25833,lenders,кредитодателями,prêteur
25834,developments,события,évolution
25835,developments,события,situation
25836,developments,событий,développement
25837,developments,событий,événement
25838,developments,событий,faits nouveaux
25839,developments,событий,situation
25840,developments,изменения,progrès
25841,developments,изменения,changement
25842,developments,изменений,progrès
25843,developments,изменений,changement
25844,developments,событиях,développement
25845,developments,событиях,événement
25846,developments,событиях,faits nouveaux
25847,developments,событиях,nouveauté
25848,developments,событиями,no_equality
25849,developments,изменениях,évolution
25850,developments,изменениях,développement
25851,developments,изменениях,faits nouveaux
25852,developments,тенденции,évolution
25853,developments,тенденции,faits nouveaux
25854,developments,тенденции,situation
25855,developments,тенденции,changement
25856,developments,тенденции,tendance
25857,developments,развития,développement
25858,developments,развития,progrès
25859,developments,развития,aménagement
25860,developments,сдвиги,progrès
25861,developments,событиям,développement
25862,developments,событиям,événement
25863,developments,событиям,faits nouveaux
25864,developments,развитие,développement
25865,developments,развитие,progrès
25866,developments,достижения,no_equality
25867,developments,изменениями,évolution
25868,developments,достижений,no_equality
25869,emits,излучает,émet
25870,emits,испускает,émet
25871,emits,выделяет,émet
25872,emits,издает,no_equality
25873,emits,выбрасывает,no_equality
25874,emits,выбрасывается,no_equality
25875,emits,пускает,no_equality
25876,emits,происходит выброс,émission
25877,emits,излучаемые,no_equality
25878,perimeters,периметры,périmètre
25879,perimeters,периметров,no_equality
25880,perimeters,периметру,périmètre
25881,perimeters,периметру,pourtour
25882,perimeters,периметр,périmètre
25883,perimeters,периметрами,no_equality
25884,perimeters,периметром,no_equality
25885,perimeters,границы,no_equality
25886,perimeters,периметра,périmètre
25887,perimeters,периметрам,no_equality
25888,stingers,стингеров,no_equality
25889,stingers,"""стингеры""",no_equality
25890,stingers,скорожалов,no_equality
25891,Pawnees,пони,pawnee
25892,deepened,углубить,no_equality
25893,deepened,углублять,no_equality
25894,deepened,углубления,no_equality
25895,deepened,углубил,creusé
25896,deepened,углублению,approfondir
25897,deepened,углубили,creusé
25898,deepened,углубила,no_equality
25899,deepened,углубился,s'est aggravée
25900,deepened,углубляться,no_equality
25901,deepened,углубляют,approfondissent
25902,deepened,усилился,s'est aggravée
25903,deepened,углублены,no_equality
25904,deepened,расширила,no_equality
25905,deepened,усугубил,no_equality
25906,deepened,углублялось,no_equality
25907,emancipate,эмансипации,no_equality
25908,emancipate,освободиться от опеки,no_equality
25909,emancipate,эмансипировать,émanciper
25910,moos,му,no_equality
25911,moos,мычании,no_equality
25912,ripped,вырвали,a arraché
25913,ripped,вырвали,été arrachée
25914,ripped,разорвал,no_equality
25915,ripped,порвал,a arraché
25916,ripped,оторвал,a arraché
25917,ripped,оторвал,arracher
25918,ripped,сорвал,déchiré
25919,ripped,сорвал,a arraché
25920,ripped,порвала,no_equality
25921,ripped,разорвали,no_equality
25922,ripped,разорвала,a arraché
25923,ripped,разорвала,déchirée
25924,ripped,разорвала,déchirer
25925,ripped,вырвал,a arraché
25926,ripped,вырвал,arracher
25927,ripped,вырвала,a arraché
25928,ripped,вырвала,arracher
25929,ripped,разорвало,no_equality
25930,ripped,вырваны,été arrachée
25931,ripped,разорван,no_equality
25932,ripped,разорваны,no_equality
25933,ripped,оторвали,no_equality
25934,positives,срабатываний,no_equality
25935,positives,плюсы,bons côtés
25936,positives,положительных сторон,aspects positifs
25937,positives,значимых результатов,no_equality
25938,positives,положительные моменты,no_equality
25939,positives,позитив,positif
25940,positives,позитивной реакции,no_equality
25941,positives,срабатывания,no_equality
25942,explosions,взрывов,explosion
25943,explosions,взрывов,attentat
25944,explosions,взрывы,explosion
25945,explosions,взрыва,explosion
25946,explosions,взрыва,attentat
25947,explosions,взрыва,détonation
25948,explosions,взрывами,explosion
25949,explosions,взрывами,attentat
25950,explosions,взрывах,explosion
25951,explosions,взрывах,attentat
25952,explosions,взрывам,explosion
25953,explosions,взрывам,attentat
25954,explosions,взрыв,explosion
25955,explosions,взрыв,détonation
25956,explosions,взрыв,déflagration
25957,explosions,вспышки,explosion
25958,explosions,подрыва,explosion
25959,explosions,подрыва,détonation
25960,devolvements,участие,implication
25961,devolvements,деятельности,no_equality
25962,mediations,посредничество,médiation
25963,mediations,посредничества,médiation
25964,defrauding,мошенничество,escroquerie
25965,defrauding,мошенничество,fraude
25966,defrauding,обмане,escroquerie
25967,defrauding,обмане,tromperie
25968,defrauding,обманываете,no_equality
25969,defrauding,обманным путем,no_equality
25970,defrauding,хищении средств,no_equality
25971,defrauding,обман,escroquerie
25972,defrauding,обман,fraude
25973,defrauding,обман,tromperie
25974,defrauding,хищении у,no_equality
25975,treachery,предательство,trahison
25976,treachery,предательство,traîtrise
25977,treachery,предательство,tricherie
25978,treachery,предательство,trahir
25979,treachery,вероломство,trahison
25980,treachery,вероломство,perfidie
25981,treachery,предательский,no_equality
25982,reddening,покраснение,rougeur
25983,bomber,подрывник,bombardier
25984,bomber,подрывник,kamikaze
25985,bomber,подрывник,terroriste
25986,bomber,подрывник,plastiqueur
25987,bomber,подрывник,poseur de bombe
25988,bomber,подрывник,artificier
25989,bomber,террорист,kamikaze
25990,bomber,бомбардировщик,bombardier
25991,bomber,бомбист,poseur de bombe
25992,bomber,взрыватель,no_equality
25993,bomber,вояка,no_equality
25994,bomber,бомбардировщике,bombardier
25995,bomber,подрывнике,no_equality
25996,bomber,смертника,kamikaze
25997,angle,угол,angle
25998,angle,точка зрения,point de vue
25999,angle,сторона,no_equality
26000,angle,аспект,no_equality
26001,angle,угольник,no_equality
26002,angle,угловой профиль,angle
26003,angle,угловой,angle
26004,angle,угловой,angulaire
26005,angle,наклонный,no_equality
26006,bustling,оживленный,animé
26007,bustling,шумный,no_equality
26008,bustling,суетливый,no_equality
26009,bustling,суетливость,no_equality
26010,bustling,оживлённом,no_equality
26011,bustling,шумных,no_equality
26012,bustling,шумной,no_equality
26013,bustling,шумного,no_equality
26014,bustling,амстердама,no_equality
26015,bustling,оживленного,no_equality
26016,bustling,суетном,no_equality
26017,bustling,кипит,no_equality
26018,martens,мартенса,no_equality
26019,smoke,курить,fumer
26020,smoke,покурить,fumer
26021,smoke,выкурить,fumer
26022,smoke,закурить,fumer
26023,smoke,курнуть,no_equality
26024,smoke,дым,fumée
26025,smoke,курение,cigarette
26026,smoke,курение,tabagisme
26027,smoke,курение,fumette
26028,smoke,дымовой,fumigène
26029,smoke,сигарету,cigarette
26030,smoke,сигарету,clope
26031,smoke,дымности,fumée
26032,smoke,выкуривать,fumer
26033,smoke,дымить,fumer
26034,smoke,коптить,fumer
26035,smoke,дымок,fumée
26036,smoke,дымок,fumette
26037,smoke,пыль,no_equality
26038,smoke,чад,fumée
26039,smoke,сигареты,cigarette
26040,smoke,сигареты,clope
26041,smoke,задымить,no_equality
26042,conceptualizing,концептуализации,conceptualisation
26043,conceptualizing,концептуализации,conceptualiser
26044,conceptualizing,разработке концепции,no_equality
26045,conceptualizing,концептуализация,conceptualisation
26046,conceptualizing,разработки концепций,no_equality
26047,conceptualizing,разработку концепции,no_equality
26048,conceptualizing,разработка концепции,no_equality
26049,conceptualizing,определения концепции,no_equality
26050,conceptualizing,концептуального определения,conceptualisation
26051,conceptualizing,концептуализацию,no_equality
26052,conceptualizing,концептуализацией,no_equality
26053,conceptualizing,осмысление,no_equality
26054,monogamous,моногамный,monogame
26055,monogamous,моногамного,no_equality
26056,monogamous,моногамен,monogame
26057,monogamous,моногамию,no_equality
26058,monogamous,моногамная,no_equality
26059,monogamous,моногамна,no_equality
26060,monogamous,моногамии,no_equality
26061,monogamous,моногамное,no_equality
26062,imitation,имитация,imitation
26063,imitation,подражание,imitation
26064,imitation,копирование,no_equality
26065,imitation,подражательство,no_equality
26066,imitation,подделку,contrefaçon
26067,imitation,пародией,no_equality
26068,imitation,имитационных,no_equality
26069,imitation,подделка,imitation
26070,imitation,подделка,contrefaçon
26071,imitation,подражанием,no_equality
26072,imitation,ранкла,no_equality
26073,acquiring,приобретения,acquisition
26074,acquiring,приобретение,acquisition
26075,acquiring,приобретение,acquérir
26076,acquiring,приобретение,obtention
26077,acquiring,приобретение,se procurer
26078,acquiring,приобретение,achat
26079,acquiring,получения,acquisition
26080,acquiring,получения,obtenir
26081,acquiring,получения,obtention
26082,acquiring,получение,obtenir
26083,acquiring,получение,obtention
26084,acquiring,приобретать,acquisition
26085,acquiring,приобретать,acquérir
26086,acquiring,приобретать,obtenir
26087,acquiring,приобретать,contracter
26088,acquiring,приобретать,se procurer
26089,acquiring,приобрести,acquérir
26090,acquiring,приобрести,obtenir
26091,acquiring,приобрести,se procurer
26092,acquiring,приобретает,acquiert
26093,acquiring,приобретают,acquérir
26094,acquiring,приобретают,acquiert
26095,acquiring,приобретают,acquièrent
26096,acquiring,приобретая,acquérant
26097,acquiring,обретения,no_equality
26098,acquiring,приобретали,acquérir
26099,acquiring,закупки,achat
26100,acquiring,приобретающей,no_equality
26101,acquiring,приобретающих,acquéreur
26102,acquiring,приобретающие,no_equality
26103,claps,хлопает,applaudit
26104,claps,хлопает,frappe dans ses mains
26105,claps,хлопками,no_equality
26106,claps,хлопать,applaudissement
26107,Mandarins,мандаринов,no_equality
26108,Mandarins,мандарины,mandarine
26109,Mandarins,отсталые руководители,no_equality
26110,Mandarins,бюрократов,no_equality
26111,Mandarins,бюрократы,no_equality
26112,Mandarins,отсталыми руководителями,no_equality
26113,Mandarins,отсталых руководителей,no_equality
26114,stoppage,прекращение,arrêt
26115,stoppage,прекращение,interruption
26116,stoppage,прекращение,cessation
26117,stoppage,остановка,arrêt
26118,stoppage,остановка,immobilisation
26119,stoppage,приостановка,arrêt
26120,stoppage,локаут,no_equality
26121,stoppage,остановлена,no_equality
26122,stoppage,простоя,immobilisation
26123,stoppage,osa-1,no_equality
26124,zig-zag,зигзаг,no_equality
26125,zig-zag,зигзагообразный,no_equality
26126,zig-zag,зигзагообразно,no_equality
26127,zig-zag,зиг,no_equality
26128,zig-zag,зига,no_equality
26129,zig-zag,зигзаг,no_equality
26130,zig-zag,делать поворот,no_equality
26131,zig-zag,заг,no_equality
26132,zig-zag,зигзагами,no_equality
26133,zig-zag,виляют,no_equality
26134,burped,рыгнул,no_equality
26135,burped,срыгнул,no_equality
26136,burped,рыгал,no_equality
26137,burped,отрыгнула,no_equality
26138,burped,срыгнуть,no_equality
26139,encroached,вторглись,no_equality
26140,encroached,посягает,no_equality
26141,encroached,посягали,no_equality
26142,encroached,вторгались,no_equality
26143,encroached,вторгся,no_equality
26144,encroached,посягают,empiètent
26145,encroached,посягают,empiétaient
26146,encroached,собой посягательство,no_equality
26147,encroached,является посягательством,no_equality
26148,encroached,покушается,no_equality
26149,confirmation,подтверждение,confirmation
26150,confirmation,подтверждение,confirmé
26151,confirmation,подтверждение,confirmant
26152,confirmation,подтверждение,confirmer
26153,confirmation,подтверждение,validation
26154,confirmation,подтверждение,preuve
26155,confirmation,утверждение,validation
26156,confirmation,конфирмация,confirmation
26157,confirmation,подтверждает,no_equality
26158,confirmation,подтверждено,confirmation
26159,confirmation,подтверждено,confirmé
26160,confirmation,подтверждено,confirmer
26161,confirmation,подтвердить,no_equality
26162,confirmation,подтвердил,confirmé
26163,confirmation,подтвердил,confirme
26164,confirmation,подтвердил,confirment
26165,confirmation,подтвердил,confirmait
26166,confirmation,подтвердил,confirmer
26167,confirmation,подтвердили,confirmé
26168,confirmation,подтвердили,confirment
26169,confirmation,подтвердили,confirmer
26170,confirmation,подтверждающие,confirmation
26171,confirmation,подтверждающие,confirment
26172,confirmation,подтверждающие,confirmer
26173,confirmation,подтверждающие,preuve
26174,confirmation,подтверждающего,no_equality
26175,palpitations,учащенное сердцебиение,no_equality
26176,palpitations,учащенным сердцебиением,no_equality
26177,palpitations,колотится,no_equality
26178,Bosnia-Herzegovinas,боснии и герцеговине,no_equality
26179,Bosnia-Herzegovinas,боснии и герцеговины,bosnie-herzégovine
26180,Bosnia-Herzegovinas,босния и герцеговина,bosnie-herzégovine
26181,Bosnia-Herzegovinas,боснии-герцеговине,no_equality
26182,Bosnia-Herzegovinas,босния-герцеговина,no_equality
26183,Bosnia-Herzegovinas,боснию и герцеговину,bosnie-herzégovine
26184,ratifiers,ратифицировавших договор,no_equality
26185,ratifiers,"государств, ратифицировавших",ratification
26186,ratifiers,ратифицировали,ratification
26187,ratifiers,"государства, ратифицировавшие",no_equality
26188,martinis,мартини,martini
26189,fringes,периферии,périphérie
26190,fringes,окраинах,no_equality
26191,fringes,задворках,marge
26192,fringes,задворках,périphérie
26193,fringes,окраине,périphérie
26194,fringes,окраине,banlieue
26195,fringes,окраине,abord
26196,fringes,окраины,lisière
26197,fringes,окраины,banlieue
26198,fringes,маргинальное положение,no_equality
26199,fringes,краю,lisière
26200,fringes,обочине,écart
26201,fringes,грани,marge
26202,fringes,челочку,no_equality
26203,adventurers,авантюристов,aventurier
26204,adventurers,искателей приключений,no_equality
26205,adventurers,искатели приключений,aventurier
26206,adventurers,авантюристы,aventurier
26207,adventurers,авантюристами,no_equality
26208,adventurers,авантюристам,no_equality
26209,goodbye,прощание,aurevoir
26210,goodbye,прощание,adieu
26211,goodbye,прощание,au-revoir
26212,goodbye,свидания,no_equality
26213,goodbye,до свидания,au revoir
26214,goodbye,до свидания,adieu
26215,goodbye,до свидания,salut
26216,goodbye,до свидания,bye
26217,goodbye,прощальный,no_equality
26218,goodbye,всего доброго,bonsoir
26219,goodbye,пока,au revoir
26220,woefully,удручающе,lamentablement
26221,woefully,удручающе,tristement
26222,woefully,прискорбно,malheureusement
26223,woefully,катастрофически,no_equality
26224,woefully,ужасающе,no_equality
26225,woefully,безнадежно,no_equality
26226,woefully,к сожалению,malheureusement
26227,woefully,к сожалению,tristement
26228,woefully,увы,malheureusement
26229,woefully,острую,no_equality
26230,catabolize,усваивать,no_equality
26231,catabolize,усвоить,no_equality
26232,catabolize,переваривать,no_equality
26233,catabolize,перерабатывать,no_equality
26234,catabolize,метаболизму,no_equality
26235,catabolize,метаболизм,no_equality
26236,catabolize,метаболизировать,no_equality
26237,split,разделить,diviser
26238,split,разделить,partager
26239,split,разделить,séparer
26240,split,разделить,scinder
26241,split,разделить,répartir
26242,split,поделить,diviser
26243,split,поделить,partager
26244,split,делить,diviser
26245,split,делить,partager
26246,split,разбить,diviser
26247,split,разбить,séparer
26248,split,разбить,scinder
26249,split,расколоть,diviser
26250,split,делиться,partager
26251,split,раскол,scission
26252,split,раскол,division
26253,split,раскол,rupture
26254,split,раскол,clivage
26255,split,раскол,fracture
26256,split,сплит,no_equality
26257,split,разделение,scission
26258,split,разделение,division
26259,split,разделение,séparation
26260,split,раздвоение,no_equality
26261,split,разбивка,répartition
26262,split,расстались,no_equality
26263,split,разделились,no_equality
26264,split,сплите,no_equality
26265,split,сплита,no_equality
26266,split,разделять,diviser
26267,split,разделять,partager
26268,split,разделять,séparer
26269,split,разделять,scinder
26270,split,разделять,répartir
26271,split,трещина,fente
26272,split,трещина,fissure
26273,split,трещина,fracture
26274,split,сплитский,no_equality
26275,cannulization,ежегодную основу,no_equality
26276,cannulization,ежегодной основе,no_equality
26277,cannulization,ежегодное проведение,no_equality
26278,merges,сливается,fusionne
26279,merges,сливается,se fond
26280,merges,соединяется,no_equality
26281,merges,соединяет,no_equality
26282,merges,объединил,regroupe
26283,merges,проводит слияние,no_equality
26284,endeavouring,стремится,no_equality
26285,endeavouring,пытается,s'efforce
26286,endeavouring,пытается,tentent
26287,endeavouring,прилагает усилия,s'efforce
26288,endeavouring,прилагает усилия,s'emploie
26289,endeavouring,прилагает усилия,s'efforçait
26290,endeavouring,прилагает усилия,s'attache
26291,endeavouring,стремятся,s'efforce
26292,endeavouring,стремятся,s'efforcent
26293,endeavouring,стремятся,tentent
26294,endeavouring,старается,tente
26295,endeavouring,старается,s'efforce
26296,endeavouring,предпринимает усилия,s'efforce
26297,endeavouring,предпринимает усилия,s'emploie
26298,endeavouring,предпринимает усилия,s'efforçait
26299,endeavouring,пытаются,s'efforcent
26300,endeavouring,стремясь,no_equality
26301,endeavouring,принимает меры,s'efforce
26302,endeavouring,принимает меры,s'emploie
26303,endeavouring,принимает меры,s'attache
26304,endeavouring,стараются,s'efforce
26305,endeavouring,стараются,s'efforcent
26306,endeavouring,стараются,tentent
26307,endeavouring,стремимся,no_equality
26308,endeavouring,прилагают усилия,s'efforcent
26309,endeavouring,прилагают усилия,tentent
26310,endeavouring,прилагают усилия,s'emploient
26311,endeavouring,прилагает все усилия,s'efforce
26312,endeavouring,добивается,s'efforce
26313,endeavouring,попытке,no_equality
26314,computers,компьютеров,ordinateur
26315,computers,компьютеров,informatique
26316,computers,компьютеров,ordis
26317,computers,компьютеров,pc
26318,computers,компьютеров,ordi
26319,computers,компьютеры,ordinateur
26320,computers,компьютерами,informatique
26321,computers,компьютерах,ordinateur
26322,computers,компьютерах,ordis
26323,computers,компьютерах,serveur
26324,computers,компьютерам,informatique
26325,computers,компьютера,ordinateur
26326,computers,компьютера,ordi
26327,computers,компьютер,ordinateur
26328,computers,компьютер,pc
26329,computers,компьютер,ordi
26330,computers,компьютере,ordinateur
26331,computers,компьютере,pc
26332,computers,компьютере,ordi
26333,computers,компьютером,ordinateur
26334,computers,компьютером,ordi
26335,computers,эвм,ordinateur
26336,computers,эвм,calculateur
26337,computers,компы,ordinateur
26338,computers,вычислительная техника,machine
26339,computers,компьютерная техника,ordinateur
26340,computers,computers,no_equality
26341,computers,компьютеру,ordinateur
26342,computers,компьютеру,ordi
26343,Gnosticisms,агностицизм,no_equality
26344,convenes,созывает,convoque
26345,convenes,созывает,organise
26346,convenes,проводит,organise
26347,convenes,созывается,se réunit
26348,convenes,собирается,se réunit
26349,convenes,соберется,se réunira
26350,convenes,созыва,no_equality
26351,convenes,созываются,se réunit
26352,convenes,организует работу,organise
26353,convenes,созывают,no_equality
26354,oversimplification,упрощение,no_equality
26355,oversimplification,чрезмерное упрощение,no_equality
26356,oversimplification,упрощаешь,no_equality
26357,oversimplification,чрезмерным упрощением,no_equality
26358,oversimplification,чрезмерному упрощению,no_equality
26359,oversimplification,чрезмерного упрощения,no_equality
26360,oversimplification,было упрощением,no_equality
26361,spider,паук,araignée
26362,spider,паук,spider
26363,spider,спайдер,spider
26364,spider,паучок,no_equality
26365,spider,паучий,no_equality
26366,spider,паутина,no_equality
26367,spider,паучиха,araignée
26368,spider,паутину,toile
26369,spider,паучьих,no_equality
26370,spider,паукообразные,no_equality
26371,spider,спайдера,spider
26372,spider,spider,no_equality
26373,sensuous,чувственный,sensuel
26374,diocesan,епархиальный,diocésain
26375,soldiery,солдатня,no_equality
26376,garnished,украшенный,no_equality
26377,garnished,гарнированный,no_equality
26378,garnished,с гарниром,no_equality
26379,freelancer,фрилансер,freelance
26380,freelancer,художник,no_equality
26381,freelancer,внештатного сотрудника,no_equality
26382,freelancer,фрилансером,no_equality
26383,freelancer,фрилансом,no_equality
26384,freelancer,наемника,no_equality
26385,freelancer,внештатника,no_equality
26386,freelancer,летун,no_equality
26387,bohemias,богемный,no_equality
26388,bohemias,богемский,no_equality
26389,bohemias,богема,bohème
26390,bohemias,богемец,no_equality
26391,bohemias,богемной,no_equality
26392,bohemias,богемии,bohème
26393,bohemias,богемская,no_equality
26394,bohemias,богемно,bohème
26395,bohemias,богемскую,no_equality
26396,bohemias,богемского,no_equality
26397,wellsprings,родники,no_equality
26398,irregularity,нарушение,no_equality
26399,irregularity,нерегулярность,irrégularité
26400,irregularity,неправильность,irrégularité
26401,irregularity,неисправность,anomalie
26402,irregularity,неровности,no_equality
26403,irregularity,неравномерность,no_equality
26404,irregularity,нелегальное положение,no_equality
26405,irregularity,отклонение,no_equality
26406,irregularity,неровность,irrégularité
26407,irregularity,нерегулярного,no_equality
26408,irregularity,незаконности,no_equality
26409,irregularity,неурегулированности,no_equality
26410,balky,упрямый,entêté
26411,noble,благородный,no_equality
26412,noble,благородно,noble
26413,noble,дворянский,noble
26414,noble,дворянский,nobiliaire
26415,noble,дворянин,no_equality
26416,noble,благородство,noblesse
26417,noble,высоких,noble
26418,noble,высоких,haute
26419,noble,ноубл,noble
26420,noble,нобл,noble
26421,noble,высокой,no_equality
26422,noble,знатных,no_equality
26423,noble,высокие,haute
26424,noble,знатные,noble
26425,noble,знатной,no_equality
26426,noble,нобль,no_equality
26427,payloads,полезных нагрузок,charges utiles
26428,payloads,полезной нагрузки,charges utiles
26429,payloads,полезной нагрузки,charge utile
26430,payloads,полезные нагрузки,no_equality
26431,payloads,полезную нагрузку,charge utile
26432,payloads,аппаратуры,no_equality
26433,payloads,аппаратуру,no_equality
26434,payloads,аппаратурой,no_equality
26435,payloads,пн,no_equality
26436,payloads,полезная нагрузка,charges utiles
26437,payloads,полезная нагрузка,charge utile
26438,payloads,приборы,no_equality
26439,payloads,приборов,no_equality
26440,payloads,полезной нагрузкой,charge utile
26441,payloads,полезной нагрузке,no_equality
26442,payloads,грузоподъемности,no_equality
26443,payloads,вещания,no_equality
26444,committal,совершение,no_equality
26445,committal,приверженность,no_equality
26446,committal,заключение,incarcération
26447,committal,заключение под стражу,no_equality
26448,committal,под стражу,no_equality
26449,tracking,отслеживание,suivi
26450,tracking,отслеживание,localisation
26451,tracking,отслеживание,traçage
26452,tracking,отслеживание,surveillance
26453,tracking,отслеживание,dépistage
26454,tracking,розыск,recherche
26455,tracking,контроль за,contrôle
26456,tracking,сопровождение,no_equality
26457,tracking,маячок,traçage
26458,tracking,маячок,pistage
26459,tracking,слежение,localisation
26460,tracking,отслеживать,no_equality
26461,tracking,слежения за,no_equality
26462,tracking,контроля за,no_equality
26463,tracking,отслеживаем,traçage
26464,tracking,отслеживаем,traque
26465,tracking,отслеживает,traque
26466,tracking,учета,no_equality
26467,tracking,отследить,no_equality
26468,tracking,отслеживал,traque
26469,tracking,отслеживали,no_equality
26470,tracking,прослеживание,no_equality
26471,tracking,трекинг,no_equality
26472,edibles,еда,nourriture
26473,edibles,съестное,no_equality
26474,edibles,съедобное,no_equality
26475,onward,вперёд,no_equality
26476,onward,последующего,ultérieur
26477,onward,последующей,ultérieur
26478,onward,последующей,poursuite
26479,onward,дальнейшего,ultérieur
26480,onward,дальнейшего,poursuite
26481,onward,года,no_equality
26482,onward,далее,no_equality
26483,onward,дальнейшей,ultérieur
26484,onward,дальнейшей,poursuite
26485,onward,последующий период,no_equality
26486,desalinations,опреснение,dessalement
26487,desalinations,опреснение,désalinisation
26488,desalinations,опреснительных,dessalement
26489,desalinations,опреснительных,désalinisation
26490,desalinations,опреснение воды,dessalement
26491,desalinations,обессоливание,no_equality
26492,desalinations,обессоливанию,no_equality
26493,desalinations,опреснительный,no_equality
26494,desalinations,опреснительные,dessalement
26495,desalinations,опреснению воды,no_equality
26496,desalinations,опреснительной,no_equality
26497,desalinations,опреснительная,no_equality
26498,bulletproofed,пуленепробиваемый,no_equality
26499,yielded,дали,no_equality
26500,yielded,дал,no_equality
26501,yielded,дало,a permis
26502,yielded,принесла,no_equality
26503,yielded,привели к,no_equality
26504,yielded,приносит,produit
26505,yielded,приносят,produit
26506,yielded,дает,no_equality
26507,yielded,принес,no_equality
26508,yielded,дают,no_equality
26509,yielded,принесли,no_equality
26510,yielded,достигнуты,no_equality
26511,yielded,были получены,no_equality
26512,yielded,увенчались,no_equality
26513,yielded,привело к,no_equality
26514,littered,изобилует,no_equality
